0 0 0.097161034375 0.010175428125 0.10013741875 0.02066055 0.0912914265625 0.009620565624999999 0.081708575 0 0.08171406875000001 0 0.097161034375
0 0.109587390625 0.05932672812499999 0.102944646875 0.0494417046875 0.090675103125 0.045852778125 0.077176 0.0482577765625 0.08162012656249999 0.058293887499999995 0.0827428796875 0.0633874859375 0.092045328125 0.0708737 0.102884728125 0.0708675109375 0.109587390625 0.05932672812499999
0 0.1961163125 0.139436671875 0.1841541609375 0.1343492640625 0.170808753125 0.13600502187500002 0.17008716562499998 0.1500895078125 0.1814345375 0.158173878125 0.1919665484375 0.15966616875 0.1974396515625 0.1541193109375 0.199283990625 0.14512842343750001 0.1961163125 0.139436671875
0 0.24916449531249998 0.1978403 0.24364450468749999 0.193048875 0.23019880312500002 0.18991011093750002 0.22503309218749998 0.1939584875 0.2264098328125 0.203097365625 0.2309073609375 0.207589715625 0.2360196703125 0.20908509999999997 0.245990303125 0.2080305921875 0.24916449531249998 0.1978403
0 0.331103396875 0.374293925 0.325790503125 0.3632094953125 0.3102998796875 0.3594725765625 0.2996610625 0.36906781093749996 0.309932571875 0.38239686562499997 0.3113093109375 0.3915357453125 0.3227634890625 0.388532590625 0.3292590546875 0.3832848125 0.331103396875 0.374293925
1 0.459375 0 0.1299838203125 0 0.13006268906250001 0.0017800953125 0.10250310468749999 0.0040432921875 0.0940629078125 0.0134874390625 0.0324416640625 0.039143657812499996 0.1015744203125 0.024420781250000002 0.1448851296875 0.0140577375 0.1515812765625 0.0183989984375 0.1320476953125 0.02380405625 0.1266748828125 0.0341454328125 0.1539804796875 0.02783695625 0.149115640625 0.04626889375 0.1520228171875 0.0637974125 0.136418871875 0.0870300625 0.1537473203125 0.0976581359375 0.1772639453125 0.1045369125 0.1969512203125 0.0983826171875 0.2027252 0.1072193234375 0.2113594640625 0.12324626406250001 0.22290090624999997 0.1568017203125 0.203367321875 0.162206778125 0.1902693875 0.183789859375 0.170174428125 0.18664811718750002 0.17016791250000002 0.2025301625 0.1571168640625 0.234451528125 0.1817158671875 0.22020357499999998 0.2063148734375 0.2059556234375 0.2303056109375 0.1788225875 0.244259284375 0.1900519125 0.2986438328125 0.2313740921875 0.3235906 0.24184798437500002 0.3347842765625 0.25068159687499997 0.3466995421875 0.24543072187499998 0.3601986453125 0.2430257234375 0.3538502609375 0.2634063078125 0.32234149375 0.2954880453125 0.30756594375 0.2935486859375 0.2930912671875 0.305992890625 0.249112375 0.3248966578125 0.2894025859375 0.323974665625 0.27671233125 0.3488537890625 0.30300198125 0.32636418749999996 0.3230500515625 0.3131676484375 0.3599251125 0.28662657812500003 0.3746537765625 0.278227653125 0.3748543609375 0.287816696875 0.361963521875 0.3031067765625 0.3773473390625 0.31793121874999997 0.397696284375 0.31911824218749996 0.41150929375 0.2993327171875 0.44239024843749997 0.30201203125 0.43942967031249996 0.2900272765625 0.4537441359375 0.2942143578125 0.459375 0.29623052968749997 0.459375 0
0 0.488233790625 0.2682010390625 0.500550221875 0.28212825 0.5160942484375 0.28032140625 0.5293393640625 0.27387112812500003 0.520036915625 0.2663849109375 0.5089435296875 0.26234582031250003 0.4959055109375 0.262503096875 0.488233790625 0.2682010390625
0 0.5329094921875 0.42025356093750005 0.5449719359375 0.43013548906250004 0.55392010625 0.4287819046875 0.557963065625 0.41963992968749997 0.5479989484375001 0.40481239375 0.5352683203125 0.4034711890625 0.5329094921875 0.42025356093750005
0 0.6382900375 0.509375 0.640041346875 0.5055958078125 0.6338062843750001 0.499006821875 0.621536740625 0.4954178953125 0.6144798 0.498118875 0.6069617734375 0.5030675796875 0.61335053125 0.5089073234375 0.6133091562499999 0.509375 0.6382900375 0.509375
1 1 0.509375 1 0.083453871875 0.8148433421875 0.028585257812499997 0.7845771640625 0.0229089796875 0.7700490859375 0.040896946875 0.750368321875 0.0311691984375 0.729705471875 0.0473627 0.7059752343750001 0.06265897031249999 0.68193760625 0.0794537234375 0.657338603125 0.0937016765625 0.6446014609375 0.1082425171875 0.6231232453125 0.11784393906249999 0.621733475 0.14046915 0.6065437265625 0.1511157953125 0.5862416703125 0.1602670546875 0.5607869296875 0.14170259999999998 0.540845665625 0.1438116171875 0.53684959375 0.163291875 0.5439534234375001 0.1709291765625 0.582653278125 0.18304335 0.570330334375 0.18499818750000002 0.5699161359375 0.1975841921875 0.583869809375 0.208813515625 0.57711374375 0.2258980609375 0.5732713671875 0.24462907500000003 0.5721421 0.2554175234375 0.5712068984374999 0.29167705625 0.5679727890625 0.32329315468750003 0.5715950359375 0.3426192296875 0.5639167984375 0.36419921718750004 0.5646253546875 0.3818788203125 0.5702456375 0.3914647671875 0.5904408906249999 0.3934010328125 0.5881354640625001 0.40463964218750004 0.5919648109375 0.417672715625 0.588229240625 0.42531620625000005 0.57385485625 0.4425549328125 0.5965496015625 0.458723675 0.6174065203125 0.468001259375 0.629836275 0.4549589 0.6458882734375 0.4612426171875 0.6435828484374999 0.4724812265625 0.65180943125 0.485212128125 0.6572226156250001 0.5010910765625 0.6559950890625 0.509375 1 0.509375
1 0.459375 1 0.459375 0.509375 0 0.509375 0 0.9328711578124999 0.0373391375 0.9586689734375 0.0744551546875 0.9679372734375 0.082020071875 0.9733268546874999 0.0916767984375 0.989652871875 0.0834883234375 1 0.459375 1
0 0.479384321875 0.897788865625 0.4867486546875 0.8935894031250001 0.48521821875000004 0.8851997656249999 0.47693823125 0.8780126265625 0.46814375625000004 0.8786169718749999 0.4638468109375 0.883713665625 0.463178628125 0.892254390625 0.469567384375 0.8980941328125001 0.479384321875 0.897788865625
0 0.5446057046874999 0.6960796625000001 0.5318750765625 0.694738459375 0.5268630578125 0.69803759375 0.5259408875 0.7025330375000001 0.5242502421874999 0.7107746859375 0.538411015625 0.7157110062500001 0.5517030187499999 0.7195990109375 0.5576372078125 0.71180443125 0.5540618484375 0.7028166390624999 0.5446057046874999 0.6960796625000001
0 0.5245967234375 0.6139839359375 0.5368128624999999 0.6231166234375001 0.5484207375000001 0.61936423125 0.550826453125 0.612920140625 0.5384566203125 0.60453669375 0.525572296875 0.6039447296875 0.5224515078125 0.6085912609374999 0.5245967234375 0.6139839359375
0 0.5722512656250001 0.60886248125 0.5621803421875 0.60512246875 0.5551234 0.6078234484375 0.553639853125 0.60977209375 0.550158271875 0.621460865625 0.5582845625 0.629397246875 0.5756664140625001 0.634481559375 0.5799633609375 0.629384865625 0.580938934375 0.6193456609375 0.5722512656250001 0.60886248125
0 0.5973673234375 0.8298482374999999 0.6005350015625 0.8355399890624999 0.609122378125 0.8412286468750001 0.6197077906249999 0.8371771750000001 0.6224677875 0.8395728890624999 0.6283016828125 0.8269837890625 0.6188455390625001 0.8202468140625001 0.6049387546875 0.819355771875 0.59685935 0.821757675 0.5973673234375 0.8298482374999999
0 0.623784609375 0.8701375734375001 0.635031690625 0.8734274234375 0.639428928125 0.8731252515625 0.64444094375 0.869826115625 0.6481765140625 0.862182625 0.6438326796875 0.856941034375 0.6315631359375 0.8533521078125 0.6253749625 0.8571014046875 0.6207706265625 0.8636965796875 0.623784609375 0.8701375734375001
0 0.635981203125 0.926916396875 0.6361817875 0.9365054390625 0.63919576875 0.9429464328125 0.6498280703125 0.9492332453125 0.6565776203125 0.948030746875 0.6673167281250001 0.9432300343750001 0.6712593953124999 0.9292935390625001 0.66267201875 0.92360488125 0.6514249375000001 0.92031503125 0.6405855390624999 0.920321221875 0.637772140625 0.923469271875 0.635981203125 0.926916396875
0 0.7156493375 1 0.7139761531250001 0.9957939203125001 0.7062575421874999 0.9911535796875001 0.69439568125 0.9908606921875001 0.6949036546875 0.9989512546875 0.6946885203125 1 0.7156493375 1
1 0.744268984375 0.509375 0.728131790625 0.5146798593749999 0.718208046875 0.5260726484375 0.7008196796874999 0.53687038125 0.68562993125 0.5475170265625 0.6847077609375 0.5520124703125 0.6824023359375 0.5632510796875 0.676568440625 0.5758401796875 0.670941640625 0.5821362765625 0.6613786906250001 0.5864868249999999 0.64593495625 0.593088190625 0.6490492296875 0.6043237046875001 0.6377487453125 0.6065776171875 0.6271633328125 0.6106290875 0.6103962609375 0.6025478125 0.5976656328125001 0.6012066078125 0.5932618796875 0.6173908234375001 0.6061930906249999 0.6283210718750001 0.6190240109375 0.6344567984375 0.6174870609375 0.641949203125 0.6214701015624999 0.6542330359374999 0.61461374375 0.6665230609374999 0.6143532421875 0.6783598234375 0.611687021875 0.6966406765625 0.6094818890625 0.71267380625 0.6082992171875 0.729006015625 0.6053790109375 0.7432415875 0.6028664875 0.7607732015625001 0.5906972375 0.7619787953125 0.5935041203125 0.774712790625 0.61804320625 0.7818906453125 0.6015770093749999 0.7881929328125 0.6002471578125 0.7893923359375 0.6134323546875 0.8043678625 0.6243251562500001 0.7988179109375 0.6321375437500001 0.8241348171875 0.635305221875 0.8298265703125001 0.643632096875 0.8473519921874999 0.6499140484375 0.864279259375 0.6612080171875 0.8779073937499999 0.673584365625 0.8704087953125 0.6824257296875 0.8801427328125 0.678229075 0.8900339484374999 0.6722948875 0.8978285265625001 0.6715733015625001 0.9119130125 0.6834286484375001 0.9280879453124999 0.691755521875 0.9456133671875001 0.6909870453125 0.9493595703125 0.6705781828124999 0.9695983531250001 0.65149916875 0.9886377328125 0.6451603875 1 0.6632791578124999 1 0.6772678171875001 0.9898216609375 0.6924575640625 0.9791750140625 0.7031432671875001 0.979918065625 0.7140295546875001 0.9902501578125001 0.7258998359375 1 1 1 1 0.51131658125 0.9933242468749999 0.509375 0.744268984375 0.509375