0 0.2591843828125 0.234414840625 0.2435293859375 0.22716825312500002 0.2403660125 0.21353980312499998 0.24055954062499998 0.19585101875 0.2297858578125 0.205003478125 0.21797942187500002 0.23285981093750002 0.22475442031249998 0.25278659062500003 0.22465765625 0.261630984375 0.22866025781250002 0.27424434999999997 0.23916143124999997 0.2731791453125 0.24569949531250002 0.26430133906250003 0.24866542187500001 0.2539259671875 0.25947859218749997 0.24957427031249999 0.2591843828125 0.234414840625
0 0.307150471875 0.3160351828125 0.32748150468750004 0.23229177656250002 0.2935254140625 0.3082727 0.2978400109375 0.31759957499999997 0.307150471875 0.3160351828125
1 0.51875 0.44128003437499996 0.517343665625 0.43901197812500004 0.5049093171875 0.43174868593750004 0.503639628125 0.4216479671875 0.463040875 0.43196587500000005 0.46366486875 0.42539289062499996 0.47338409375 0.4116976109375 0.48927210781249997 0.4060561765625 0.4899533765625 0.38583803437499997 0.4764645703125 0.37403192343749997 0.45782585937500003 0.39560663281249997 0.438717196875 0.4012647734375 0.43461783125000003 0.3974958 0.43670504374999997 0.3833347484375 0.4179083765625 0.38570639687499997 0.40990709374999995 0.40217227187500004 0.3862291109375 0.388144875 0.3883953015625 0.3835853515625 0.38320199062500004 0.3704727953125 0.38974005312500004 0.3615949890625 0.37968713125 0.355330071875 0.35210722968749997 0.3615375234375 0.34712915 0.35398286875 0.333407325 0.35506478124999996 0.2994828890625 0.352461253125 0.2861520421875 0.3598582 0.28457035468749997 0.353043975 0.2879272578125 0.34898363906249996 0.2930198890625 0.32924797968749997 0.2834547046875 0.32045370625 0.266824228125 0.3182658328125 0.2476187984375 0.33276836875 0.232179034375 0.3310796828125 0.22169564687499999 0.3136989640625 0.1983118734375 0.314830996875 0.19083782031250002 0.33356828125 0.182933303125 0.3411897625 0.17391705156249998 0.357913584375 0.15186024375 0.3555011765625 0.1322638390625 0.363688675 0.1161605921875 0.363772209375 0.1026717859375 0.35196609843750004 0.08545680624999999 0.36115197499999996 0.07253471875 0.3564180375 0.060043096875 0.36279990156249997 0.0303759828125 0.38316840625 0.01774810625 0.3935939 0.0049049984375000005 0.3984614921875 0 0.40222233437500005 0 0.5296875 0.51875 0.5296875 0.51875 0.47047220312500004 0.5169171171875 0.46958878437499996 0.5116270421875 0.4653206234375 0.49636302031249996 0.464389075 0.47881434062499995 0.4536147546875 0.48504040625 0.44802343906250003 0.5171896265625 0.461501528125 0.51875 0.4606266109375 0.51875 0.44128003437499996
0 0.8344917171875 0.2906707234375 0.8495799953125001 0.29084513749999996 0.8535608921875 0.2802118171875 0.843819965625 0.270660409375 0.8336702765625 0.273239884375 0.825590015625 0.28010423125 0.82037891875 0.2854375984375 0.8344917171875 0.2906707234375
0 0.8228137 0.23109820937499997 0.8181693203125 0.2435037484375 0.8128614578125 0.2576815078125 0.8133314109375 0.2735980734375 0.8226813640625 0.2768344453125 0.8360122109375 0.2694374984375 0.8384509093750001 0.2567907171875 0.83714173125 0.241889234375 0.8343120562499999 0.248220978125 0.8228137 0.23109820937499997
0 0.8711049765624999 0 0.8601327281250001 0.0075331999999999994 0.8568153125 0.0163943 0.867746953125 0.026444896875000002 0.8831472281250001 0.02333281875 0.8855885499999999 0 0.8711049765624999 0
0 0.574391109375 0.40648519531250005 0.564865415625 0.40249168593749995 0.5524705562500001 0.40002915781250004 0.54232086875 0.40260863437500005 0.54310281875 0.4152387078125 0.543533284375 0.42635451093750004 0.54462723125 0.435698090625 0.5533137 0.44070668281250003 0.5597155093749999 0.43587250468749994 0.5606909890625 0.4308137921875 0.571600925 0.417617703125 0.574391109375 0.40648519531250005
1 0.51875 0.5296875 1 0.5296875 1 0.42765532500000003 0.997469115625 0.4232417046875 0.9819898609374998 0.416752253125 0.9735758999999999 0.4036564046875 0.98148041875 0.3960349234375 0.9773020750000001 0.3826644203125 0.9466377781249999 0.38484495 0.9277048562499999 0.391260228125 0.8931169390625 0.3904289203125 0.9091333718750001 0.2973586390625 0.8935612718750001 0.341406190625 0.87722500625 0.354377746875 0.8616094984375 0.3519319234375 0.8512267921875001 0.3673994234375 0.8541571484375 0.39391589531250004 0.8426410046875 0.395239046875 0.8349695046875001 0.3899725078125 0.8426587921875001 0.376793125 0.8352203093749999 0.3586385640625 0.8196442921875 0.3609935078125 0.807130965625 0.344128684375 0.7884132765625 0.3561018625 0.7917523937500001 0.37048745 0.76991081875 0.37363294375 0.7732104484375 0.383217765625 0.7638032203125 0.39362655156250004 0.7533988109375 0.38584736249999996 0.7373745421875 0.3955324265625 0.724570921875 0.40520078281250005 0.712391296875 0.40829615468749997 0.71553296875 0.39867791874999997 0.7068070093750001 0.3888685625 0.681296534375 0.39936088281250004 0.6609576703125 0.399719071875 0.6193261624999999 0.4287408484375 0.596333365625 0.43618791718749994 0.574219284375 0.44742066718749995 0.5448641656250001 0.46450267968750003 0.537078115625 0.4865264546875 0.51875 0.48635282812499997 0.51875 0.5296875
0 0.9493116125000001 0.174093790625 0.95321353125 0.153858940625 0.9417941515624999 0.1463377 0.9258271593749999 0.14237760625 0.9262576234375001 0.1534934078125 0.9288364937499999 0.1784956078125 0.9493116125000001 0.174093790625
0 0.4277522 0.8297650640625001 0.4237318140625 0.8355976187499999 0.42548924374999997 0.8431689796875 0.426192215625 0.8461975234375 0.4369086234375 0.8506902203125 0.44331043281250004 0.8458560421874999 0.4458281109375 0.842810790625 0.4469793328125 0.8385092140625 0.44690035312500004 0.8289076859375001 0.43485698125 0.8279594296875 0.4277522 0.8297650640625001
0 0.440682121875 0.9178842171875001 0.442263809375 0.9246984421875 0.447729628125 0.9297237421875 0.461275709375 0.9278846937499999 0.46781377187500006 0.9190068874999999 0.4755030578125 0.9058275046875 0.47339414218750003 0.8967418703125001 0.4517678 0.9054452640624999 0.4433360515625 0.9107953375000001 0.440682121875 0.9178842171875001
0 0.44111258593749997 0.92900001875 0.425048828125 0.93388431875 0.4215951609375 0.946789046875 0.417087034375 0.9551509578124999 0.407464575 0.9600018421875 0.411212453125 0.96225654375 0.4269247265625 0.9558579734375 0.43522021874999994 0.9545515281250001 0.44519416562499997 0.9512149140624999 0.4455061609375 0.9479284234375001 0.44290950625000003 0.9413721453124999 0.43824342187500004 0.9305309984375001 0.44111258593749997 0.92900001875
0 0.1573638515625 0.725293671875 0.1563093921875 0.72075085625 0.1504920875 0.714211284375 0.13278936562500002 0.7259265171875 0.1357375078125 0.7339970671875 0.14456023125 0.7349620296875 0.152328496875 0.7313841765625 0.1573638515625 0.725293671875
0 0.05804311250000001 0.6446977765625 0.060815509375 0.6520111906249999 0.07568855625000001 0.646627703125 0.0771122875 0.6342388703124999 0.07254296875 0.6145533296875 0.0715457859375 0.5963653546875001 0.0571032046875 0.61286464375 0.054176765625 0.62804078125 0.05804311250000001 0.6446977765625
0 0.03298480625 0.689552584375 0.0268949921875 0.691100271875 0.017136278125 0.6999947843750001 0.013291635937499999 0.7065844765625 0.015400553124999999 0.715670109375 0.0187969453125 0.7164105390625 0.034860703124999996 0.7115262390625 0.0417107640625 0.6993619421874999 0.0376114 0.69559296875 0.03298480625 0.689552584375
0 0.016322673437499997 0.7659491640625 0.024521403125 0.7734871109375 0.0433180703125 0.7711154625 0.0511831 0.758693215625 0.053349290625000004 0.754133690625 0.050713146875000004 0.74277665 0.0471410109375 0.741279084375 0.023796728125 0.7472118796875 0.0142137578125 0.7568635312499999 0.016322673437499997 0.7659491640625
0 0.10788901718749999 0.7899843828125 0.0960213875 0.7897932640625001 0.0886440984375 0.7996861531249999 0.0846632015625 0.8103194734375 0.09128024375 0.8110431968749999 0.10588078281249999 0.8137469656249999 0.1190358875 0.80559288125 0.11604825625 0.7927215656250001 0.10788901718749999 0.7899843828125
0 0.8149687984374999 0.5337879937500001 0.8066733062499999 0.5350944390625 0.7995685234375 0.5369000734375 0.7987687875 0.542715921875 0.7991597625 0.5490309578125 0.8088612 0.553781603125 0.8183079156249999 0.54817358125 0.81941965 0.5390712390625 0.8149687984374999 0.5337879937500001
0 0.9015432265625 0.5296875 0.89164039375 0.5399600125 0.88356013125 0.546824359375 0.8989604078125 0.5437122796875 0.904913965625 0.5462082234375 0.9064561640625 0.5482216828124999 0.9238073968750001 0.5349921796875 0.9293090750000002 0.5296875 0.9015432265625 0.5296875
0 0.82010271875 0.7457620640625 0.8306433828124999 0.7494976250000001 0.8446772015625001 0.745129221875 0.8515667515625001 0.7377656874999999 0.8494973250000001 0.7334808171875 0.8393081484374999 0.7312595296875 0.8294704562499999 0.7305525140625 0.8183452890625 0.738190703125 0.82010271875 0.7457620640625
0 0.8364567703125001 0.7143445875000001 0.8185388171875001 0.7205019171875 0.8021630625 0.7286727078124999 0.7982789296874999 0.7304616359375 0.7836211171875 0.7414030234375 0.782157896875 0.7489910921874999 0.7882871984375 0.7522441687500001 0.8070838671875 0.7498725203125 0.818833028125 0.735661346875 0.8364567703125001 0.7143445875000001
0 0.8476726687499999 0.8413857531250001 0.8484724046875 0.8355699046874999 0.8399221890625 0.826517684375 0.8306117265624999 0.828082078125 0.8199742984375 0.8331909109375001 0.8105275828125 0.83879893125 0.813475725 0.8468694812500001 0.82842775 0.8510875234374999 0.8358840171875 0.8507961609375 0.8476726687499999 0.8413857531250001
0 0.823216653125 0.856420890625 0.8089281109375 0.8504306281249999 0.7947580359374999 0.8588426609375001 0.795227990625 0.8747592265625 0.8059838859375 0.8840526875 0.8159973203125 0.8855168390625 0.83135810625 0.8776039953125 0.827882734375 0.8672620375000001 0.8273160171875 0.8601898640625001 0.823216653125 0.856420890625
0 0.7389151640625 0.6645667375000001 0.740378384375 0.6569786703125 0.7350883078124999 0.6527105078125001 0.72454764375 0.648974946875 0.7169551234375 0.6533099375 0.715667646875 0.6616551421875 0.7153951390625 0.6697424 0.723554378125 0.6724795828125 0.7325133546875 0.6694009171874999 0.7389151640625 0.6645667375000001
0 0.6374104484374999 0.6069762875 0.6461541921875 0.598339721875 0.6462509562500001 0.5894953296875001 0.643127071875 0.58066764375 0.63818848125 0.5779137546875 0.6287022765625 0.5787210109375 0.6172256218750001 0.5848449265625 0.61625014375 0.5899036390625 0.615529384375 0.605321015625 0.629466440625 0.60979700625 0.6374104484374999 0.6069762875
0 0.5609679562500001 0.5462236375 0.552536209375 0.5515737125 0.5519122140625 0.558146696875 0.5533181593750001 0.5642037859375 0.5571055281249999 0.571259253125 0.5726420546875 0.5641035453125001 0.57512024375 0.5562575296875 0.5731870703124999 0.5479290328124999 0.5609679562500001 0.5462236375
1 0.6000878203125 0.5296875 0.593038196875 0.5501001984375 0.577171884375 0.5789883203125 0.560365665625 0.5760433093749999 0.539635825 0.5700864609375 0.51875 0.5680437359375 0.51875 1 0.7538508046875 1 0.758854903125 0.98663361875 0.7661927046875 0.9719399640624999 0.7748574703125 0.95370186875 0.7701124078125 0.9332591921875 0.77255110625 0.9206124125 0.784260778125 0.9016004750000001 0.7859965046875 0.8859251484375001 0.7985276171875 0.8843440484375 0.7998328796875 0.8575529218749999 0.7903249703125 0.8351134921875 0.7811685484374999 0.8141883343749999 0.7716784265625 0.77330298125 0.760900828125 0.740762834375 0.7447363875 0.71279891875 0.7342924890625 0.700218965625 0.7183432796875 0.6778129500000001 0.7023367984375 0.6690520906249999 0.691971878125 0.666073665625 0.6793617875 0.6580532359375 0.6799857796875 0.651480253125 0.6687421453125 0.644716146875 0.64420715 0.65014975625 0.6310698312499999 0.6398579171875001 0.631263359375 0.6221691328125 0.6196682375 0.6138907546875 0.6067066624999999 0.604356053125 0.5988199296875 0.5935316140625 0.6076604375 0.57605065625 0.611483378125 0.5462142765625 0.6144842109375 0.5296875 0.6000878203125 0.5296875
0 0.7026270921875 0.6425189125 0.6930619078125 0.6337246390625 0.6803945421875 0.6393493671874999 0.673856478125 0.6482271734375 0.6794980421875 0.654009609375 0.688984246875 0.653202353125 0.69944593125 0.6473363828125 0.7026270921875 0.6425189125