0 0.0572029015625 0.0360573390625 0.062560590625 0.045088698437500005 0.07243410156249999 0.047224753125000005 0.08293109374999999 0.0476916328125 0.0869749 0.047254432812500004 0.09486878125 0.045600096875 0.09572826718750001 0.040701868749999995 0.09379090625 0.0329024875 0.0866050484375 0.024869665625000002 0.07754875312500001 0.021844373437500002 0.0680204421875 0.025277185937500002 0.0572029015625 0.0360573390625
0 0.0865028875 0.053712537500000004 0.08413578125 0.048362271875 0.0819624125 0.0437919421875 0.0809937328125 0.039892250000000004 0.0766047234375 0.0347605828125 0.072367178125 0.034417843749999996 0.0692920515625 0.0387547328125 0.063487 0.05299737812500001 0.0623915046875 0.061124659375 0.06865095156249999 0.061248800000000006 0.08078237656250001 0.059937203125000005 0.0865028875 0.053712537500000004
1 0.51875 0.55 0.51875 0.12006985625 0.499591184375 0.10355554062500001 0.5026416609375 0.08240275 0.4928526921875 0.0722487140625 0.4730211265625 0.0759945859375 0.45774765312500004 0.06883616249999999 0.41448807812500005 0.0534911 0.40573471093749996 0.0600436640625 0.39555826875 0.0483297515625 0.403730428125 0.039437371875 0.39705885625000004 0.02093745625 0.380538425 0.0171173859375 0.35801920468750004 0.026760023437500002 0.348769171875 0.0229547921875 0.333344234375 0.011007442187499999 0.3153831078125 0.009745782812500001 0.30067322500000004 0.025752065624999997 0.28402597812499997 0.033958965625 0.26567738125 0.031137432812499997 0.2544723671875 0.0403577109375 0.24346108906250002 0.050357925000000005 0.22935003437499998 0.04787913125 0.2236894140625 0.0292699171875 0.197640671875 0.0288826578125 0.1733778265625 0.0315058515625 0.15346171875 0.0432697015625 0.1368990171875 0.043458621875 0.1337393484375 0.0558134921875 0.1228126125 0.057795728125 0.08691500937499999 0.0720883125 0.059147293749999996 0.08149751093749999 0.0323059875 0.09881538906250001 0.0226262125 0.09745927343750001 0.006602446874999999 0.103996996875 0.0105440921875 0.1324026671875 0.00101578125 0.1358354796875 0 0.1365912078125 0 0.232046121875 0.078979546875 0.55 0.51875 0.55
0 0.8188924640625 0.19121386093749998 0.8237957578125 0.1858784328125 0.8230630859375001 0.17874969062499999 0.81583495625 0.17472585937500001 0.801639359375 0.180265046875 0.8003923984375 0.1836034 0.8065673046875 0.19174551875 0.8188924640625 0.19121386093749998
0 0.709847059375 0.13252558125 0.7054580500000001 0.1273939140625 0.6929391546875 0.12714563437499998 0.6821216156250001 0.1379257875 0.6826182796875 0.1482835828125 0.6861900750000001 0.1543044890625 0.7013543531249999 0.15266499375 0.7115484140625 0.143554015625 0.7110094765625 0.137205209375 0.709847059375 0.13252558125
0 0.7011253765625 0.1935348359375 0.6871657875 0.19584496875 0.6856405484375 0.20642136406249997 0.6895575421875 0.21801113593750002 0.699195046875 0.22337624374999998 0.708099878125 0.22161260781249997 0.7154125484375 0.2176184578125 0.7221440109375 0.21128449374999997 0.7204003859375 0.2042650484375 0.71923796875 0.19958542031249998 0.7154724390625 0.192784578125 0.7011253765625 0.1935348359375
1 0.51875 0.55 1 0.55 1 0.4031565578125 0.9917228874999999 0.406386325 0.9732228234375 0.3987758640625 0.959196309375 0.38827908906249997 0.9587419140625 0.373912303125 0.965473378125 0.3675783390625 0.9573188390624999 0.355645828125 0.93959371875 0.35115511875 0.9315730265625 0.364836425 0.9218932515624999 0.363480309375 0.8981024203124999 0.3596453984375 0.8856257968750001 0.355388128125 0.8658787734375 0.35111601875 0.845314534375 0.347733146875 0.8389881640624999 0.334802096875 0.8133691640624999 0.3319657234375 0.79549258125 0.3226860859375 0.7858128046875 0.32132996875000003 0.7655691140625001 0.3067000640625 0.7622755999999999 0.29344111562499997 0.7340957625 0.2844745375 0.71065013125 0.2862084921875 0.682537215625 0.290048825 0.6611134890625 0.29156417968750004 0.647802028125 0.3090210390625 0.6378193234375 0.2980870640625 0.623665996875 0.29961726093749996 0.5994454218749999 0.2982314640625 0.600111171875 0.2925532984375 0.5896987250000001 0.2840684390625 0.569243678125 0.289483484375 0.558147859375 0.30750168125 0.547499403125 0.3022458734375 0.54964811875 0.29000030312499997 0.5362028140625 0.2818433421875 0.52006985625 0.27958314687499997 0.51875 0.2811727453125 0.51875 0.55
0 0.6327906640625 0.26899803125 0.628679934375 0.256628321875 0.616354775 0.25715997968750004 0.6080311515625001 0.2612634296875 0.6105074515625 0.275411615625 0.62014495625 0.2807767234375 0.6327906640625 0.26899803125
0 0.48872436406249997 0.735579946875 0.48231345000000003 0.730666878125 0.47254913125 0.7373287421875 0.475648909375 0.749807753125 0.4770050640625 0.7552673203125 0.491933334375 0.756856875 0.5083023015625 0.75588801875 0.5128181234375 0.7489927140625 0.5149245703124999 0.740756134375 0.4984041375 0.7369360640625 0.48872436406249997 0.735579946875
0 0.39439587343750004 0.698526175 0.3908910046875 0.7053121796874999 0.3962909640625 0.710334546875 0.4031316203125 0.7127985015625 0.4152630421875 0.7114869046875001 0.42055380937500003 0.707711353125 0.420444615625 0.6989134359375 0.41282901718750004 0.6933297281249999 0.4047414 0.6942041265625 0.39439587343750004 0.698526175
0 0.41448454218749997 0.8044736218749999 0.42450951875 0.8113986046875 0.4346190390625 0.8103056078125 0.4481911546875 0.806435596875 0.44986785781250005 0.8006481296875 0.4481242328125 0.7936286875 0.44175559218749993 0.7847066296875 0.42033186718750004 0.7862219859375 0.4121597078125 0.7951143640625 0.41448454218749997 0.8044736218749999
1 0 0.55 0 1 0.28522841250000003 1 0.28971822187499996 0.9917546515625 0.3027514046875 0.9815358374999998 0.3193986484375 0.9733289359375 0.323072603125 0.9505069703124999 0.3318435890625 0.9231295171875 0.3376909140625 0.90487788125 0.33930069375 0.8862835046875001 0.3433198484375 0.86903040625 0.35615929375 0.8580316531250001 0.357769075 0.8394372765625 0.3583679 0.820952203125 0.36864650625 0.8038232437499999 0.35599376562499996 0.7779611453124999 0.348698715625 0.7611304062500001 0.3365849109375 0.7416171109375 0.33053681875 0.7214480203125 0.31732752343750004 0.7100620078125 0.3045902390625 0.692217890625 0.3151717734375 0.6846667875 0.309620346875 0.6748554921875 0.31118785625 0.6602701062499999 0.3057878953125 0.6552477390625 0.2891582703125 0.6426297484375001 0.284230325 0.6311492765625 0.2691505875 0.624770790625 0.253986309375 0.6264102874999999 0.2449722859375 0.6193760046875 0.2689991234375 0.6199818640625 0.288122665625 0.62592315 0.29466039374999997 0.6188092468749999 0.30326229374999997 0.607467753125 0.2977531390625 0.5936474671874999 0.2832546125 0.589608796875 0.27306054999999996 0.5987197734375 0.26241209374999996 0.5934639671874999 0.2430525421875 0.5907517328125 0.230618190625 0.5824854734375 0.22190709375 0.585029046875 0.1951256796875 0.57751304375 0.19043374062500001 0.5628035203125 0.20447787343749999 0.5524754046875 0.2027109078125 0.55 0.1674071296875 0.55 0.1669211890625 0.5517305671875 0.1493052625 0.5560377765625 0.146541884375 0.55 0 0.55
0 0.90522735 0.580965159375 0.902065403125 0.5879025312499999 0.9045725765625001 0.59799585 0.910697546875 0.6029869421875 0.9259312390625001 0.6003977265625 0.9324830593750001 0.58744055625 0.9216006671875 0.582963815625 0.9130969875 0.5782298984375001 0.90522735 0.580965159375
0 0.541103646875 0.71271605 0.542464334375 0.7360781578125 0.5479110328125 0.735489284375 0.5610436703125 0.72935835625 0.558992346875 0.7211001875 0.541103646875 0.71271605
0 0.8166763015624999 0.6866450015625001 0.8272313062500001 0.6996370875 0.8396304390625 0.6954698984375 0.8401857484375 0.6878721296875 0.832415575 0.6811744734375 0.8210276015625 0.679579040625 0.8166763015624999 0.6866450015625001
0 0.635608384375 0.6657059703125 0.6335570609375 0.6574478015625 0.629582878125 0.65128195625 0.6243696078125 0.649961159375 0.6149832296875 0.66134035625 0.616806628125 0.6686809499999999 0.6227036734375 0.6727544703125 0.634597225 0.6714685921875 0.635608384375 0.6657059703125
0 0.6436354890625 0.693104609375 0.6440126046875 0.6798728046875 0.6383434828125 0.676716859375 0.6293342234375 0.674864253125 0.6308799671875 0.68600373125 0.6397897671875 0.697289259375 0.6436354890625 0.693104609375
0 0.6253890421875 0.6884818218750001 0.6198981140625 0.6909599078124999 0.6233169875 0.7047235234375 0.626835321875 0.7090542171875 0.63685574375 0.7051442031249999 0.6440913390625 0.6949397562499999 0.6349038828125 0.6874531171875 0.6322972453125 0.68679271875 0.6253890421875 0.6884818218750001
1 1 1 1 0.7396767421874999 0.9896259265625 0.73390159375 0.9617361750000001 0.7199570171875 0.9382764578125 0.7140134296875 0.915450784375 0.715539028125 0.8880956156250001 0.7184965484375 0.8688380078125 0.71963638125 0.83571425625 0.7288708765624999 0.8232861234375001 0.7132546546875 0.8105306015625 0.7061537765625 0.789578059375 0.710303509375 0.77712919375 0.719187159375 0.7676143546875001 0.7202158609375 0.7630061265625001 0.7065808359375 0.7415480015625 0.7136118781249999 0.7356302265625001 0.734038228125 0.714677684375 0.7381879609374999 0.7137659859375 0.7345176640625001 0.7003764203125 0.7199476046875001 0.6841812984375 0.7235829812500001 0.6855198453125 0.7093050171875 0.69865248125 0.703174090625 0.696829084375 0.695833496875 0.6841232953125 0.684016159375 0.6636266015625 0.6900010390625 0.65264475 0.6949572156249999 0.6529016750000001 0.7156582015625 0.6657359265625 0.73782603125 0.650224578125 0.7442141328125 0.6306395874999999 0.7538693109375 0.61381041875 0.7500355078125001 0.5972381796875 0.766902690625 0.59749510625 0.787603678125 0.5822614140625 0.7901928953125 0.572419184375 0.799736940625 0.5588804296875 0.7993162593750001 0.559792128125 0.8029865562499999 0.554152009375 0.8196140234375001 0.59803326875 1 1 1