0 0 0 0 0.011396503125 0.011563970312500001 0.01038133125 0.018449251562499998 0.00623225 0.018985631250000003 0 0 0
0 0.2839562265625 0.1326400515625 0.2750907546875 0.1378641484375 0.2722566265625 0.14063625156249998 0.2721288734375 0.14851776875 0.274744475 0.15285412812500002 0.2821743921875 0.15334336875000001 0.28424535624999997 0.1530414078125 0.2892412203125 0.1507403953125 0.2939647640625 0.1461202234375 0.2955818640625 0.14195299374999998 0.29269394531250004 0.1352974734375 0.2839562265625 0.1326400515625
0 0.33688684062499996 0.20669642968750002 0.3341972765625 0.21966921093749997 0.3319077875 0.22707963593749997 0.33646659843750004 0.23899555156250002 0.346058253125 0.2399558828125 0.35227114375 0.2390499984375 0.3588841078125 0.2325817578125 0.3605919796875 0.22918758125 0.35873954218750004 0.2223810796875 0.3575594953125 0.21233138281250002 0.35692408593749997 0.20692000625 0.3450799203125 0.2047155296875 0.33688684062499996 0.20669642968750002
0 0.381742025 0.1671320765625 0.388590325 0.17163756562500002 0.3895518484375 0.188795725 0.38847938437499996 0.197601278125 0.398054228125 0.1804794140625 0.40196081718750004 0.16890175937500002 0.402579415625 0.15623093906250002 0.401490140625 0.146954296875 0.3928431953125 0.14506992968750002 0.38811965000000004 0.149690103125 0.3804712046875 0.156309325 0.381742025 0.1671320765625
0 0.4166962578125 0.1329427984375 0.41420840937500003 0.1207249203125 0.4042536640625 0.1166723734375 0.390701628125 0.117862071875 0.38390711875 0.12278420781249999 0.38305318125 0.1244812953125 0.382471565625 0.12849754375 0.3831977484375 0.134681971875 0.396221959375 0.146936146875 0.409501678125 0.1434272890625 0.4166962578125 0.1329427984375
0 0.670681221875 0 0.6630568734375 0.0065983671875 0.6616213203125 0.0123117046875 0.668741940625 0.01913635625 0.67784275 0.024885990625 0.68923305 0.0232252015625 0.6949013046875 0.01768099375 0.6983170484375 0.010892640625 0.6934489390625 0.0053121359375 0.6872780875 0 0.670681221875 0
0 0.9354355328124999 0.290345440625 0.9354725125 0.28169086875 0.92619015625 0.274395128125 0.9169615921875 0.27652700937499997 0.9046265828125 0.279111834375 0.9040987578124999 0.2925557078125 0.9113101499999999 0.30015341093750003 0.925716121875 0.297266625 0.9354355328124999 0.290345440625
0 0.9212682531249999 0.259386996875 0.9034835156250001 0.260407565625 0.8979968093749999 0.2674978796875 0.9043542640625001 0.2767926734375 0.917997075 0.276376028125 0.9335293015625 0.2741113140625 0.9300059718749999 0.26204441875 0.9212682531249999 0.259386996875
1 1 0 0.71875 0 0.71875 0.29712433437499997 0.728903971875 0.298443178125 0.7347167906250001 0.30309964843750004 0.747142571875 0.301287878125 0.7550095421874999 0.2875601921875 0.760677796875 0.2820159859375 0.7749190359375 0.2956652859375 0.801787771875 0.28231215781249996 0.8072005171875001 0.2925309859375 0.8203524828125 0.29690364375 0.846548828125 0.28679370937500004 0.8582652390625001 0.29687970625000004 0.873834446875 0.2859604203125 0.860574896875 0.2627325140625 0.8695311421875 0.25828147343749996 0.87583480625 0.258148640625 0.8911485078125001 0.262992390625 0.9057730062499999 0.252997140625 0.9161278234375001 0.25148733125 0.9277904453125 0.2521457015625 0.9410701609375 0.24863684375 0.9536606765625001 0.230288984375 0.9667218703125 0.23388859062499998 0.9790198968749999 0.2399583359375 0.9869036812499999 0.2443128453125 0.9965894656250001 0.20122727031249998 1 0.1968199359375 1 0
0 0 0.6346420125 0.0053475875 0.6361769515625 0.018590324999999998 0.6413226640625 0.033268615625 0.6407550375 0.031725478125 0.6276131265625 0.033070259375 0.6211267359375 0.02491415625 0.6144530671874999 0.01960899375 0.6230894875 0.005203021875 0.6259762734375001 0 0.6344464171875 0 0.6346420125
0 0.1238833609375 0.614175825 0.1133100171875 0.6227940984375 0.12411869843750001 0.62514955625 0.13785228124999999 0.6255059656249999 0.1454099515625 0.618113690625 0.138470878125 0.612835146875 0.1238833609375 0.614175825
0 0.1289666109375 0.41528983124999996 0.1169946953125 0.42096687031249996 0.11168953125 0.4296032921875 0.1273663234375 0.43753925625 0.1411368875 0.4292410953125 0.1513471390625 0.41753060625 0.140447684375 0.41440209531249994 0.1289666109375 0.41528983124999996
0 0.2091794875 0.5333318796875 0.197026025 0.5374628125 0.20005850937499997 0.5543190109375 0.21424595468750002 0.5585406875000001 0.22207594687499999 0.553467571875 0.2229668625 0.5431159125 0.2091794875 0.5333318796875
0 0.325311471875 0.5895238515625 0.3175184625 0.5859423968749999 0.30509268125 0.587754165625 0.2994244265625 0.5932983734375 0.2940284921875 0.6011617421875 0.301730728125 0.60397014375 0.303855484375 0.6130958062499999 0.31789836562499996 0.60711680625 0.32432978281249997 0.59910245625 0.325311471875 0.5895238515625
0 0.3672182328125 0.6235142734375 0.361096115625 0.6251932124999999 0.356826434375 0.633678653125 0.3616037734375 0.638486103125 0.368761371875 0.636656184375 0.38182256406250004 0.6402557874999999 0.3837489625 0.6297531484375 0.38000710781249997 0.6247947171874999 0.3672182328125 0.6235142734375
0 0.5085043687499999 0.7593852125 0.51538965 0.7552361328125 0.519296240625 0.7436584765625 0.51302955625 0.7351367390625001 0.49749732968749993 0.7374014515624999 0.486070046875 0.7477168125 0.4944076953125 0.7559365890625 0.497023296875 0.7602729500000001 0.5085043687499999 0.7593852125
0 0.469157375 1 0.46405263906250005 0.9907452484375 0.4611647203125 0.9840897265624999 0.4620556359375 0.97373806875 0.448920484375 0.9874476046874999 0.4395641671875 0.997461003125 0.44049452499999997 1 0.469157375 1
0 0.71875 0.66018928125 0.703198478125 0.659445078125 0.6979840890625 0.6688545515625 0.6959669171875 0.6785841375 0.699618 0.6827695171875 0.7156040921875 0.684370071875 0.71875 0.6822199718749999 0.71875 0.66018928125
1 0.71875 0.4 0.1904963515625 0.4 0.1954727875 0.4166007859375 0.20230091875 0.447843040625 0.21163706875 0.46456640625 0.2112538078125 0.4882109578125 0.2173927375 0.5046142125 0.2255488390625 0.511287884375 0.2447691296875 0.5045539781249999 0.2461307234375 0.5161497828125 0.25370520625 0.5268397015625 0.25263274375 0.535645253125 0.24472879375 0.558027509375 0.27066963125 0.563680609375 0.29277784218749997 0.5636022265625 0.3001909484375 0.5460092718749999 0.31694020156249997 0.545139684375 0.31830179375 0.5567354890625 0.32983666093749997 0.5652753765625 0.3397544265625 0.5779824953125 0.3430592296875 0.5971578531249999 0.33299354062500003 0.6190690171875 0.3157164609375 0.6333824781249999 0.3191120375 0.6533308921875 0.3206719859375 0.684554996875 0.358480515625 0.6208568515625 0.371487915625 0.6150288328125 0.39252366250000004 0.6237559984375001 0.43782935624999997 0.6328758734375001 0.47492515625 0.625894453125 0.4835721015625 0.6277788203125001 0.49754102343750006 0.6391089609374999 0.4859120296875 0.6746149796875001 0.47066893125 0.6972810484374999 0.4476328234375 0.7163656625 0.4011067453125 0.7506696234375 0.453317890625 0.72890365 0.4738829625 0.7156833546875 0.48102374843750006 0.695771240625 0.5002810203125 0.6803827640625 0.51467018125 0.6594137828125 0.5270959640624999 0.6576020124999999 0.53192709375 0.6718370874999999 0.5445512328125 0.6896536187500001 0.5619560640625 0.6674586421875001 0.5845752890625 0.6358541875 0.59740114375 0.6284800625 0.6194185796875 0.6276286234375 0.6402189890625001 0.6253820593749999 0.6459040546875 0.6379200453125 0.6607638921875 0.638898528125 0.694171628125 0.6363863000000001 0.7152275453125 0.6183767015624999 0.71875 0.6179842 0.71875 0.4
0 0.7484613999999999 0.99521050625 0.75719911875 0.9978679265625001 0.7678262546875 0.998677278125 0.7801612640625 0.996092453125 0.7825785078124999 0.9808005109375 0.76757410625 0.9696213531249999 0.7580732234374999 0.9694340734375 0.7480814953125 0.974036096875 0.743539496875 0.9802023765625 0.7420131703124999 0.985142659375 0.7416130984375 0.9907050156250001 0.7484613999999999 0.99521050625
0 0.8510312499999999 0.944872059375 0.8609322031250001 0.9394969828124999 0.868889946875 0.9265423515624999 0.8607338468750001 0.91986868125 0.8503252359375001 0.9119508656249999 0.84096891875 0.9219642656249999 0.8452184296875 0.940215590625 0.8510312499999999 0.944872059375
1 1 0.4 0.71875 0.4 0.71875 0.8930059499999998 0.7287939578125 0.9084412234375 0.7485219046875 0.915000209375 0.7661250953125001 0.9124335343750001 0.773992065625 0.8987058484375 0.8011869140625001 0.89709950625 0.826566303125 0.8800320906250001 0.8250937671875 0.8943999984375001 0.8660221953124999 0.893150065625 0.872779725 0.8968825015625 0.8747229359375 0.9044620562500001 0.8877841265624999 0.9080616609375 0.9118187343749999 0.8974806375 0.9202471546875 0.906473465625 0.9186872046874999 0.8752493609374999 0.9244092515624999 0.879132778125 0.9340546984374999 0.8895207359375 0.9326729374999999 0.9046616968750001 0.9467696109375 0.90811031875 0.9616664281249999 0.90043423125 0.966699271875 0.8894786484375 0.9542196984375 0.8818627953124999 0.9590340156250001 0.8780156765625 0.9611049796875001 0.8777137140625001 0.9819961625 0.876240203125 0.983757825 0.8822736515624999 0.9947480546874999 0.8861752171875 0.99781751875 0.8943768453125 1 0.8984971921875001 1 0.4