0 0.168819921875 0.359375 0.16899011875 0.3589643390625 0.1677842921875 0.3461668390625 0.1534104953125 0.34747140625 0.1431236234375 0.359375 0.168819921875 0.359375
1 0.56875 0 0 0 0 0.1358316765625 0.0046335828125 0.13968828125 0.01989925625 0.1532476484375 0.043780628125 0.18266821718749998 0.06259426093750001 0.19879265 0.0709085 0.21145447499999998 0.0832041453125 0.2393791421875 0.1062311140625 0.2381383546875 0.12643253593749998 0.25549545625 0.1279273296875 0.27675814062500004 0.1486121671875 0.2857497875 0.1629609796875 0.294976834375 0.163394425 0.30767461093750004 0.17574004062499998 0.314536046875 0.187978653125 0.30136746875 0.20202600624999997 0.30739514218749997 0.21777509843749998 0.312589053125 0.23725410937500002 0.3087831984375 0.255175865625 0.3100436984375 0.27265168125 0.3038722328125 0.274943840625 0.314703028125 0.2739645125 0.3366997484375 0.300564428125 0.3274924125 0.31137777187500004 0.32888858593750003 0.3296259703125 0.3228168453125 0.3437357890625 0.30251548125 0.3522319875 0.3036124765625 0.365965390625 0.31170658281249997 0.37632030312500003 0.3109365984375 0.390656621875 0.3254294546875 0.406757140625 0.3127595109375 0.4106815140625 0.2869291078125 0.4197931203125 0.289159046875 0.4221352515625 0.27892661093750004 0.42726545156249995 0.26589370625000003 0.4297145875 0.2756912859375 0.43819829375 0.28205408906249996 0.455674109375 0.275882621875 0.4646912046875 0.2528167390625 0.46614145625000003 0.227720371875 0.4638867765625 0.201092153125 0.48396870156249994 0.2036850484375 0.483246290625 0.18252209375 0.5080374640625 0.15411850625 0.5238615125 0.127717571875 0.5444268546875 0.1219450125 0.5608912968750001 0.08614540625 0.56875 0.059845715625 0.56875 0
0 0.03764068125 0.2956517359375 0.0436627609375 0.297482765625 0.05154355468750001 0.29744681875 0.058363 0.288845959375 0.0593173421875 0.27738085625000003 0.056855715625000004 0.272849084375 0.05485251875 0.270483471875 0.049916771875 0.2666857359375 0.0476121203125 0.2611207453125 0.036930765625 0.26922297031250003 0.034117709375 0.282555053125 0.03764068125 0.2956517359375
0 0.9845897140625001 0.359375 0.9857551093750001 0.3549326734375 0.9876263156250001 0.3477998875 0.977271403125 0.34856987031250003 0.9692461281250001 0.344373228125 0.9644423703125 0.350073890625 0.9645716171875 0.359375 0.9845897140625001 0.359375
1 1 0 0.56875 0 0.56875 0.359375 0.950006484375 0.359375 0.9542444312499999 0.3498106578125 0.9658676375 0.3355091375 0.977647815625 0.3201744015625 0.98618149375 0.305473971875 0.9923980265625 0.290474365625 0.9972392625000002 0.26897627968750004 1 0.2615044875 1 0
0 0.39294288125 0.800589615625 0.391373134375 0.8109217765625001 0.3993859140625 0.8203842281250001 0.4109591484375 0.8271459374999999 0.4173201625 0.8163789203124999 0.41392917812499996 0.8127806390625001 0.4100797625 0.8070161953125 0.40159605625 0.80065339375 0.39294288125 0.800589615625
0 0.4300476234375 0.7274226046875001 0.448452796875 0.7203176484375 0.4480193484375 0.707619875 0.43984959218749997 0.6991906421875 0.42656212812499994 0.6985285 0.4240755140625 0.7045283453125 0.42202234843750003 0.7232259609374999 0.4300476234375 0.7274226046875001
0 0.40855292343749994 0.7341286531250001 0.426016246875 0.73322299375 0.42944470937499996 0.7210238546875 0.42545081093750003 0.711026821875 0.41000317500000005 0.7090322859375 0.40737208125 0.7107995390624999 0.40440205 0.7251648375 0.40855292343749994 0.7341286531250001
0 0.40981089375 0.3992831328125 0.4005423140625 0.3980864109375 0.394350765625 0.40255440625 0.391248746875 0.40742130468750004 0.3853586578125 0.4150886734375 0.38995546875 0.43148445625000004 0.404787696875 0.43234605156250006 0.4128379578125 0.426011078125 0.4142632234375 0.4114463265625 0.40981089375 0.3992831328125
0 0.37097236875 0.42165904843749996 0.38038543125 0.42708836093749997 0.38347495781249996 0.4274872671875 0.39168219375 0.42011908125 0.391864153125 0.40855425 0.3795185375 0.4016928109375 0.3747272734375 0.40212766718750004 0.37097236875 0.42165904843749996
1 0 0.359375 0 0.9362452187500001 0.022088834374999998 0.9296917812500001 0.029197246875 0.9295561046875 0.043100117187499995 0.9313511859375 0.0447893625 0.9357832312500001 0.055904165625 0.9403787828125001 0.0676593578125 0.9355756609375 0.07120731875 0.9381407265625 0.0821776375 0.9385036859374999 0.09624997656249999 0.9339997437499999 0.10381681875 0.936030228125 0.10933049375 0.9567583296875 0.12415023124999999 0.962885728125 0.13145309375 0.9459194156249999 0.1211231671875 0.936157784375 0.11047929062499999 0.9284625875 0.11064875781250001 0.9221635625000001 0.1168403046875 0.9176955703124999 0.1299707953125 0.9193909250000001 0.14205243125 0.9072555625 0.159685221875 0.90005088125 0.1609535140625 0.8865193437500001 0.16129245 0.873921296875 0.170912459375 0.8572541640625001 0.1725892125 0.8669520171875 0.18184530000000002 0.8734145453124998 0.1900150578125 0.8818437796874999 0.2062475671875 0.878672234375 0.20936207968749998 0.8685395265625001 0.201531259375 0.8475122453124999 0.2043443125 0.8341801609375 0.21576057343750002 0.8419750875 0.2215186734375 0.8248093203125 0.21845413125 0.813878796875 0.2341087125 0.7937768859375 0.25047321093749997 0.8001037421875001 0.2683254421875 0.76553680625 0.2772925640625 0.7635341515625 0.2911259109375 0.7295017968749999 0.3005514671875 0.729665303125 0.3100145015625 0.7140313859375 0.31959703125 0.7131616734375 0.3257511015625 0.724491103125 0.333970828125 0.7118571078125 0.331257715625 0.6830627312499999 0.3376062375 0.677561521875 0.35289689687500003 0.680589275 0.36373522812500003 0.6714538343750001 0.3454050125 0.64696394375 0.3580895609375 0.641227334375 0.36011774375 0.6330613312500001 0.358139534375 0.620164103125 0.34296836875 0.631900559375 0.3374422015625 0.6164382640625 0.354943003125 0.5997351828124999 0.345435428125 0.5690100484375 0.3510365546875 0.552877496875 0.36137897343750003 0.5573733203125 0.371444921875 0.5481381546875 0.35852137812499996 0.524346353125 0.37196581875 0.523975275 0.379871596875 0.5134077125000001 0.37685702656250003 0.48141395937500003 0.3815287953125 0.46621489843749997 0.37457735937500003 0.4653173578125 0.3574654640625 0.44835916249999996 0.36105090156249997 0.43512680625 0.3646863109375 0.40083122031249996 0.364120875 0.378635046875 0.360044803125 0.359375 0 0.359375
0 0.7078198421875 0.9260708781249999 0.709848025 0.9179048765625 0.7053832015625 0.9110074921875 0.6995305890625 0.9028774375000002 0.6953672234375 0.899179428125 0.685929175 0.90428173125 0.684359425 0.9146138921875 0.6894271625 0.9279100281249999 0.69806784375 0.9332396124999999 0.7078198421875 0.9260708781249999
0 0.7535277859375 0.8740308765624999 0.753395796875 0.8645324796875 0.7478571359374999 0.8543359921875 0.7378036796874999 0.8583053515625 0.7343877109375 0.8652386828124999 0.73343336875 0.8767037890625 0.7362089453125 0.8791691265625001 0.748265596875 0.8775653796875 0.7535277859375 0.8740308765624999
0 0.8455465890625 0.7763496234375 0.8391035578124999 0.7565550109375 0.8272163734374999 0.7518597343750001 0.8183687453124999 0.7686265953125 0.827624834375 0.7750891234374999 0.8367239468750001 0.78258486875 0.850419871875 0.8064763968750001 0.8578422328125 0.8042742890625 0.8455465890625 0.7763496234375
0 0.8232599531249999 0.726065278125 0.8261550281249999 0.743294825 0.8397439484374999 0.7471563390625 0.847794209375 0.7408213671875 0.8487610437499999 0.72409045625 0.8405912875 0.715661221875 0.83009189375 0.7121986140625 0.8232599531249999 0.726065278125
0 0.9137231296875001 0.763029134375 0.9066397046875 0.75263319375 0.9015344890625 0.7551344828125 0.8936287109375 0.765702046875 0.8945205890625001 0.7805659796875 0.904549059375 0.787128234375 0.9097987562500001 0.7888595390625001 0.9201786546875 0.7775579390625 0.9137231296875001 0.763029134375
0 0.8575874875 0.520854175 0.844143046875 0.5212252515625 0.8371666265625001 0.5308593265624999 0.8414494874999999 0.549321540625 0.8536631140625 0.5466845765625 0.87145288125 0.5384466796874999 0.8575874875 0.520854175
0 0.8852541796875 0.452789465625 0.89294051875 0.46958415625 0.9020771109375 0.46128247812499995 0.9101398640625 0.4496817 0.9073892718749998 0.43668474531249996 0.8953451140625 0.433022684375 0.8876088031249999 0.43729122499999995 0.8852541796875 0.452789465625
0 0.88554314375 0.46125465000000004 0.8863405109375 0.4508227609375 0.8840358593750001 0.44525777343749995 0.876312040625 0.44426050625 0.8704219515625 0.45192787343749996 0.8785792156250001 0.465622915625 0.88554314375 0.46125465000000004
0 0.8616367890625 0.44236569687500005 0.86780335 0.44842931875 0.874139378125 0.448193915625 0.8821896390624999 0.4418589453125 0.8836024124999999 0.43255999999999994 0.8738754 0.42919711875 0.866453040625 0.431399225 0.8616367890625 0.44236569687500005
1 0.56875 0.359375 0.56875 0.9755781921875 0.579937975 0.9643404656250001 0.5936214078125001 0.9934978015624999 0.59200711875 0.9574709125 0.6031344140625 0.956800653125 0.6125724625 0.9516983515625 0.620779696875 0.944330165625 0.6243151640625 0.9521610390624999 0.631543071875 0.96678956875 0.6448430296875001 0.9621859 0.656767690625 0.9510837546875 0.6578915000000001 0.933319628125 0.6605600734375 0.9157549546875 0.6505440953125 0.9039268906250001 0.6607545265625 0.8989243140625 0.6720512890625 0.891955034375 0.688779709375 0.8751522250000001 0.698965153125 0.8806812640625001 0.71669245625 0.898772403125 0.7302563921875 0.9131655328124999 0.749697925 0.9251571015625 0.7792054078125 0.9279135046875 0.745766490625 0.8888310328125 0.72509414375 0.8745735765625 0.7150781671875001 0.8627455140624999 0.733194375 0.8471753750000002 0.7485475 0.8238740890624999 0.7591093578125 0.801007659375 0.7611500328125 0.7875758484375 0.7709145234375001 0.7751413078125 0.78084848125 0.7564077421875 0.765871771875 0.7513135578125001 0.768684828125 0.7379814734375 0.7811874171875 0.7438096953125 0.7960071531249999 0.7499370953125 0.8113227984375 0.7424332328125001 0.80764285 0.7303697671875 0.7951402609375 0.7245415484375 0.8066064890625 0.7112732421875 0.827159340625 0.710766490625 0.831203209375 0.69970029375 0.82766774375 0.69186941875 0.8326659546874999 0.66933811875 0.8330173828125 0.6514742640625 0.8197549046875 0.640280509375 0.8074217812500001 0.6281532671875001 0.8138077828125001 0.6068546343750001 0.8255504828125 0.6073173203125 0.836426290625 0.58238445625 0.8390948640625 0.5648197828124999 0.8255184359375001 0.555692459375 0.8289593906249999 0.5382275125 0.82915384375 0.521396875 0.81942683125 0.51803399375 0.8211660484374999 0.5014028078124999 0.8134922015624999 0.47934231250000003 0.8187668859375 0.470542 0.8257682921875 0.4503763125 0.8292092484375001 0.43291136249999995 0.8178054812500001 0.41985063125 0.8181569109375 0.40198677656250004 0.8081534250000001 0.38489290625 0.80199935625 0.3735634765625 0.8017228843750001 0.359832484375 0.800929721875 0.359375 0.56875 0.359375