0 0.168877396875 0.06817829843749999 0.163416153125 0.06801923125 0.1578639 0.068901459375 0.150946515625 0.085403134375 0.152649984375 0.0927603828125 0.163572471875 0.09307851875 0.17444284999999998 0.0850435578125 0.175716975 0.07046540625 0.168877396875 0.06817829843749999
0 0 0.08205051249999999 0.0057424749999999995 0.082217771875 0.0174840421875 0.0731642390625 0.0119185859375 0.05629897968749999 0.0113204265625 0.0541936640625 0 0.048897487499999996 0 0.08205051249999999
0 0.1175172109375 0.5 0.12343682812500001 0.4896534078125 0.124021784375 0.47401123749999996 0.11594698125 0.4769078859375 0.1104857390625 0.47674881718749995 0.10562265625 0.4786950671875 0.10072066875 0.490035709375 0.10347734374999999 0.494291790625 0.115051134375 0.5 0.1175172109375 0.5
0 0.534618309375 0 0.5341119890625 0.0014908609375 0.5355424328125 0.0119719953125 0.54559373125 0.0133087046875 0.5529793671875 0.0093480328125 0.5596758312500001 0.00432334375 0.5622893921875 0.0012676265625000001 0.561971628125 0 0.534618309375 0
0 0.50191840625 0.1550573609375 0.5112805375 0.15533005 0.51875718125 0.1503280828125 0.5194852515624999 0.14199771249999998 0.5183799406249999 0.13674578125 0.512593565625 0.1313575078125 0.504609771875 0.1332128609375 0.5020872203125 0.13522728125 0.5002538390625 0.1383057234375 0.5001239265625 0.14874141093749998 0.50191840625 0.1550573609375
0 0.43819187968750006 0.23984884375 0.436306390625 0.2345741890625 0.4270741734375 0.2238658140625 0.4161516859375 0.223547678125 0.41110658593749994 0.22757651874999998 0.40822 0.23375612656250003 0.40740091874999995 0.24312779375 0.41039171718750006 0.25365437968750004 0.41764743906249996 0.2601293984375 0.4262293921875 0.2603793625 0.431183484375 0.2573918171875 0.43819187968750006 0.23984884375
0 0.48434047968750005 0.3382800953125 0.4865378984375 0.3310364671875 0.48708395156249995 0.32478868906249997 0.486849828125 0.31851818593750003 0.4812454703125 0.3110473171875 0.47101215312499994 0.31179320312500003 0.465420996875 0.3220698234375 0.46244340156249997 0.32929072656249997 0.46579823749999993 0.3356521265625 0.4771368640625 0.340158171875 0.48434047968750005 0.3382800953125
0 0.677136059375 0.40548847656250003 0.67396324375 0.3970444859375 0.6638209359375 0.3967490734375 0.6576316203125 0.4049203765625 0.65924408125 0.4133189203125 0.663743128125 0.4155378578125 0.6709467453125 0.4136597796875 0.677136059375 0.40548847656250003
0 0.7610708125000001 0.465350315625 0.7612917343750001 0.4538733296875 0.757845890625 0.4485532296875 0.7500441140625 0.4483259890625 0.7403179484375 0.4522184875 0.732061128125 0.45719772968749994 0.7276662921874999 0.47168498437500006 0.7323473578125 0.4718213265625 0.7417094875 0.47209401562500003 0.7542833390625 0.471416303125 0.7610708125000001 0.465350315625
0 0.1849502703125 0.8409358609375 0.1809451703125 0.8241160484375 0.170529834375 0.8269445265625001 0.1645225375 0.8330332359374999 0.16733131875 0.845642415625 0.17591327343750002 0.8458923781250001 0.1849502703125 0.8409358609375
0 0.0977656015625 0.8540556703125001 0.11084660312500001 0.8565245703125001 0.1191944328125 0.8505040312500001 0.12830923593750002 0.826758728125 0.12087149687500001 0.8223663015625 0.1076994859375 0.8209386999999999 0.1024723671875 0.8270501343750001 0.09660818593750001 0.84045064375 0.0977656015625 0.8540556703125001
0 0.13122081562500001 0.730800384375 0.1337044625 0.7381803546875 0.1472537109375 0.7531902625 0.15179166093750002 0.74601480625 0.15783786093750002 0.730531703125 0.1531956984375 0.7210009671875 0.14071285625000002 0.720637384375 0.13122081562500001 0.730800384375
0 0.058965856250000004 0.948968709375 0.0646091171875 0.9470451859375 0.06896505 0.9419523234374999 0.0717995296875 0.9274196187499999 0.062619415625 0.9250643406249999 0.057067165625000006 0.92594656875 0.050786840624999996 0.9351591703125 0.053595621875 0.947768346875 0.058965856250000004 0.948968709375
0 0.21480261406249998 0.624664328125 0.227506375 0.6135509265625 0.2317712984375 0.6094993609375 0.22533465625 0.5936526734375 0.2162976578125 0.59860919375 0.20460819843750003 0.616015821875 0.21480261406249998 0.624664328125
0 0 0.604674034375 0.007808226562499999 0.5946244843749999 0.007469890625 0.5716477890625 0 0.57205040625 0 0.604674034375
1 0.35 1 0.8589617265625 1 0.8657381171874998 0.9681930218750001 0.8630303171874999 0.95706059375 0.8728970609375001 0.9389253796875 0.8917895265624999 0.9333347906250001 0.8868022046874999 0.9061697125 0.8778377828124999 0.9034522640624999 0.8708006109374999 0.8786838296875 0.849689921875 0.8780689453124999 0.8771487656249999 0.8481643999999999 0.9281351250000001 0.801750703125 0.8530090703125002 0.84009225 0.840755734375 0.843419871875 0.8419792656249999 0.81889204375 0.834773721875 0.7855214921875 0.8333049859375 0.7707406328124999 0.8402497890625 0.743923103125 0.8215101624999999 0.737236409375 0.8157431203125001 0.75057834375 0.78144570625 0.732384946875 0.79509094375 0.7131316156249999 0.785147365625 0.700560259375 0.7727869609375 0.7051129359375 0.7755862953125 0.6941409109375 0.790837571875 0.6565117593750001 0.7683807515625001 0.6607703593750001 0.7614817140625 0.6765356671875 0.738382478125 0.6881445953125 0.732814040625 0.6781570203125 0.7256084968750001 0.64478646875 0.7067617984375 0.6393248328125 0.6907299703125 0.6437705734375 0.6720361078125 0.6260316578125 0.6839984703124999 0.5944475765625 0.664555125 0.58528404375 0.6531738765625 0.5996906265625 0.6522404875 0.5787844953125 0.6337762984374999 0.5794748656250001 0.6235883484375 0.60128524375 0.6005806453125 0.59078971875 0.5778483859375 0.5876712578125 0.553050740625 0.5660700390625 0.536866075 0.5827930593749999 0.5167190109375 0.571152684375 0.5011767609375 0.5805253765625 0.4919982 0.5802580359375 0.47154546249999996 0.5931722203125 0.445906796875 0.6022508390625 0.43350062500000003 0.6178557390625 0.41206872812499995 0.6209160203125 0.3731060328125 0.6455728046875 0.35 0.6670369890625001 0.35 1
0 1 0.8579894781250001 0.9762314437499999 0.86210390625 0.9668542796875 0.8851660734374999 0.97786855 0.8854868828125 0.995353584375 0.8749426031249999 1 0.871796040625 1 0.8579894781250001
0 0.9771950687500001 0.8510784156250001 0.9621881640625001 0.8543258312500001 0.9538816921875 0.8651374515625001 0.9581039984374999 0.8799985140625001 0.9725142531250001 0.873049196875 0.9800099375 0.8609857875 0.9771950687500001 0.8510784156250001
0 0.9418580296875 0.8868943609375 0.94045059375 0.8819406734375 0.9336430937500001 0.8756015296874999 0.9263002453125001 0.87538765625 0.911889990625 0.8823369703124999 0.9132516578125 0.8983428859375 0.9167089421875 0.90089993125 0.9299872015624999 0.896373990625 0.9384620453124999 0.8941644859375 0.9418580296875 0.8868943609375
0 0.802649725 0.5 0.8056286734375 0.5083336125 0.817882009375 0.505005990625 0.819074871875 0.5 0.802649725 0.5
0 0.522286321875 0.5 0.51801854375 0.5036410078125 0.51485223125 0.529340421875 0.5299204375000001 0.5359201734375001 0.5442236250000001 0.5301959125 0.545447153125 0.505668084375 0.5389070890625 0.5 0.522286321875 0.5
0 0.61238270625 0.5 0.6091004250000001 0.5038375734375 0.6114870171875 0.5186451640625 0.61381230625 0.5236255859375001 0.62606564375 0.5202979640625001 0.6339896046875 0.5033343390625 0.628569215625 0.5 0.61238270625 0.5
0 0.7135227000000001 0.5830257859375 0.7110903390625 0.57927041875 0.7011009921875 0.577751290625 0.6930086609374999 0.5861128 0.689995184375 0.5995349328125 0.6938349796875001 0.6082439859375001 0.7051704593749999 0.6048896312500001 0.71266614375 0.5928262249999999 0.7135227000000001 0.5830257859375
0 0.7346489203125 0.60452006875 0.7196420171875 0.6077674859375 0.71193219375 0.6222810046875 0.7106473609374999 0.6369816609375001 0.7233902765625 0.6385809921875 0.7357964499999999 0.622976090625 0.7392995015625 0.6144809109375 0.7346489203125 0.60452006875