0 0.1039674125 0.050925771875000005 0.107418125 0.05356705625 0.1180299421875 0.054377023437500005 0.12821084375 0.0513187796875 0.1295920328125 0.044827445312500006 0.1269180984375 0.0397141375 0.12303646875 0.033204640625 0.10957722031249999 0.0351688890625 0.11242464999999999 0.0323946734375 0.103709990625 0.0391700359375 0.1029332140625 0.041642059375 0.1013796578125 0.0465861078125 0.1039674125 0.050925771875000005
0 0 0.350797253125 0.007906690625 0.350342884375 0.014895428124999999 0.346964284375 0.0175716234375 0.333207975 0.007219484375 0.325284125 0 0.3249950734375 0 0.350797253125
0 0.056246031249999995 0.14201582031249999 0.059955295312500004 0.1469780328125 0.073845459375 0.14888200000000001 0.0798850546875 0.1464281375 0.081784471875 0.1351438515625 0.0756598203125 0.1273892609375 0.07220910781249999 0.1247479796875 0.065048003125 0.12657929375000002 0.058403996874999996 0.1330524640625 0.056246031249999995 0.14201582031249999
0 0.0388144546875 0.1744361640625 0.04166075625 0.1810967578125 0.051323431249999996 0.182831465625 0.061504334375000004 0.17977321875000002 0.0697880765625 0.16912964218749998 0.064008159375 0.1644696234375 0.058659159375000006 0.16367781718750002 0.0482197078125 0.16441513593749998 0.0384697234375 0.1713415921875 0.0388144546875 0.1744361640625
1 0.1385782671875 0 0.1451253234375 0.014256579687500001 0.15979000625 0.032558139062500005 0.1497814703125 0.037163668750000003 0.148486465625 0.0444286453125 0.14192864375 0.051675459374999996 0.1278649828125 0.057659017187499995 0.127345625 0.0718867765625 0.14132197500000002 0.0745643875 0.144857740625 0.0874141203125 0.1391617484375 0.1023973609375 0.1276007890625 0.10251213125 0.11975021875 0.0981543046875 0.11112174062499999 0.10570330937500001 0.0944714578125 0.09791239375 0.084721471875 0.104838853125 0.0914494015625 0.1180089421875 0.0962801765625 0.1235937 0.0967961453125 0.1376703640625 0.09351666875 0.146011175 0.0892880484375 0.155276725 0.082557859375 0.160976253125 0.07651713593750001 0.17286492343749998 0.0731514765625 0.1804320921875 0.0583110390625 0.188887671875 0.0399325765625 0.2033631375 0.051320042187500005 0.211135890625 0.0546823140625 0.2318731484375 0.05735399375 0.255856071875 0.0575241 0.27627297500000003 0.0558821046875 0.2993129984375 0.063817728125 0.3138792765625 0.059243246875 0.3294850640625 0.0348251875 0.3464143890625 0.029733609374999997 0.3573783203125 0.0425873171875 0.368868190625 0.070110225 0.3609203859375 0.08097946406249999 0.373486090625 0.0949546828125 0.385598509375 0.1105685109375 0.40297532968749994 0.112550721875 0.42076911250000004 0.1271292234375 0.43829702968750006 0.1414480453125 0.46293882656249996 0.161893775 0.4764655953125 0.18104675625 0.47838772656249995 0.199595328125 0.4843291640625 0.20019748124999998 0.49917947187499995 0.201834959375 0.5138786843750001 0.21779464843750002 0.524915265625 0.2347919234375 0.5169311359375001 0.242398575 0.5296875 0.29905611875 0.5296875 0.61875 0.4852619546875 0.61875 0 0.1747959421875 0 0.1721311328125 0.0016669171874999999 0.169243965625 0 0.1385782671875 0
0 0.6987411546875 0.1544597859375 0.6872719125 0.1515087859375 0.6800651140625 0.1534855140625 0.6769179796875 0.1585696328125 0.6767138671875 0.167849071875 0.67762639375 0.17604058281249998 0.6875734328124999 0.17643884062499998 0.6984343234375 0.1739288328125 0.7001606421875 0.1672021375 0.7015827859375 0.1577449390625 0.6987411546875 0.1544597859375
0 0.8202295109375001 0.2227514859375 0.807033946875 0.2265271796875 0.798303615625 0.23705093906250002 0.800434171875 0.24506469062499997 0.8115992421874999 0.2452851875 0.8186032546875 0.2414881234375 0.8233753171875 0.22876714062499998 0.8202295109375001 0.2227514859375
0 1 0.147691909375 0.9937035984375001 0.1465615375 0.989845390625 0.15637425625 0.9886260296875001 0.1676517890625 0.9931926515624999 0.175310021875 1 0.1731461359375 1 0.147691909375
0 1 0.17297384843750002 0.996542571875 0.1720462375 0.9883205265624999 0.1760210625 0.98842191875 0.176931228125 0.987609453125 0.1807496609375 0.9861873093749999 0.19020685937499998 0.9971495921875 0.1886070203125 1 0.18517106875 1 0.17297384843750002
1 0.61875 0.5296875 1 0.5296875 1 0.2390043015625 0.9778585609375 0.2376706140625 0.9874026859375 0.21222865 0.9890276124999999 0.2045917859375 0.9777624812500001 0.192361346875 0.962841925 0.19176396406250001 0.9308689296875 0.19365521875 0.93533283125 0.21150305781249998 0.9464965703124999 0.22282332968750002 0.966187859375 0.2217995046875 0.9556298140624999 0.23813979062500001 0.9379676921875 0.2462671984375 0.9372566203125 0.250995796875 0.918580578125 0.250021525 0.9075182328124999 0.2396114203125 0.8968614500000001 0.23284199062500002 0.880722865625 0.23242236562500002 0.8739203078125 0.24913954062500002 0.8709759578125 0.2560439953125 0.8636677671874999 0.2571105546875 0.8553456562499999 0.24907543593749998 0.8346391203125 0.2520973546875 0.8288518093749999 0.2668164328125 0.7984010203125 0.27126043125 0.7752584203125 0.2746378703125 0.757393515625 0.2809449421875 0.7376008328125 0.281058596875 0.721766425 0.283369475 0.714152728125 0.292805309375 0.6959836484374999 0.296381875 0.6839033953125 0.31016941875000004 0.659642828125 0.325734559375 0.64928889375 0.3327954078125 0.6289879265625 0.339457996875 0.61875 0.347913896875 0.61875 0.5296875
0 0.2301611953125 0.594898109375 0.23456218125 0.5871798453125 0.233269434375 0.5755752046875 0.2330120140625 0.5638194671875001 0.23249604375000002 0.549742803125 0.21480930625 0.5515377906250001 0.20799293125 0.5564636765625 0.20341957968750002 0.56263465625 0.2041090453125 0.5688237968750001 0.20945691718749998 0.5790504109375 0.2201537890625 0.59006883125 0.2301611953125 0.594898109375
0 0.3365164703125 0.7845800875 0.3267676140625 0.7820717359375 0.31762203906250003 0.7849788859375 0.313651965625 0.796565365625 0.3217610859375 0.8032441203125 0.329008375 0.8021864484375 0.3368600734375 0.7971094671875 0.33832744375 0.7913917749999999 0.3365164703125 0.7845800875
0 0.5605712078125 0.8124204234375 0.5575525390625 0.8042125468750001 0.552377034375 0.7955332171875 0.5447850140625 0.79349631875 0.534431746875 0.795007278125 0.5245093953125 0.8003864515625001 0.529857265625 0.8106130671875 0.534515671875 0.8146505390625001 0.538915528125 0.8163670828124999 0.5513394500000001 0.8145539312500001 0.5605712078125 0.8124204234375
0 0.179470725 1 0.18455939062499999 0.9978082953125 0.18973715468750002 0.9876180078125 0.1859417078125 0.981882153125 0.1736912828125 0.97580778125 0.16221650468749998 0.9766961953125 0.1567801921875 0.9845655546875001 0.154708409375 0.9943025546875 0.15680379687499998 1 0.179470725 1
0 0.22787526875 0.9521757453124999 0.233742496875 0.9481745968750002 0.22787752656250002 0.933306128125 0.21588565 0.9295526828125 0.20742954062500002 0.9386489749999999 0.2085499203125 0.9487063296875 0.2176081828125 0.9544603468750001 0.22787526875 0.9521757453124999
0 0.61875 0.8814512328124999 0.620748996875 0.8811594984375001 0.631275759375 0.871761015625 0.623598684375 0.8595156656249999 0.61875 0.8563807703125 0.61875 0.8814512328124999
0 0.7600010203125 0.8561196875 0.75301228125 0.8594982874999999 0.7445561703125 0.868594578125 0.7507670046875 0.8771228109375 0.7675045984375 0.8762525609375 0.771042625 0.870232678125 0.7700084265625 0.860948965625 0.7675930421875 0.8581565859375001 0.7600010203125 0.8561196875
0 1 0.640711625 0.996595221875 0.637615490625 0.9853789921875 0.6408248328124999 0.9846010859375 0.6527316640625 0.9996978140625 0.665466628125 1 0.6653438515625 1 0.640711625