0 0.027110574999999998 0.2913720296875 0.029901125 0.3014772234375 0.0384984265625 0.3051885703125 0.052465906250000006 0.29625765625 0.044254296875 0.28314945156250004 0.0255788734375 0.284366803125 0.027110574999999998 0.2913720296875
0 0.0911994875 0.23902814062500002 0.0991382375 0.2482310890625 0.11337857968750001 0.2432054328125 0.1168859359375 0.2337358578125 0.1100423125 0.22528972343749998 0.087259240625 0.2273850828125 0.0911994875 0.23902814062500002
0 0.0475293453125 0.10626818593750001 0.0551406640625 0.1107848234375 0.0672453234375 0.1050265953125 0.06516789843750001 0.0902108515625 0.054544057812500005 0.087329034375 0.041235128125 0.090768346875 0.035210084375 0.0940379875 0.0377823453125 0.10101897343749999 0.0475293453125 0.10626818593750001
0 0.216164203125 0.28227423749999997 0.20504552656250002 0.28722717656249996 0.20564581875000001 0.29581874531249996 0.21040833281250002 0.304313359375 0.22289499531249998 0.30402249062500003 0.2320417046875 0.3006801328125 0.23335880625 0.2896969328125 0.216164203125 0.28227423749999997
0 0.402579084375 0.4890625 0.40768390312499997 0.4874754765625 0.4145857859375 0.4818384421875 0.41699801406250003 0.47161205468749995 0.40599216875 0.463262875 0.3896707171875 0.4683370078125 0.38912131250000004 0.47539071093749996 0.39054386874999997 0.48083383281250003 0.39859377500000004 0.4890625 0.402579084375 0.4890625
0 0.2753519625 0.3387874015625 0.28679806874999997 0.33852077343750003 0.2874020484375 0.3322481203125 0.286965471875 0.32599970625 0.27721847187500004 0.3207504953125 0.2668129171875 0.320992884375 0.26314184687500003 0.32811930624999996 0.2656595328125 0.3343192421875 0.2753519625 0.3387874015625
1 0.56875 0 0.078610225 0 0.0774001359375 0.011693621875 0.08961025156249999 0.022361717187499998 0.094645625 0.0347615890625 0.1014309890625 0.05729089375 0.08719064843749999 0.062316548437499994 0.088940640625 0.07244598125 0.09446716250000001 0.0918753171875 0.10525103281249999 0.1119645109375 0.11346264375 0.12507271874999998 0.1063387875 0.142449765625 0.12167056875 0.1530451453125 0.126978803125 0.169350275 0.1068225625 0.1792076734375 0.094113925 0.1912385546875 0.047936428125 0.23143036718749999 0.101888959375 0.19809834843750002 0.117224428125 0.1938295046875 0.1359035375 0.1777479328125 0.15101703125 0.1852191046875 0.1374861265625 0.20039843125 0.160542059375 0.2022083296875 0.1666179875 0.21458396249999998 0.1686954109375 0.22939970625 0.158726434375 0.23589050781249998 0.163925525 0.2506335359375 0.1847912015625 0.250929809375 0.20302636093749998 0.2583282640625 0.21354474531249998 0.2447837578125 0.22553657343750003 0.252327646875 0.23878724375 0.262971503125 0.2506662421875 0.283817509375 0.24940371093749997 0.2955817625 0.23384626874999997 0.31159061875 0.22962578749999998 0.32577074375000004 0.2137372265625 0.3519575109375 0.219758584375 0.363552090625 0.22145400468749998 0.37290047187500003 0.2320232734375 0.3750012390625 0.2555777265625 0.35411216093750003 0.257116803125 0.331388946875 0.27136083125 0.31149906875 0.27771330625 0.312915740625 0.2928268 0.3203869125 0.31226623125 0.330104284375 0.333677628125 0.33821107499999997 0.3746412890625 0.34273311875 0.38531970000000004 0.3463959890625 0.3967112359375 0.345348309375 0.4014774375 0.3389787 0.4116647015625 0.335612103125 0.4113335828125 0.3457900140625 0.3838823953125 0.40040974843750005 0.37484483125 0.405314209375 0.3696383671875 0.420299625 0.3466333203125 0.43413499843750003 0.343235109375 0.445166678125 0.3665675859375 0.43601761406249995 0.36306022968749996 0.44548719062500003 0.37280723125000004 0.4507364015625 0.37724968593749997 0.4248162625 0.3903949 0.41903379531249996 0.3917120015625 0.40805059374999997 0.416692703125 0.3777404171875 0.4243622796875 0.3681738875 0.4312095921875 0.36175579999999996 0.43953403281250003 0.3615618890625 0.43821693125000005 0.37254509062499996 0.4241948765625 0.3806949515625 0.425177171875 0.39475388125 0.4482876765625 0.3973448328125 0.46482741718750004 0.39539490625 0.47616806875 0.3787019546875 0.500595675 0.3703097046875 0.48400504843750003 0.3566143578125 0.49934051718749994 0.352345515625 0.5091420921875 0.358375778125 0.5233824328125001 0.3533501234375 0.5495600296875 0.35508730625 0.5479700671875001 0.36216525 0.5519648859374999 0.374589359375 0.5674094984375 0.371882621875 0.56875 0.3720508703125 0.56875 0
0 0.59378399375 0.46665164687500005 0.5996437593749999 0.48032084687500004 0.613494984375 0.48552047343750004 0.61884546875 0.474351278125 0.6229075671875 0.462291715625 0.6126004890625 0.4551687734375 0.6030638359375 0.45907244062499997 0.59378399375 0.46665164687500005
0 0.56875 0.41762242968749996 0.5695059578125 0.4175166703125 0.577497415625 0.4090470984375 0.575631209375 0.39988677031250003 0.580724884375 0.3850420390625 0.5713166375000001 0.3907834765625 0.56875 0.3900344375 0.56875 0.41762242968749996
0 0.6069385203125 0.16354024218750002 0.6127384218749999 0.1588032375 0.616479509375 0.1421492546875 0.6138385375000001 0.139449634375 0.5979241640625 0.139820346875 0.5808498078125 0.1411384609375 0.576530896875 0.149522484375 0.582390665625 0.16319168281250002 0.5923767343749999 0.16572020625 0.6009460140625 0.165520590625 0.6069385203125 0.16354024218750002
1 1 0.4890625 1 0 0.7662190546875001 0 0.7647687140625 0.0006379921875 0.7422111328125001 0.0287748515625 0.728804990625 0.047494734375 0.7141746625 0.06624313125 0.7108187890625001 0.088410421875 0.6994115937500001 0.10064108281249999 0.6789171625 0.12320760156249999 0.6713751218749999 0.138109365625 0.65532800625 0.154129628125 0.6423114140624999 0.1608754984375 0.6451406562499999 0.1838190890625 0.6635675984375 0.1843102296875 0.6741956921875 0.1960275953125 0.665686278125 0.2146334125 0.662201996875 0.23496293281249997 0.6774014734375 0.2594591296875 0.664384878125 0.26620500156250004 0.6614827609375 0.2773171625 0.663413171875 0.28739637500000004 0.6684981703124999 0.3075262796875 0.6882733625 0.327313990625 0.6912353484375 0.33460803281249996 0.6935509718749999 0.35020055 0.691873034375 0.3612841953125 0.68020903125 0.369839315625 0.6895444 0.3981536328125 0.722854140625 0.401059228125 0.7462420171875 0.40235518593749997 0.7579016843749999 0.4112873828125 0.743339896875 0.4134673484375 0.7370220390625 0.4283405953125 0.7437849765625 0.43738685625 0.75950674375 0.434259490625 0.7834082390624999 0.4429065234375 0.801257359375 0.43512770312500004 0.8178779609374999 0.4448647171875 0.854406496875 0.45873989374999996 0.8886792734375 0.4754287546875 0.9198616609375 0.48298580312499995 0.9212142468750001 0.48479505781250004 0.9215124124999999 0.4890625 1 0.4890625
0 0.681061865625 0.048606871875 0.687379721875 0.033733625 0.668053946875 0.020378103124999998 0.6442123171875 0.030137275 0.64047556875 0.029303940625000004 0.6398292046874999 0.037602415625 0.647880528125 0.0475390453125 0.66050756875 0.0527671875 0.681061865625 0.048606871875
0 0.24771722031249999 0.7116185765624999 0.23911623125 0.72277145 0.2406479359375 0.7297766765625 0.243987890625 0.7328281656250001 0.2555977125 0.73490469375 0.264253275 0.724532871875 0.26387126875 0.7190655093749999 0.24771722031249999 0.7116185765624999
0 0.359540409375 0.7457829203124999 0.3547778953125 0.7372883078125 0.3378561515625 0.733770871875 0.32936430625 0.7464858484375 0.3360987875 0.7533698796875 0.339547884375 0.757983475 0.350171725 0.7608652921875001 0.35833245156250004 0.7583282265625 0.359540409375 0.7457829203124999
0 0.4806489421875 0.65925324375 0.48004864999999997 0.650661675 0.46225006718749995 0.6495116328125 0.45529361249999994 0.654367615625 0.4558939046875 0.662959184375 0.461424115625 0.6675242984375 0.468708 0.667354628125 0.47588274375 0.665622853125 0.4806489421875 0.65925324375
0 0.24747579531250002 1 0.247647175 0.9940387749999999 0.22415466875 0.9859804624999999 0.20148425468750003 1 0.24747579531250002 1
0 0.1614565921875 0.7300567296875 0.1587715015625 0.7363778609375 0.1539507296875 0.7419664171875 0.15548243281250002 0.7489716421875 0.160135803125 0.755904153125 0.1741032828125 0.7469732406249999 0.17826919218749998 0.7320120625 0.1776689 0.7234204953125 0.166059075 0.7213439671874999 0.1614565921875 0.7300567296875
0 0.8252728078124999 0.88073598125 0.80939161875 0.8771943046875 0.7969012703125 0.89234939375 0.7998009609375 0.904016690625 0.8113562109375 0.9053121671875001 0.8247234015625 0.8877896843749999 0.8252728078124999 0.88073598125
0 0.922753884375 0.888635434375 0.909008378125 0.8858263328125 0.8978897015625 0.8907792718749998 0.8985445671875001 0.9001518921875 0.8996360078125001 0.9157729265625001 0.9062067718750001 0.9203138015625001 0.9167760406250001 0.9224145671875 0.9276764265624999 0.9143374234374999 0.9275709703124999 0.8979110984374999 0.922753884375 0.888635434375
0 0.8896744046875 0.8925352859375 0.898107990625 0.8939034781250002 0.9111440609375 0.88655890625 0.91076205625 0.8810915453125 0.9042458640625 0.8773317203125 0.8907186453125 0.8776468265625 0.8870475734374998 0.8847732468749999 0.8896744046875 0.8925352859375
1 1 0.4890625 0.603938703125 0.4890625 0.607124915625 0.5032616640625001 0.6123240046875 0.518004690625 0.62026275625 0.5272076390625 0.6216853171875 0.5326507625 0.6230496171875 0.5521770546875 0.6165843109375 0.5640625015625 0.6208519890625 0.5803918703125001 0.6213977078124999 0.5882023859375 0.6303224421875 0.59660004375 0.635852653125 0.6011651609374999 0.6274699515625 0.6154422390625001 0.606436871875 0.6276670328125 0.6127310890625 0.643166871875 0.6321742078125 0.638020021875 0.6323961796875001 0.6262800093750001 0.6432965687500001 0.6182028640625 0.6522213031249999 0.626600521875 0.6512316328125001 0.64227003125 0.6673311109375 0.6489359140625 0.6668908484375 0.6575517203125 0.6851805796875 0.6657312296875 0.6931230171875 0.6600699546875 0.7143161265625 0.6650525390625 0.717597821875 0.6821871984375 0.702371496875 0.68801814375 0.7012181109375 0.7013445 0.716004171875 0.7041293625 0.7484833609375 0.6916379421875 0.7384052406249999 0.696566640625 0.7457400140624999 0.7120422421875 0.768195653125 0.705260571875 0.7836365781250001 0.7174180546875 0.781002375 0.73938445625 0.7998415140625 0.7405102609374999 0.8491804999999999 0.7604836671874999 0.870482753125 0.767028353125 0.8780395015625 0.7707639390625 0.8865239718750001 0.787777403125 0.87704614375 0.801297671875 0.8937496015624999 0.8016909015625 0.922117453125 0.804941709375 0.929506796875 0.8211983609375 0.9482367937499999 0.8207620609375 0.958755175 0.8072175546875 0.9810434125 0.8129569515625 0.9871267156249999 0.795604140625 1 0.8000198875000001 1 0.4890625