0 0 0.26732011093749997 0.0079055953125 0.2683628921875 0.0018503609375 0.26325834375 0.008014228125 0.26282130000000004 0.033063410937499996 0.26341688125 0.031882251562500005 0.25638563125 0.013368046875000001 0.2513739171875 0 0.24855044375 0 0.26732011093749997
0 0.1030926078125 0.2347348703125 0.09959434843750001 0.2262868015625 0.09443518437500001 0.22032816249999998 0.08442455625 0.222619065625 0.077627096875 0.2254727 0.07546384375000001 0.23115997031250002 0.0771473546875 0.23499338125000002 0.079726934375 0.23797269999999998 0.089366453125 0.2396608859375 0.0974537 0.23829691249999999 0.1030926078125 0.2347348703125
0 0.158874515625 0.42446579062499995 0.1566660453125 0.41750738125 0.1505021796875 0.41794442343749993 0.14022906875000002 0.41867282812499995 0.1324043015625 0.4215993 0.12871138437500002 0.43055725312500004 0.1347666171875 0.4356618 0.1444061359375 0.4373499859375 0.1581548984375 0.4387468109375 0.158874515625 0.42446579062499995
0 0.1818596828125 0.5303515875 0.1974005875 0.53004023125 0.20778232968750002 0.5237702359374999 0.2012021375 0.5155406890625 0.18987910937500002 0.51001909375 0.1736820046875 0.5064241984375 0.1770264171875 0.507768178125 0.168305578125 0.5115487421875 0.1665360421875 0.5195797640625 0.172984996875 0.5270280625 0.1818596828125 0.5303515875
0 0.21741802500000001 0.3088465078125 0.2138111328125 0.305940028125 0.20699106718750002 0.3024708203125 0.20185451250000003 0.302835025 0.197111678125 0.305542975 0.1944234640625 0.30810524687499996 0.1930250421875 0.312157178125 0.19381247968749998 0.316844678125 0.1876712203125 0.3236045609375 0.19512487812499998 0.324657178125 0.204764396875 0.3263453640625 0.214775025 0.324054459375 0.2175944796875 0.3222734390625 0.218599184375 0.3158777578125 0.21741802500000001 0.3088465078125
0 0.2770340609375 0.205800065625 0.262389228125 0.20525733281249997 0.2550894171875 0.21130880468750002 0.2555057453125 0.219975396875 0.2674849734375 0.2294032421875 0.27673077031250004 0.22874767812500002 0.281604846875 0.226820975 0.28234707187499997 0.21886279375 0.2805097140625 0.2079252953125 0.2770340609375 0.205800065625
0 0.24482512031249998 0.2863487953125 0.2410643796875 0.27633822656249996 0.23245217343750002 0.2745771984375 0.224364925 0.2759411734375 0.22207043125 0.28084719375 0.21901110468749999 0.28738855625 0.22417026875 0.29334719374999996 0.23072785312500002 0.29525389999999996 0.23483709687499998 0.29496253906250003 0.24484772656249998 0.292671634375 0.24548131875 0.29025504375 0.24482512031249998 0.2863487953125
0 0.31617610625000003 0.160334746875 0.3096411265625 0.164750878125 0.31095352656249997 0.1725633796875 0.312528403125 0.18193837968749998 0.3233264734375 0.1843349765625 0.33062628125 0.1782835015625 0.334844159375 0.17245055 0.33326928125 0.16307555 0.322339971875 0.159897703125 0.31617610625000003 0.160334746875
0 0.364491721875 0.058089548437500006 0.35524592187500004 0.058745114062500006 0.3472899140625 0.0608903359375 0.3467875625 0.06408817812499999 0.34783748124999997 0.070338178125 0.3528654046875 0.075515565625 0.3640571921875 0.0802559125 0.37330298906250003 0.079600346875 0.3788106578125 0.0752570546875 0.3788966828125 0.06339262500000001 0.375289790625 0.060486145312499996 0.364491721875 0.058089548437500006
0 0.4252525125 0.0237402625 0.421012028125 0.0232503734375 0.40971160781249993 0.02405161875 0.4040727015625 0.0276136609375 0.404203940625 0.0283949109375 0.40577881875 0.0377699125 0.41441363124999997 0.045853778125 0.42365942968750003 0.0451982140625 0.42969205625000007 0.043979921875 0.4314615921875 0.0359489 0.4311765046875 0.0280635609375 0.4252525125 0.0237402625
1 0.45 0.6890625 0.45 0.11247760312499999 0.44366689375 0.10860515 0.43437588125 0.0966150328125 0.42408016406250004 0.091020596875 0.40867049843750003 0.092113203125 0.41050785625 0.103050703125 0.41979886874999994 0.1150408203125 0.41739574375000005 0.1254884328125 0.41562620937499994 0.133519453125 0.42002054062500005 0.14111343125 0.4299451453125 0.15068695781250002 0.41569403281249995 0.152487975 0.3989945765625 0.152090921875 0.37923579531249996 0.15823523125 0.3684603328125 0.162161475 0.3570738890625 0.17482715 0.3389534015625 0.1721591875 0.33025517031249996 0.18226259218750002 0.322059290625 0.18916815625 0.310518996875 0.19472974062499998 0.2986484015625 0.17976030468749998 0.283673265625 0.15868655 0.2625794796875 0.15069551875 0.2668651796875 0.1638310875 0.2840261765625 0.1855404109375 0.28726195625 0.1924259796875 0.290280471875 0.21039473125 0.29238030937500004 0.22289473124999998 0.29500510625 0.2385197296875 0.2833787890625 0.255945746875 0.293565871875 0.2670817734375 0.29566570937500003 0.2795817734375 0.2781788140625 0.2744972203125 0.2553154953125 0.274537209375 0.2485406421875 0.2837136828125 0.246114909375 0.2878384546875 0.24847722656250001 0.3019009546875 0.2519754875 0.31034902343750004 0.23298153593749998 0.31485799062500003 0.22904874843749998 0.328576284375 0.2290939625 0.341221965625 0.2223417203125 0.356721278125 0.2168566609375 0.3673874109375 0.2077873171875 0.38146990625 0.2092535625 0.396386496875 0.21454396562500003 0.403126384375 0.208162834375 0.4146466078125 0.1872228953125 0.41375966875000003 0.1777372234375 0.41917557031249997 0.1924046640625 0.426041146875 0.2120774203125 0.43176126875 0.22136843593750002 0.44375138593749996 0.2189653078125 0.45419899687500004 0.21350285625 0.4711879703125 0.22076185625 0.489646609375 0.221155575 0.491990359375 0.215955603125 0.5105418328125 0.21281025312500002 0.528947625 0.207171346875 0.5325096671875 0.1887249640625 0.5464664765625 0.1984323046875 0.5671231828125001 0.21895591718750002 0.5593435343750001 0.2285728265625 0.5547088812500001 0.22905257343750002 0.5451881984375 0.2389319625 0.54211604375 0.245009803125 0.5535434343750001 0.241185646875 0.561720134375 0.25753659687499997 0.5724191203125 0.25987630781250004 0.580158778125 0.269298559375 0.5929301453125 0.267289153125 0.6057215078125 0.2792909890625 0.6214721937500001 0.29513958749999997 0.63536901875 0.29887771875 0.6390567468749999 0.323338525 0.654714596875 0.3273391375 0.6599648265625 0.342291665625 0.6747157406250001 0.356194275 0.68321665625 0.36187135625 0.6890625 0.45 0.6890625
0 0.5018358734375 0.25965059375 0.508217003125 0.24813037031250001 0.5016368109375 0.23990082343750002 0.48699197656250004 0.2393580875 0.472107271875 0.24357569531249998 0.470468978125 0.252387965625 0.47112517656249997 0.256294215625 0.47602185781250006 0.260690353125 0.48900578906250003 0.2637225203125 0.5018358734375 0.25965059375
0 0.45802762656249996 0.401103971875 0.46041255000000003 0.4214893125 0.4697895890625 0.421614996875 0.4839954890625 0.4071683015625 0.47343729218749997 0.400011365625 0.45802762656249996 0.401103971875
0 0.6615080093750001 0.26334975781250003 0.6556926484375 0.2534848703125 0.6402603765625 0.24825463593750002 0.6296161546875 0.2529621296875 0.6306660734375 0.25921213125000003 0.634797925 0.265243609375 0.6429077796875 0.2702024765625 0.6556292296875 0.271672140625 0.6615080093750001 0.26334975781250003
0 0.6255157203125 0.327565078125 0.62575559375 0.32280473593750003 0.6168582984375 0.31315836875 0.6047704406250001 0.3092721140625 0.5861476015625 0.30980199218750004 0.5888810296875 0.31988540312499997 0.603285990625 0.3251884765625 0.61447778125 0.329928821875 0.6255157203125 0.327565078125
0 0.6621504125 0.335244753125 0.6605755343749999 0.32586975156250003 0.64669553125 0.323691678125 0.6365536625 0.32520133281249997 0.628597653125 0.32734655625000003 0.627067990625 0.3306172375 0.624402384375 0.3395023484375 0.6303263796875 0.34382564531250004 0.6363590046875001 0.34260735468750003 0.64123308125 0.3406806515625 0.6497140484375 0.341660428125 0.6621504125 0.335244753125
0 0.6747262453125 0.5833780359375 0.6682772921875 0.5759297375 0.6605385484375 0.5669917796874999 0.6524513015625001 0.568355753125 0.64230943125 0.5698654078125001 0.6481021859375 0.57340745625 0.6484959031249999 0.5757512046875 0.65378630625 0.5824910937500001 0.6667702375 0.5855232578125 0.6747262453125 0.5833780359375
0 0.7205389125 0.571433625 0.7210186562500001 0.5619129453125 0.714940815625 0.5504855546874999 0.7063286078125 0.5487245296875 0.695946865625 0.554994525 0.6931274125 0.5567755453125 0.694702290625 0.5661505453125 0.6985716625 0.5706195234375 0.7096322109375001 0.5745786203125001 0.7205389125 0.571433625
0 0.7586762531250001 0.5323639874999999 0.7529921328125 0.523280346875 0.7445111640625 0.522300571875 0.7393972171875001 0.5289876140625001 0.7372565718749999 0.540997725 0.7404923515625 0.5478832953125 0.7514216609375 0.551061140625 0.7585902296875 0.5442284171875 0.75959493125 0.5378327359374999 0.7586762531250001 0.5323639874999999
0 0.8636263765625 0.06798157187500001 0.8635177421875 0.0735231609375 0.878556296875 0.076409646875 0.8855936265625001 0.06879567187499999 0.885810890625 0.057712490625 0.8764338531250001 0.05758680625 0.8631014171875 0.064856571875 0.8636263765625 0.06798157187500001
0 1 0.0738365828125 0.9963033390625 0.065689246875 0.98384436875 0.06578208125 0.9739649765625 0.068854234375 0.9664026890624999 0.073343209375 0.9611575015625 0.0792490015625 0.9631034921874999 0.0846449109375 0.965945553125 0.08918673125 0.9720007859375001 0.094291278125 0.9827988546875 0.0966878734375 0.991782175 0.094469809375 1 0.0839587515625 1 0.0738365828125
0 0.9501333578125 0.013624001562499998 0.9513145156250001 0.020655251562499997 0.956736159375 0.0281763890625 0.9563424390625 0.025832640624999997 0.9748566437499999 0.030844353125 0.9803643109374999 0.026501059375000004 0.9747888203125001 0.01187583125 0.9680999968750001 0.0091878734375 0.959487790625 0.0074268484374999996 0.9501333578125 0.013624001562499998
1 1 0.6890625 1 0.1515976796875 0.9890349484375001 0.15237514531250002 0.972118228125 0.163061271875 0.9667870171875 0.180831496875 0.9546583484374999 0.201455353125 0.9448241734374999 0.21717318749999998 0.9178742156249999 0.22382737968750002 0.9207614906250001 0.24101487968750002 0.8870140750000001 0.250522703125 0.8759987406249999 0.2592092890625 0.842753678125 0.2655192734375 0.8199989890625 0.26001767187499997 0.7925240718750001 0.2635468640625 0.8004166625 0.2795889109375 0.8103186609374999 0.2828395984375 0.8118935374999999 0.292214596875 0.804856209375 0.299828571875 0.7939721140625 0.30929640625 0.7689455390625 0.3150236671875 0.74571110625 0.319042746875 0.7372979625 0.337031490625 0.751200571875 0.34553240625 0.7586542281249999 0.346585025 0.7642071093749999 0.3548874125 0.74879744375 0.35598001875 0.7494762500000001 0.3662091078125 0.764121084375 0.3667518421875 0.7639038203125 0.3778350234375 0.7617405640625 0.38352229375 0.7448012390625001 0.38788558281249996 0.7395786578125 0.40011421562500005 0.7410449046875 0.4150308046875 0.745045515625 0.42028103437500003 0.7380534 0.4405406890625 0.7460772312499999 0.45736398593749994 0.7567892765625001 0.4716250125 0.758735265625 0.47702092343749997 0.7560922671875 0.492228875 0.7596357421875 0.513322625 0.7641613140625 0.5216978546875 0.7649939671875 0.539031034375 0.7717506140625 0.5606875125 0.7889116109375001 0.5823968374999999 0.7920613671875 0.6011468375 0.8191651734375001 0.6015967375 0.831714575 0.6267952625000001 0.84815595625 0.6627856078125001 0.859370353125 0.6738487953125001 0.8730330890625 0.68711005 0.8764131703124999 0.6890625 1 0.6890625
0 0.737707534375 0 0.7280125156249999 0.0032849234375 0.7282976031249999 0.0111702625 0.7362988265625 0.0216707203125 0.7519709703125 0.0221406140625 0.762592584375 0.011110278125000001 0.7656519109375 0.004568915625 0.7542824296875 0 0.737707534375 0
0 0 0.9595361265625 0.002315434375 0.960843209375 0.0130908953125 0.9569169640625 0.024106228125 0.9482303796875 0.012149609375 0.9451253749999999 0.0013289328125 0.9364059375 0 0.9369312593749999 0 0.9595361265625
0 0.23975688125 1 0.24491907968749999 0.9879127515625001 0.23702648750000002 0.971870703125 0.23212980625 0.9674745640625 0.22404255625 0.9688385374999999 0.2151678703125 0.9655150109375 0.2102077703125 0.97930614375 0.22234084375 0.9958380796874999 0.23912628125 1 0.23975688125 1
0 0.34978004375 1 0.3438260203125 0.9888054109375 0.34146370312499996 0.974742909375 0.33411867968750003 0.968148703125 0.322926890625 0.9634083562499999 0.3114092046875 0.9752927828125 0.3081100078125 0.9865944843750001 0.3094224046875 0.9944069843750001 0.3175750234375 1 0.32184130781250003 1 0.33370675781250003 0.9966379046875 0.3488549671875 1 0.34978004375 1
0 0.45 0.9015364171875 0.4570501546875 0.9004869765624999 0.46974899687500005 0.8956338015625 0.46883031875 0.89016505 0.45505895 0.8824453859375 0.45 0.8825075343750001 0.45 0.9015364171875
0 0.5684750796875 0.8459437375000001 0.5579168828125 0.8387868 0.543032178125 0.8430044062500001 0.540868921875 0.848691678125 0.5424438 0.858066678125 0.549132625 0.8607546359375 0.5589033828125001 0.8632240718749999 0.5660945609375 0.8627141890625 0.5723444515625 0.850412715625 0.5684750796875 0.8459437375000001
0 0.5777567015625 0.9630783921875 0.584925271875 0.9562456687499999 0.5863010875000001 0.9458708968749999 0.5753491703125 0.9363702093749999 0.5722672375 0.93658873125 0.55287956875 0.93875395 0.5532958953125 0.9474205390625 0.554214571875 0.952889290625 0.5573191140625 0.958993609375 0.5663250421875 0.9630983859375 0.5777567015625 0.9630783921875
1 1 1 1 0.6890625 0.7078193640625 0.6890625 0.7079318796875 0.6921746093750001 0.6958892343749999 0.700934034375 0.6824255593749999 0.70742255 0.669989196875 0.713838225 0.6575528328125 0.7202539 0.6466461296875 0.7233988953125 0.61427453125 0.7225319484375 0.6104729828125001 0.737031490625 0.6228459281250001 0.7488030875 0.63548135625 0.7621371828125 0.646039553125 0.7692941203125 0.638870984375 0.77612684375 0.6319648921875001 0.7845220671875001 0.6326437 0.79475115625 0.6371692703124999 0.8031263843750001 0.643794678125 0.8240016140625 0.645763275 0.8357203640625 0.6330010140625 0.8587608109375001 0.6407849750000001 0.8803444484374999 0.6349288015625 0.8949896718750001 0.6368973984374999 0.9067084234375 0.6224064125 0.9132697796875 0.626321 0.9303844390625 0.63806035625 0.9445726249999999 0.648926246875 0.965937740625 0.6579773890625 0.9826881999999999 0.6701104640625 0.9992201359375 0.6709301671875 1 1 1