0 0.1350554625 0.259793046875 0.1352023765625 0.26723866875 0.136961909375 0.27208780625 0.145998715625 0.27779058125 0.155954571875 0.2687443921875 0.1541813703125 0.255536715625 0.147437075 0.251031403125 0.1435319453125 0.25243042187500003 0.1380142015625 0.2564259203125 0.1350554625 0.259793046875
0 0.168295178125 0.234907134375 0.1433166828125 0.20319210937499999 0.1472354828125 0.21015162968749998 0.1553532390625 0.2306033734375 0.156193721875 0.25020147812500004 0.164977709375 0.26608863125000004 0.1719884953125 0.2687681078125 0.174813990625 0.26631389843750003 0.1764129375 0.255358878125 0.168295178125 0.234907134375
0 0.1217170984375 0.013091678125 0.10862824374999999 0.001342296875 0.088422703125 0.0045434375 0.09356805 0.0200037703125 0.099646115625 0.029073673437500003 0.117839309375 0.0312077703125 0.1217170984375 0.013091678125
0 0.1896356359375 0.3 0.1896897140625 0.2996294921875 0.18427787499999998 0.285994996875 0.16649808906250002 0.28948068125000004 0.1649627359375 0.3 0.1896356359375 0.3
1 1 0 0.5296875 0 0.5296875 0.3 0.9931021734375001 0.3 1 0.252740221875 1 0
0 0.06678323750000001 0.4661645765625 0.0752457171875 0.4584753140625 0.0722545140625 0.45023178125 0.062624590625 0.444366575 0.0500267046875 0.44446735000000004 0.0362962296875 0.45232793281249994 0.039627207812499995 0.458243525 0.0444421703125 0.46117612656249996 0.0553295578125 0.46561030312499996 0.06678323750000001 0.4661645765625
0 0 0.756405890625 0.005527659375 0.7565324828125 0.013084070312500001 0.755051065625 0.0249791671875 0.7453966609375 0.0217614453125 0.7387050859375 0.0104210234375 0.7373748328125 0.001493890625 0.7410632578125 0 0.7429513015625 0 0.756405890625
0 0.20768327343749998 0.48506022499999996 0.200240121875 0.48576566093749995 0.1952102609375 0.4914897765625 0.19889263906250002 0.5021821859375001 0.21172866093749998 0.50763420625 0.21848063906249998 0.504479896875 0.2200662625 0.49361616875000003 0.21066285625 0.48619900156250007 0.20768327343749998 0.48506022499999996
0 0.1930700890625 0.7935276328125 0.202461875 0.7938400421875 0.2082845453125 0.7826840609375 0.20907735624999998 0.7772521968749999 0.20448891093750002 0.7727676328124999 0.1914263703125 0.7688675734375 0.180890378125 0.7692102125 0.179984309375 0.7754180578125001 0.17964453281249998 0.7777459999999999 0.18171804687499998 0.785092621875 0.1841313375 0.7901113015625 0.1930700890625 0.7935276328125
0 0.208336771875 0.6745607375 0.2063997546875 0.68064765 0.206411375 0.6877524078125 0.211452853125 0.6891330484375 0.220618121875 0.69099741875 0.2294319953125 0.6880849734375 0.23824586874999998 0.6851725265624999 0.23124413281249998 0.6756692828124999 0.22929549843750002 0.6746514390625 0.22425401875 0.673270796875 0.21497549062500002 0.6721824078124999 0.208336771875 0.6745607375
0 0.2172842078125 0.6132582703125 0.228159975 0.6105876875 0.23399426562499998 0.606536465625 0.22962071874999998 0.5933951828125 0.217589125 0.58961605625 0.203733771875 0.591147859375 0.201117203125 0.6018906562499999 0.211676434375 0.6157575312500001 0.2172842078125 0.6132582703125
0 0.2568232265625 0.629735265625 0.27216256250000004 0.6252204703124999 0.2626458984375 0.6185792859375 0.25702650625 0.6139737890625 0.23697384999999999 0.6076752421875 0.22667599374999997 0.6135706796875 0.22840973281250002 0.6232452421875 0.22898764374999997 0.6264700968750001 0.236442415625 0.63286941875 0.2490403015625 0.6327686437500001 0.2568232265625 0.629735265625
0 0.5296875 0.385448059375 0.518230740625 0.38336648906250004 0.512283190625 0.38819369375 0.5081710203124999 0.3948147234375 0.516543478125 0.40211095624999993 0.5273176078125 0.4073211125 0.5296875 0.40759910625 0.5296875 0.385448059375
0 0.470624178125 0.335951046875 0.46857390312499997 0.3428139390625 0.4678943515625 0.347469821875 0.4701943828125 0.353264484375 0.47707124062500006 0.35643895 0.48668954218750005 0.35519939843750004 0.4974520546875 0.353304796875 0.49766695 0.344648078125 0.4951404015625 0.3404053796875 0.4883768046875 0.33645493125 0.47726290000000005 0.3335727171875 0.470624178125 0.335951046875
0 0.21846339218750002 0.9141069609375 0.21206280937500002 0.9220380859375 0.21070370624999998 0.9313498546875 0.227312125 0.9325087875000001 0.23693042812499998 0.9312692343750001 0.2568582078125 0.9312390046874999 0.2555891234375 0.925565275 0.2558040203125 0.9169085578124999 0.25303933437500004 0.9071130625 0.2317408328125 0.9093503015625 0.21846339218750002 0.9141069609375
1 0.5296875 1 0.5296875 0.48587805 0.5170459265625 0.49924962031250003 0.5062950359375 0.5082489796875 0.47032513125 0.5032403734375 0.451802934375 0.522377865625 0.4229596421875 0.53320128125 0.38574389375 0.5367284625 0.3689989765625 0.5221359921875 0.353433125 0.5282027484375 0.3493325734375 0.5419285359374999 0.3631995453125 0.5475014874999999 0.3651598 0.5556240906250001 0.3170799015625 0.5689266109375 0.3111323546875 0.5737538125 0.305637840625 0.57547709375 0.289357578125 0.5648854609375 0.2711635375 0.5745902546874999 0.2693513984375 0.5870059453125 0.28356976562499997 0.5973557140625 0.2919306046875 0.5975471906250001 0.28072668125 0.6096504703125 0.29138755 0.6156366078125 0.28590465468750004 0.624464646875 0.2791526765625 0.62761895625 0.27299023125 0.6411028796875 0.2591464984375 0.6497394406250001 0.2575724953125 0.6677079265625 0.24281107500000002 0.6754475765625 0.24935977343750002 0.6880547421875 0.2532919046875 0.7114047046875001 0.2546974859375 0.7305119671875 0.23672996406250002 0.7386648015625 0.24430961093749998 0.7513929 0.24238421406250002 0.7645845687499999 0.2084529640625 0.7456083125 0.198494884375 0.74917580625 0.207558515625 0.7589209140625 0.2114790265625 0.7751661203125 0.2188205375 0.782341421875 0.23396821406249999 0.8006928609374999 0.24257880625 0.8135418906249999 0.251767315625 0.8296157765625001 0.25705855 0.843653971875 0.27185482968749997 0.8572285953125001 0.28115659531250003 0.8725265015625 0.2801605078125 0.8937198406250001 0.2898252890625 0.9208993187499999 0.301891740625 0.9459927203125 0.32058529375 0.9616030343750002 0.3366390375 0.9737466265624999 0.3489203875 0.990183309375 0.3448835265625 1 0.5296875 1
0 0.363344728125 0.49621622500000007 0.3514380109375 0.49876587343749995 0.34686118593750004 0.5013860671874999 0.33369700468749997 0.5053667453124999 0.33749263906250004 0.5152831734375 0.3454004421875 0.518578571875 0.3608646546875 0.5203925546875 0.3665856875 0.5171173125 0.3661094125 0.5060117203125 0.363344728125 0.49621622500000007
0 0.56698959375 0.49993723125 0.5547431031250001 0.504814821875 0.542383353125 0.51046839375 0.545034778125 0.5210398703125 0.5603857328124999 0.5236298328125001 0.5712731203125 0.528064009375 0.5885610906250001 0.524567059375 0.589127384375 0.5206871578125 0.5743311062500001 0.5071125328124999 0.56698959375 0.49993723125
0 0.6188999859375001 0.5178654140625 0.6250972906250001 0.5256957640625 0.6379333140625001 0.531147784375 0.6434162078125001 0.5223197453124999 0.6397338343750001 0.5116273375 0.6295376171875 0.5096420359375 0.6239298453125001 0.5121412968750001 0.6188999859375001 0.5178654140625
0 0.6824470328125 0.5782004328125 0.67387129375 0.5866656750000001 0.6830481828125 0.5956348015625 0.7042334265625 0.5941735421875001 0.70559253125 0.584861775 0.703632275 0.5767391734375 0.6890857515625 0.575822103125 0.6824470328125 0.5782004328125
0 0.6097319015625 0.724366953125 0.618897171875 0.7262313234375 0.6305773703125 0.7252336359375 0.6370912109375 0.7165265296875 0.633873490625 0.7098349546875 0.6220684125 0.7045038671875 0.61680041875 0.7046751859375 0.6052450968749999 0.7120016515625001 0.6097319015625 0.724366953125
0 0.7952936484375 0.530664075 0.7980583343750001 0.540459571875 0.8094103765625 0.5488945828125 0.8197198531250001 0.550103903125 0.8271513828125 0.5422937109375 0.8247380921874999 0.53727503125 0.8185407874999999 0.5294446796875001 0.8131479125000001 0.5232872234375 0.8047870749999999 0.5230957453125 0.7952936484375 0.530664075
0 0.8589393984375 0.5112948015625 0.8701665625 0.513401034375 0.877722971875 0.51191961875 0.8842368125 0.5032125125 0.8759776125000001 0.495140296875 0.8669256031250001 0.49249994687500004 0.8621222625 0.49667209999999995 0.8573305390625 0.5079490140624999 0.8589393984375 0.5112948015625
0 1 0.4388884078125 0.985243496875 0.42903079218749995 0.961848240625 0.4097118953125 0.9577360703124999 0.416332925 0.9768942765624999 0.4359440734375 0.9816075984375001 0.4467574140625 0.9852899718749999 0.45744982343749996 1 0.4541362703124999 1 0.4388884078125
0 1 0.358491571875 0.9906334359375 0.36336469375 0.9908715718749999 0.368917490625 0.9944406875 0.3803858796875 1 0.3822934203125 1 0.358491571875
1 1 1 1 0.5137040078125 0.9876713406250002 0.5129777859375 0.9868436718750001 0.49709537812499993 0.9662363421875 0.5017814921875 0.9517014374999999 0.5079691796875 0.93829911875 0.5063970609374999 0.9135679984374999 0.5105994484374999 0.8871263781250001 0.519336784375 0.8673350953125001 0.5328005499999999 0.8587245031249999 0.5199515203124999 0.8506685812500001 0.49611782812499994 0.822310246875 0.45332803750000006 0.8169754703125001 0.48269436718750003 0.8231960125000001 0.5047342328125 0.833302209375 0.52170503125 0.845821696875 0.543694509375 0.8483598640625001 0.555041965625 0.827764153125 0.5668328375 0.8180442109375001 0.575953128125 0.8104994203124999 0.5845393015625 0.8018888265624999 0.5716902703125 0.78436271875 0.569634425 0.767063128125 0.5660266171874999 0.7532193953125 0.574663178125 0.745221571875 0.586353275 0.757264784375 0.597237159375 0.763801865625 0.6027395703125 0.7545349578125 0.6087559359375 0.7471034265625001 0.61656613125 0.743455909375 0.62718799375 0.7094230234375 0.6160924765625 0.7336227078124999 0.6370842671875 0.7153154078125 0.6475650406250001 0.700100953125 0.6584086124999999 0.6840820640625 0.667579290625 0.679188703125 0.686736940625 0.6760174609374999 0.7084643984375 0.673639028125 0.724759990625 0.6603732078125 0.73662140625 0.667273303125 0.7540053890625 0.6666053703125 0.7657660296875 0.655503084375 0.7699885734375 0.66526950625 0.7892873125000001 0.6683739671875 0.7967548671875 0.647438478125 0.8108736796875 0.6521750421875 0.8358965359375 0.6325986578125 0.8407035828125 0.6055791234375001 0.8462160640625 0.64626235 0.8620380109374999 0.670438796875 0.8688202859375 0.6776670499999999 0.8767715703124999 0.6817008203125 0.8922407953124999 0.6766941984375 0.9121744249999999 0.6939153906250001 0.9378724859375 0.70805535625 0.970312509375 0.7327196953125 0.9953051328125 0.736609821875 1 1 1