0 0.39068398125 0.0727984 0.3967072140625 0.068425875 0.396036584375 0.0535158578125 0.389993521875 0.033186771875 0.3823845734375 0.0314171890625 0.3781047984375 0.033308521875000004 0.3663027875 0.0183756453125 0.35865832656249996 0.0133904 0.3727166796875 0.0493754 0.38428991875 0.06650025468750001 0.39068398125 0.0727984
0 0.0598646046875 0.5151394859375 0.06122155 0.5234735703125 0.08276248124999999 0.526879559375 0.09294326093750001 0.532454665625 0.10740381562500001 0.536138440625 0.12383659843749999 0.5351490437499999 0.1336820640625 0.5332691421875 0.134368378125 0.5266932109375 0.12714594375 0.5141083484375 0.1152572203125 0.5142300984375 0.09227263125 0.517544646875 0.085949596875 0.517677828125 0.060744178125000006 0.5031559156250001 0.0598646046875 0.5151394859375
0 0.2894775765625 0.43799839374999994 0.285497603125 0.4441290734375 0.28764740624999996 0.4555342109375 0.299906959375 0.4660831328125 0.307338334375 0.4517744078125 0.30087324375 0.43904493906250003 0.294514696875 0.43596245468749995 0.2894775765625 0.43799839374999994
0 0.40501076718749995 0.15599464375 0.400995278125 0.15890965937499998 0.40080202187499997 0.1643173 0.40318059531249995 0.1735304609375 0.4133968875 0.182321228125 0.42396418125 0.17708105624999998 0.42313581093749997 0.170794340625 0.415913375 0.15820947968750002 0.41564908906250003 0.15718579531250002 0.40501076718749995 0.15599464375
0 0.5721747234375 0.1509298953125 0.580840815625 0.1567942171875 0.58830770625 0.14570115156250002 0.5960743984375 0.13884743593749999 0.5946109093749999 0.1208663640625 0.5862801328125 0.12245705 0.57435589375 0.1193631359375 0.5664471453125 0.11335420781250001 0.563824115625 0.1278189703125 0.56873900625 0.13762199375 0.5721747234375 0.1509298953125
0 0.662381159375 0.07247937812500001 0.677528028125 0.0695872203125 0.67765025625 0.05774825625 0.6711851656250001 0.045018789062499995 0.6670631328125001 0.03828681875 0.659805184375 0.022486295312499998 0.6548547796874999 0.009467610937499999 0.6548390953125 0.030953557812499997 0.6560027828125 0.044695284375 0.6559160687500001 0.0597499078125 0.662381159375 0.07247937812500001
0 0.7 0.1362802265625 0.6955861875 0.12414315312499999 0.6861982656250001 0.12163910156249999 0.683433178125 0.1232412171875 0.6779030015624999 0.1264454484375 0.67615954375 0.128926640625 0.6762660875 0.1385736265625 0.6824668921875 0.1502794109375 0.6913972703125 0.1571674171875 0.7 0.15552480625 0.7 0.1362802265625
0 0.6011825453124999 0.14324281875 0.59440196875 0.1477599515625 0.5945085109375 0.1574069359375 0.5974156578125001 0.16866746875 0.6017664593750001 0.1732074609375 0.6060817484375 0.1745317890625 0.6158916999999999 0.1694362265625 0.61090578125 0.15320187968750001 0.6062551765624999 0.14442254062499998 0.6011825453124999 0.14324281875
0 0.5496716515625 0.22074965937500002 0.5433841328125 0.22409849999999998 0.541869446875 0.22438771562499998 0.54148293125 0.23520299374999998 0.5491984234375 0.2466195609375 0.555063915625 0.2508703390625 0.56513815 0.24679845937499997 0.5614736609375 0.23568253593750002 0.5550085703125001 0.222953065625 0.5496716515625 0.22074965937500002
0 0.46490867812500003 0.31105056875 0.45793484375000004 0.3209753421875 0.459820359375 0.3313567953125 0.46644319375 0.335462965625 0.47125154062499996 0.3356190015625 0.4788604890625 0.337388584375 0.4855700359375 0.326440128125 0.4795980015625 0.3125423671875 0.4737325125 0.3082915921875 0.46490867812500003 0.31105056875
0 0.41583170156250004 0.42568784531250003 0.4238114796875 0.43812809843749995 0.43774346093750005 0.439764503125 0.44369566562499996 0.42896065625 0.436930775 0.411991840625 0.43205140000000003 0.405404478125 0.419440846875 0.408886496875 0.41466801562500005 0.41194612187499996 0.41583170156250004 0.42568784531250003
0 0.5314483546875 0.28867809375000003 0.5400789328125 0.29132675468749997 0.5465952234375 0.2857859359375 0.5411517625 0.27393554375 0.530706696875 0.267336753125 0.5207546875 0.2595696703125 0.516810228125 0.268916009375 0.52297551875 0.27740613281250004 0.5314483546875 0.28867809375000003
1 0.7 0.5390625 0.7 0.2080793125 0.6699670281250001 0.209595975 0.6619360515625 0.21542600625000002 0.637965346875 0.22107714218750002 0.625847853125 0.22339086875 0.598547975 0.2253810890625 0.5773778734375 0.232645771875 0.5686250671875 0.24183607343750002 0.5759185312499999 0.2608522578125 0.558606175 0.2738252234375 0.5484097109375 0.2897360671875 0.52454555 0.3050341890625 0.513556228125 0.3178739765625 0.5284231265625 0.3354440828125 0.513083 0.343743878125 0.48419740625 0.339591990625 0.47986643281249997 0.3597536109375 0.43917883125 0.3406688484375 0.4361692875 0.3659488890625 0.43384605625 0.3846529984375 0.4626449375 0.40385951093749994 0.45260621562500003 0.411147053125 0.447218096875 0.42721393125 0.43936469218749996 0.44912227343750005 0.43552677500000003 0.46811559843749995 0.43360988906250003 0.500706040625 0.44627578593750006 0.5251412953125 0.426320571875 0.5278774140625 0.3806668796875 0.5172599140624999 0.41983979531250004 0.53663389375 0.42234909375 0.5390625 0.7 0.5390625
0 0.758347709375 0.1975943359375 0.760284425 0.18970550625 0.7586987093750001 0.1835633984375 0.7547699359375 0.171423790625 0.7491687296875 0.16819669843750001 0.7423526390624999 0.16949816874999998 0.7335288046875 0.1722571484375 0.732156175 0.1854090109375 0.7482734734375 0.20166621718750002 0.758347709375 0.1975943359375
1 0.7 0.5390625 1 0.5390625 1 0.3356358265625 0.9948842109375 0.33503494375 0.9773942828125 0.3319296015625 0.95143151875 0.3175522953125 0.9398582812499999 0.30042744374999997 0.9130671453125 0.2797634234375 0.8836529796875 0.27356416562499997 0.860210846875 0.281262671875 0.8446221218750001 0.2670528359375 0.8265681078125 0.25868446093749997 0.8113857250000001 0.25836095625 0.8024553453125 0.25147295000000003 0.792538853125 0.24692152812499998 0.777092184375 0.2455743375 0.7666471171875 0.23897554843750002 0.7625250859375 0.232243578125 0.745228415625 0.223730596875 0.72909543125 0.2289593390625 0.7397180703124999 0.2516364390625 0.7285866890625 0.251613578125 0.71854796875 0.25890112187500003 0.7034366140625 0.26500894062499997 0.7 0.263789696875 0.7 0.5390625
0 0.895992353125 0.2228602578125 0.8917836078124999 0.23118291562499999 0.8900401484374999 0.2336641078125 0.890111178125 0.24009543125000002 0.8947617828125001 0.24887476875 0.90573541875 0.2575209296875 0.9209178015624999 0.25784443437500004 0.9213398312500001 0.25024481875000004 0.91473268125 0.22465269999999998 0.8989862125 0.219066165625 0.895992353125 0.2228602578125
0 0.2861978921875 0.584184375 0.278446884375 0.56955214375 0.2688301921875 0.5692400703125 0.263864103125 0.57770733125 0.267035534375 0.5899915484375 0.27948834375 0.59513283125 0.2861978921875 0.584184375
0 0.3659205 0.6559680265625 0.364528040625 0.6444182796875 0.35302583125 0.6337247500000001 0.34575219687500003 0.6394101765625 0.34437956718749996 0.6525620390625 0.355881778125 0.6632555671875 0.3619405234375 0.6620987046875 0.3659205 0.6559680265625
0 0.48467721406250003 0.5742143875 0.4787406953125 0.5635322890625 0.46628788437499996 0.5583910046875 0.46445771406249997 0.5759268234375 0.46611445781249994 0.5885002546875 0.478074209375 0.5948098296875 0.48459050000000004 0.5892690140625 0.48467721406250003 0.5742143875
0 0.32145861249999996 0.7761689781250001 0.32978939218750003 0.7745782921875 0.3321126203125 0.75587418125 0.3145161484375 0.743121853125 0.30576334374999997 0.7523121578125 0.3045129421875 0.75362505625 0.3085127453125 0.7721959890625 0.32145861249999996 0.7761689781250001
0 0.3134276359375 0.7819990125 0.27083883124999997 0.7740187421875 0.2272994265625 0.7715907203125 0.2810394421875 0.804295459375 0.2991289703125 0.81587949375 0.3174274390625 0.80056994375 0.3134276359375 0.7819990125
0 0.304343659375 0.829921865625 0.303744059375 0.8214431703124999 0.29708571093749997 0.8141213421875 0.29099145000000004 0.8120625421875 0.2831537296875 0.8124849359375 0.284317415625 0.8262266609375001 0.2884394484375 0.8329586296875 0.2990777703125 0.83414978125 0.304343659375 0.829921865625
0 0.157635371875 0.7172211359375 0.1449893046875 0.7174874921875001 0.137557928125 0.7317962171875 0.142137503125 0.7341442328125 0.1578484578125 0.7365151062499999 0.1598206890625 0.7318419374999999 0.157635371875 0.7172211359375
0 0.19031272187499998 0.9730737234374999 0.2024302171875 0.9707599984375002 0.20126652968749997 0.957018275 0.1877210625 0.9445665921875002 0.1809404859375 0.9490837234375 0.1741954234375 0.9568165171875 0.18016745781250001 0.9707142796875001 0.19031272187499998 0.9730737234374999
0 0.187787946875 0.9048103546874999 0.20534890312499998 0.914347021875 0.21665785468749998 0.9304481921875001 0.2280890359375 0.9347103984375 0.23180472343749997 0.9275560359374999 0.2207245421875 0.9092628890625001 0.21614496718749998 0.9069148734375 0.20233521406250002 0.89343950625 0.187787946875 0.9048103546874999
1 0.7 1 0.7 0.6274891484375 0.691140459375 0.6228722140625 0.6753229609375 0.6108543546874999 0.665319753125 0.6213575578125 0.6450647390625 0.61985433125 0.630197840625 0.6022842234375 0.6141870843749999 0.595674003125 0.614344828125 0.587050703125 0.6095166515625 0.56219305625 0.5981721859375 0.5428762234375 0.590476521875 0.556161265625 0.582023515625 0.569590915625 0.5954112421875 0.5906659000000001 0.5803510875 0.5785034312499999 0.5670187062500001 0.58534571875 0.5616305890625 0.6014125984375001 0.542697003125 0.6050277937499999 0.526792790625 0.6080645609374999 0.5177756984374999 0.6162311765624999 0.4983490546875 0.6210146671875 0.47384977968750003 0.6246184328125001 0.45623762343749996 0.6333520546875 0.43786812499999994 0.64223028125 0.43369489375 0.6537685984375 0.423656171875 0.6610561390624999 0.36720226875 0.61168323125 0.39617872187500003 0.6469680515625 0.4141815359375 0.6736067125 0.397184665625 0.6693330765625001 0.409515246875 0.6863133218749999 0.387816575 0.6915306343750001 0.3866016875 0.6960591968750001 0.37307605 0.7083091234375 0.368354415625 0.6930984609374999 0.3569942640625 0.695267578125 0.3513418609375 0.7103107734374999 0.3632149 0.7316749734375 0.3671436765625 0.7438145828125 0.3675145046875 0.7544852515625 0.379809571875 0.7682498359375 0.36811410625 0.7629639453125 0.3567539546875 0.7651330625 0.34580014531250003 0.7811885125 0.33576142343750004 0.7884760546875 0.3224645578125 0.7985340046875 0.3155262390625 0.8116744375 0.30938077812500003 0.827885925 0.3038349171875 0.8525761046875001 0.3001035453125 0.8812164156250001 0.3068882671875 0.9228868421875 0.307294609375 0.9367731734374999 0.320082734375 0.949369465625 0.3209111078125 0.95565618125 0.3089513546875 0.9493466046875 0.2958122296875 0.9507812546875 0.28237330625 0.9479765562499999 0.26794826562499996 0.9475084453125 0.2699048109375 0.9643212218749999 0.2886806546875 0.9693293265625 0.296396146875 0.980745896875 0.28704374062500004 0.9814575062500002 0.270875240625 0.9834705859374999 0.272044178125 1 0.7 1
1 0.9443780828125 0.5390625 0.9355966609374999 0.54252246875 0.929115884375 0.551278946875 0.9209073343749999 0.541030671875 0.9072396375 0.5404179499999999 0.907874753125 0.5521123046875 0.894242571875 0.5547152453125 0.8881127953125001 0.5494407859375 0.8764173296875001 0.5441548968750001 0.8625208624999999 0.5457341515625 0.8513894828125 0.5457112921875 0.8388854734375 0.5588402968749999 0.8297618375000001 0.557359928125 0.808749478125 0.5560013109375 0.8093845937499999 0.5676956640624999 0.813384396875 0.586266596875 0.801266903125 0.5885803218750001 0.7897646921875 0.5778867921875 0.7749886546875 0.5914496203125 0.7592066703125 0.582647421875 0.736750653125 0.5880093421875 0.7420008593749999 0.605267375 0.7493298375 0.6274992203124999 0.74806375 0.65029806875 0.7360172859375 0.65904311875 0.71269738125 0.6549026609374999 0.7015148015625 0.6731500890625 0.7208902453125 0.6866368859375 0.7352640859374999 0.705375284375 0.72453905 0.7192387578125 0.7311461984375 0.744830875 0.7285941984375001 0.7657269624999999 0.716441190625 0.764825025 0.7086786421875 0.817866303125 0.7055270421875 0.830283696875 0.7 0.83658908125 0.7 0.9414508937499999 0.704004959375 0.9444339765624999 0.7135349375 0.959800675 0.7014529578124999 0.9653300625 0.703446596875 1 1 1 1 0.5419580453124999 0.983680125 0.5440828421874999 0.9689907999999999 0.5425910453125 0.9592076500000001 0.5390625 0.9443780828125 0.5390625