0 0.2948761484375 0.3534378265625 0.3048890078125 0.351367565625 0.3141388890625 0.3406463046875 0.316072490625 0.33045900625 0.30876318281250004 0.3225090234375 0.30356339375 0.3245628828125 0.2952803109375 0.330190496875 0.2887304890625 0.3351334921875 0.2879535609375 0.3434503828125 0.2948761484375 0.3534378265625
0 0.27991267343750004 0.288671634375 0.282809584375 0.2776326640625 0.28185325 0.2700003890625 0.27358063125 0.2629020828125 0.264910828125 0.27056715625 0.2616306859375 0.2794016125 0.2654769546875 0.284478859375 0.2764461484375 0.2900408734375 0.27991267343750004 0.288671634375
0 0.2126308671875 0.165883996875 0.22380039687500003 0.16194333125 0.234776565625 0.15902139843750002 0.23190407343750002 0.1403665515625 0.21900476875 0.1407498625 0.20628487031249998 0.1570823375 0.1852818890625 0.1790424265625 0.1916313734375 0.1836021109375 0.2126308671875 0.165883996875
0 0.2215149609375 0.13174835000000001 0.23576080625 0.13271788125 0.2442442265625 0.1175875890625 0.2423315578125 0.10232304375000001 0.2311655171875 0.1020217328125 0.220572578125 0.1071481828125 0.215938915625 0.1231137484375 0.2215149609375 0.13174835000000001
0 0.1464185234375 0.14727529687500002 0.15816464531250002 0.14452041875 0.163951490625 0.130926421875 0.1599188375 0.1183839546875 0.155879209375 0.1143254359375 0.1456695015625 0.1216564 0.13468635625 0.13306228125 0.1408355015625 0.14712464218750002 0.1464185234375 0.14727529687500002
1 0.4 0 0.2810413546875 0 0.281492934375 0.00581223125 0.2928488484375 0.0093367875 0.29186809375 0.0313983296875 0.2760753671875 0.0385786375 0.259706046875 0.0445731609375 0.2541090734375 0.061390401562499995 0.2513950578125 0.0841365640625 0.2454218296875 0.0902653421875 0.2456047234375 0.1019725328125 0.265043384375 0.10937215156249999 0.27157576250000004 0.125639028125 0.25771314843750004 0.12687401250000002 0.2501965265625 0.13691065468750002 0.262315415625 0.14908621093750002 0.278487884375 0.148352390625 0.2923505015625 0.1471174046875 0.290606771875 0.160527946875 0.27462766250000004 0.1602430375 0.2778833875 0.18110239687500002 0.28306922343749996 0.19601643124999998 0.28055554374999997 0.20925991718749998 0.283037828125 0.23419419375 0.2899464625 0.26114953125 0.3020583734375 0.2818090375 0.2885755 0.289490509375 0.264119946875 0.2958519421875 0.21924149218750003 0.321117275 0.24830629062499998 0.32848409218749997 0.270835221875 0.32382600781250004 0.2885545703125 0.3149423515625 0.311473709375 0.3040048328125 0.3230264703125 0.302268684375 0.3334051203125 0.32361280937500003 0.3418676109375 0.333934359375 0.34994686875 0.3420513984375 0.33646399531250004 0.349732871875 0.3331768765625 0.3670512765625 0.3283498546875 0.3840355703125 0.3360389046875 0.39843204062500004 0.3471979703125 0.40721729843750004 0.3589510671875 0.3959784734375 0.364924296875 0.38984969375 0.37030698125 0.39950302656250003 0.3776162875 0.407453009375 0.38800888906250003 0.4118292375 0.38073058125000003 0.4296875 0.389841884375 0.4296875 0.39724133125 0.42231784375 0.4 0.4279911625 0.4 0
0 0.6156719140625 0.4296875 0.617789671875 0.4185299640625 0.615680153125 0.40852612187500004 0.6100971328125 0.408375465625 0.5985443703125 0.4101116171875 0.587364375 0.4267782015625 0.5911512578125 0.4296875 0.6156719140625 0.4296875
0 0.8400375468749999 0.32461919375 0.8398511625000001 0.3171539765625 0.8362017421874999 0.306816025 0.8306187203125 0.30666536875 0.8240689015625 0.3116083625 0.8173222328125 0.32181206093750003 0.822325171875 0.3250189046875 0.8236682281250001 0.3306137171875 0.8271312640625 0.3334864515625 0.8311743828125 0.333302996875 0.8400375468749999 0.32461919375
0 0.9249081328125002 0.36318637656249997 0.9289547390624999 0.3587609484375 0.9333880656249999 0.352298059375 0.9349349453125001 0.3441482234375 0.9305155718750001 0.333643215625 0.9293623890625 0.33127164531250003 0.9162732140625 0.3284317109375 0.9093401609375 0.331170190625 0.9081800015624999 0.33728257031250003 0.9064397625 0.3464511375 0.9095125906250001 0.355603303125 0.9249081328125002 0.36318637656249997
0 0.7577259859375 0.21766286406250002 0.760239665625 0.20441938125 0.7504201671875 0.205470909375 0.7367509125 0.20568716562499997 0.7326973296875 0.21859653906249998 0.73250048125 0.22385724375 0.74385290625 0.231623771875 0.7509793171875 0.2278665640625 0.7577259859375 0.21766286406250002
1 1 0 0.6567213046875 0 0.6587490859375 0.0084472015625 0.6650950796874999 0.0172488609375 0.6631614812500001 0.0274361578125 0.6598743625 0.0447545625 0.6681504687500001 0.047610896874999996 0.6748936484375 0.0416491734375 0.687792953125 0.041265864062500004 0.70414483125 0.0564812078125 0.704134365625 0.06920712968750001 0.6896916703125 0.073498303125 0.69622405 0.089765178125 0.705663803125 0.082267159375 0.7079701703125 0.0870103 0.7002567015625 0.1023076453125 0.699096540625 0.10842002343749998 0.691196690625 0.11625215156249999 0.68810293125 0.132551825 0.7036918328125 0.13911616875 0.710245140625 0.129931203125 0.7129486937499999 0.1199109609375 0.730277834375 0.11730673437500001 0.7348870796875 0.1310349875 0.7298736734375 0.14055406406249998 0.7250571156250001 0.1448124375 0.729662871875 0.1627826640625 0.7421719671875 0.16867878593750002 0.7394684171874999 0.1786990265625 0.751974025 0.188837125 0.7594836671875 0.1872844296875 0.76987626875 0.1916606578125 0.781239159375 0.186701265625 0.7872054125 0.1890564328125 0.7706392453124999 0.20031166093750002 0.7798681984375 0.2150422421875 0.7946941265625 0.21295558125 0.8006673546874999 0.206826803125 0.8108700843750001 0.2079797875 0.802193303125 0.22412880937500002 0.8104659218750001 0.2312271171875 0.8204787812500001 0.22915685625 0.8212522203125001 0.2250819375 0.8545534968750002 0.231246571875 0.8522331765625001 0.243471328125 0.8695588296875 0.245109075 0.892843759375 0.2575859421875 0.9140121953125 0.2685429140625 0.92479849375 0.2623977359375 0.9315137671875 0.290371803125 0.9469302390625 0.2725030328125 0.9727288484375001 0.2717364125 0.980818571875 0.26712752968750003 0.99506441875 0.26809705781250004 1 0.263932709375 1 0
0 0.651578828125 0.2996398984375 0.659292296875 0.284342553125 0.6525630687499999 0.27333638125 0.64736328125 0.275390240625 0.6359934140625001 0.28883358124999997 0.6369497484375 0.296465853125 0.6434925921875 0.3000068078125 0.651578828125 0.2996398984375
0 0.32841936718750003 0.7857219890625 0.330532371875 0.79148385625 0.3388084796875 0.794340190625 0.3509378328125 0.7937898265625 0.355184775 0.77986171875 0.355578471875 0.7693403125 0.34941885781250004 0.7680038734375 0.338446178125 0.7666838328125 0.33073968593749997 0.7734972328125 0.32841936718750003 0.7857219890625
0 0.1593609375 0.8148040203125 0.160904328125 0.8108961562499999 0.1678443578125 0.7996737296875001 0.16592470937499998 0.7928931328125 0.145325890625 0.79160589375 0.1262634859375 0.7948947375 0.11201414843749999 0.79816718125 0.09911135625 0.8027924671875001 0.08639145937500001 0.819124940625 0.10584058437499999 0.8137986375 0.12509635 0.8094910625 0.1420352828125 0.813166271875 0.1593609375 0.8148040203125
0 0.33468164218749996 0.896331015625 0.3396950484375 0.8868119390625001 0.3393187921875 0.8761234765625 0.33162276562500004 0.8702109531249999 0.3217997796875 0.8755044562500001 0.313520184375 0.8768900953125 0.3110065046875 0.8901335828124999 0.31523949375 0.8931733718749999 0.3237089609375 0.8950109765625001 0.33468164218749996 0.896331015625
0 0.36580213125 0.7450414546874999 0.355989609375 0.7376090375000001 0.339237059375 0.7413990453125 0.3299836875 0.75636228125 0.2962817390625 0.769203003125 0.3290099109375 0.769939878125 0.33825281875 0.7677025640625 0.35135245937500004 0.757816575 0.368685090625 0.750970378125 0.36580213125 0.7450414546874999
0 0.652166203125 0.46619251093749997 0.656492978125 0.45015543124999996 0.640938875 0.43852942656250005 0.628463403125 0.442376284375 0.6290650937500001 0.45948268125 0.6352200171875 0.46760846875000006 0.642612903125 0.4692124890625 0.652166203125 0.46619251093749997
0 0.7750933015625 0.83238078125 0.7738725843750001 0.81853525625 0.7580582328125001 0.8266940625 0.7615225953125 0.8498074031249999 0.7750933015625 0.83238078125
0 0.7669239140624999 0.9460591875000001 0.7578874125 0.940777515625 0.7476401359375 0.9418752218750001 0.7418997046875 0.9583742031250001 0.7391791968750001 0.968821884375 0.7341377859375 0.9909753828125 0.7415710140625 0.9914811468749999 0.75827235 0.9607873109374999 0.7669239140624999 0.9460591875000001
0 0.8247227890625 0.7825841921875 0.8256452 0.7980898296875 0.8391743921875001 0.7990039281250001 0.8494291687499999 0.7890516890624999 0.8476353375000001 0.772057246875 0.8375972968750001 0.7632372359375 0.8247339734375 0.7693024203125 0.8247227890625 0.7825841921875
0 0.8767627749999999 0.7772699734375 0.8669116203125 0.7850957046875 0.8560514250000001 0.798237625 0.8424551359375 0.8141873625 0.8596578296875 0.810090259375 0.8715195546875 0.80048671875 0.877951190625 0.797454096875 0.8847939328125001 0.783440515625 0.8767627749999999 0.7772699734375
0 0.9663015125000001 0.85647583125 0.968726990625 0.8392898703124999 0.9586888890624999 0.8304698453124999 0.9490395390625 0.8372323609375 0.9484266234375 0.8492765546874999 0.9536400437499999 0.861477859375 0.960467796875 0.8651732828124998 0.9663015125000001 0.85647583125
0 0.705088690625 0.65478194375 0.7038965312500001 0.63902504375 0.6999876203125 0.6283392296875 0.686825128125 0.6320000578125 0.6848070625 0.6426323578125 0.6727397765625 0.657726421875 0.6837830984375 0.66565755 0.6978535156250001 0.6576402234375001 0.705088690625 0.65478194375
0 0.7444933265625 0.6234789421875 0.7350457828125 0.6291782046875001 0.7203144953124999 0.642433090625 0.73121515 0.6449523140625001 0.7428676296875001 0.6452665359375 0.7555291515625 0.6402645625 0.7587543078125 0.6276801203125 0.7444933265625 0.6234789421875
0 0.7725732937500001 0.603970334375 0.7740579875 0.5867198984375 0.7652196078125 0.5848022515625 0.75597011875 0.593865565625 0.75395205625 0.6044978703125 0.76037625 0.61031979375 0.7725732937500001 0.603970334375
0 0.7965333109375 0.618164721875 0.7854899890625 0.6102335953125 0.77122151875 0.61488686875 0.758148890625 0.630869803125 0.7511967328125 0.6449834484375 0.763564053125 0.64200788125 0.771400896875 0.6403871859375 0.7832588781250001 0.6352108703124999 0.789892378125 0.63111505 0.7965333109375 0.618164721875
0 0.7802355328124999 0.6467320578125 0.778552934375 0.6606024484375 0.7866485437499999 0.6658357546875 0.800311603125 0.664372121875 0.8071505968749999 0.654785809375 0.8003340296874999 0.63780859375 0.7872763296875 0.6360825296874999 0.7802355328124999 0.6467320578125
1 1 0.4296875 0.72503386875 0.4296875 0.7217901687499999 0.4345619171875 0.7089305953125 0.43619983749999997 0.7062958703125 0.46330358125000004 0.724970478125 0.4751044953125 0.7368285218749999 0.46992819375000006 0.7577304390625 0.4611790453125 0.7776084484375 0.4754550984375 0.7693604984375 0.4880567546875 0.77155800625 0.5029247390625 0.7691288359375 0.524538003125 0.7689046046875 0.5521647468750001 0.7839504421875001 0.5786765703125 0.8044188859375 0.6074719281250001 0.8238857968750001 0.6327289 0.8355233500000001 0.6507521171875 0.8425417265625 0.666666078125 0.8268568578124998 0.6831892578125001 0.8149838953125 0.7060745171875 0.8248238671875001 0.7115305578125 0.83365475 0.7223027171874999 0.8477214890625 0.718712609375 0.8541642968750001 0.7023982796875 0.8654131703125 0.704838925 0.8613770421875 0.7261035312499999 0.8673976359375001 0.7340518640625 0.8760416984375 0.728178275 0.8683842359374999 0.7552992640625 0.8860797328124999 0.7369983078125 0.8943052078125 0.7509601078125 0.9009162749999999 0.7734278375000001 0.9071461 0.771458471875 0.923608334375 0.786100409375 0.9332501921875 0.788192384375 0.9515286843750002 0.7932652546875 0.9577436421875 0.8090049015625 0.98264808125 0.8188364296875001 0.99429681875 0.823577875 0.999334484375 0.8058516109375 1 0.8057258484375 1 0.4296875