0 0.055678125 0.2330811765625 0.0654500875 0.2382523375 0.08142363281250001 0.23835162968749998 0.09279698125 0.22799707656249998 0.08201786250000001 0.216278321875 0.062056596875 0.2145700125 0.052611328125 0.2261119484375 0.055678125 0.2330811765625
0 0.275533425 0.2812592296875 0.264817878125 0.28778505781249997 0.26297603281250004 0.2985054859375 0.2754427734375 0.30660633437499996 0.2918110015625 0.3044083921875 0.291856325 0.291734840625 0.275533425 0.2812592296875
1 0.4 0 0 0 0 0.1750246921875 0.008465031250000001 0.1790261109375 0.0205824171875 0.1767506421875 0.0351314625 0.1789363515625 0.0461963640625 0.18278683906249998 0.06431578593750001 0.1952155765625 0.0702089234375 0.20434875 0.08447218281249999 0.21440272500000002 0.1054632703125 0.21632185312500002 0.121414153125 0.2227579203125 0.1471143359375 0.24070192499999998 0.1519367453125 0.225042921875 0.1509295859375 0.21849532656249998 0.165215509375 0.22221252656249998 0.177133346875 0.2397131296875 0.18933696718749998 0.2493454671875 0.2011685703125 0.25493826406250003 0.2080279546875 0.246037671875 0.23002620000000001 0.25450439375 0.232675653125 0.2701076359375 0.25986832656250003 0.2669548953125 0.264296053125 0.2535931265625 0.2816714375 0.257942778125 0.29326258125 0.2587302875 0.287523665625 0.24249459375 0.28524623125000004 0.23093089375 0.30161445625 0.22873295312500003 0.30890943437499996 0.24211648593750001 0.332486403125 0.241394271875 0.33675990625 0.23513502343749998 0.3591528328125 0.241304509375 0.37950878125 0.2407155859375 0.4 0.23554041875 0.4 0
0 0.8460558062499999 0.061811781249999996 0.8477207671875 0.0645306515625 0.8523436265625 0.068647721875 0.8588945656250001 0.073952171875 0.8690612078125 0.076826096875 0.8755032515625001 0.07655951562499999 0.8773224328125 0.072175865625 0.8739925140625001 0.06673812500000001 0.8688660765625 0.059347259375 0.8641116546875001 0.055995934375 0.85587309375 0.054309389062500005 0.8484012296875001 0.054365149999999994 0.8460784703125 0.055475004687499996 0.8460558062499999 0.061811781249999996
0 0.790286871875 0.0947850375 0.7982623140625 0.098003071875 0.8066324359374999 0.098923871875 0.8090867578125 0.0970482734375 0.811277959375 0.096704165625 0.8118042015625001 0.09364118593750001 0.8124620015625 0.0898124625 0.8157056859375 0.08334239375 0.80709510625 0.077616309375 0.798988103125 0.07516401874999999 0.7890619187500001 0.07709537968749999 0.787746315625 0.08475282656250001 0.7878552125 0.09032385937500001 0.790286871875 0.0947850375
0 0.8220847390625 0.24476901406249998 0.8243621749999999 0.2563327125 0.8261360328125 0.264622615625 0.8308677890624999 0.2743107171875 0.833431009375 0.27800615 0.8366293671874999 0.28420963593750004 0.838162765625 0.28769425000000004 0.844232790625 0.2833881265625 0.8441465562499999 0.27148032031249997 0.841737559375 0.2606823671875 0.839197003125 0.25065015625 0.8356039625000001 0.24674390625 0.828286325 0.23969714843749998 0.8220847390625 0.24476901406249998
0 0.58334424375 0 0.5871988984375001 0.004856896875 0.5956779187500001 0.011348728125 0.60082701875 0.012402818749999999 0.6122866015625 0.0139560734375 0.6155302875 0.007486006250000001 0.61890553125 0.0002501953125 0.618842171875 0 0.58334424375 0
0 0.375898890625 0.734464490625 0.3821004765625 0.729392621875 0.3743019203125 0.712735290625 0.366303815625 0.7158540328124999 0.361526734375 0.718839484375 0.3602111296875 0.7264969328124999 0.3604515875 0.73130221875 0.36829546875 0.7352859984375 0.375898890625 0.734464490625
0 0.2533182 0.6102859515625 0.2518710359375 0.6187091453125 0.2589255546875 0.6272873921875 0.27838324375 0.6257219046875 0.2750759859375 0.6139473875 0.27470396875 0.609907846875 0.266991646875 0.6051583218750001 0.2566934453125 0.603050140625 0.2533182 0.6102859515625
1 0.4 0.359375 0 0.359375 0 0.4847658 0.0008895015625 0.48489143749999997 0.0164457046875 0.4936247421875001 0.028889782812499997 0.5080623656250001 0.043239278125 0.530024146875 0.063704125 0.5350062546875 0.0777495890625 0.5339181671875 0.082218225 0.54513775625 0.0911781640625 0.5612401609375001 0.08688199375 0.5738361859375 0.055964723437499996 0.57384841875 0.055874075 0.5991955234375 0.062116567187500006 0.618705015625 0.0778496546875 0.613999021875 0.08216848593750001 0.5950662203125 0.0905386078125 0.5959870203125 0.11060877031250001 0.6032663625 0.1342946390625 0.608115178125 0.1431047671875 0.5940651906250001 0.14163935625 0.5715702484375 0.1464391015625 0.5622480203125 0.1659603609375 0.5789271171875 0.18497804375 0.5923324171875001 0.218481196875 0.5896788390625 0.21789138125 0.574497234375 0.2470757046875 0.590776459375 0.271922953125 0.59507035 0.2990067265625 0.5863465781249999 0.3282363765625 0.58995225 0.3503435171875 0.6039900046875 0.3705679046875 0.6041668234375 0.37885179375 0.593179815625 0.4 0.5945021421875 0.4 0.359375
0 0.9409963343750001 0.705257253125 0.9232873640625 0.6988343031250001 0.90629895625 0.7028170359375 0.9142888375 0.71471084375 0.9171496140625 0.7199592890625001 0.9335189125 0.7195800609375 0.939448565625 0.7142660125 0.9409963343750001 0.705257253125
0 0.870539609375 0.74305723125 0.8628059593749999 0.7442717328125 0.8585255281249999 0.7545862031249999 0.8640923031250001 0.7659839703125 0.873784728125 0.7679681406250001 0.8819827109375 0.7640510109374999 0.8880671390625 0.7578360859375 0.8868822484375001 0.750133034375 0.870539609375 0.74305723125
0 0.6508862750000001 0.9265687015624999 0.6516334984375 0.929519353125 0.66197169375 0.9204449875 0.6633646875 0.9123371031249998 0.654910475 0.9031459203125 0.6421758328125 0.9042692140625 0.6412205109375 0.9171295015624998 0.6508862750000001 0.9265687015624999
0 0.6376073171875 0.952759715625 0.6471449671875 0.9556447609374998 0.643462178125 0.9259814515624999 0.63699340625 0.9125339125 0.6268633109375 0.9057973390625002 0.62062410625 0.9129131390625 0.6285873234375 0.9322619781250001 0.6376073171875 0.952759715625
0 0.7396873453125 0.971791753125 0.7421852453125 0.9937520109375001 0.75930176875 0.9963234312499999 0.7611590890625 0.9855129187500001 0.76332596875 0.9729006515624998 0.7519843171874999 0.9659160578125 0.7396873453125 0.971791753125
0 0.6311755953125 0.844198528125 0.61828618125 0.8462226968749998 0.623153859375 0.8835890578125 0.6358618375 0.889920796875 0.6369719375 0.876159634375 0.6311755953125 0.844198528125
1 0.4 0.359375 0.4 0.7606727249999999 0.41593531562499997 0.7684288625 0.45235670624999996 0.79733371875 0.47117577343750006 0.7899955015625 0.514145921875 0.809982803125 0.51497313125 0.7905683609375 0.53616198125 0.79863625 0.5619141546875 0.8020429453125001 0.58307634375 0.8175658625000001 0.5940817765624999 0.8338072390625001 0.610141521875 0.8352297640625 0.6227480484375001 0.8275523187499999 0.6406384546874999 0.825619359375 0.6571891937500001 0.8168842234374999 0.7003622500000001 0.8648898953125 0.71536521875 0.8651635234375 0.6808811374999999 0.8030830609375 0.7631919703125 0.79848429375 0.7954181124999999 0.7715092203125 0.8025859765625001 0.7589881609375 0.8091347359375 0.750070609375 0.8225632765625001 0.7668080296875 0.8438054515625 0.7599658546875 0.8321809109375 0.7473279828124999 0.8617491828125001 0.743122834375 0.85275585 0.7151700671875 0.8538392890625002 0.7088639328124999 0.8911412109375 0.703444284375 0.9019704000000001 0.6842122609375 0.9070247124999999 0.6693934078125 0.9316186562500001 0.6576420187500001 0.9540457234375002 0.6585028984375001 0.9615231421875 0.6441800890625 0.947448834375 0.6385012031249999 0.9589985859375 0.6296748609374999 0.9792854359375 0.635692975 0.9838754187500001 0.6235767515624999 0.9679971125 0.61379831875 0.9731047515625001 0.58406940625 0.9859193765625001 0.5605810218749999 0.9937063500000001 0.5444564578125 0.988683896875 0.507990971875 0.9968070859375 0.48260962812499997 0.9889986437499999 0.4623599125 0.985134415625 0.44105250781249994 0.968354109375 0.429224303125 0.9694160796875 0.386543890625 0.950073721875 0.359375 0.4 0.359375
0 0.7963682390625 0.8024782406250001 0.792167796875 0.7904276203125 0.7727829421875001 0.7864592781249999 0.7674190750000001 0.803079884375 0.7801270546875 0.8094116234375001 0.7963682390625 0.8024782406250001
0 0.9612883812499999 0.6674460578125 0.9506406312500001 0.678322175 0.946514978125 0.6877357703125 0.9605892890625001 0.6934146546875001 0.96894204375 0.688596646875 0.97095414375 0.6768852578125 0.9612883812499999 0.6674460578125