0 0.046914046875 0.06424063906250001 0.033715890625 0.0695248109375 0.03579108125 0.069186659375 0.0328030625 0.082207715625 0.037534628125000004 0.087703790625 0.052880625 0.0828530171875 0.057051537500000006 0.071205978125 0.046914046875 0.06424063906250001
0 0.10058049375 0 0.0968939359375 0.0020428828124999998 0.0922144921875 0.0082890921875 0.095981109375 0.0147257890625 0.10256992499999999 0.017569071875 0.10908609375 0.0196408078125 0.11441936875 0.020338525 0.12385090781250001 0.0086176546875 0.1221856109375 0 0.10058049375 0
0 0.22095065625000002 0.06643351875 0.23651459687499998 0.063897384375 0.239066728125 0.046247046874999996 0.23278903125 0.0355192171875 0.217443034375 0.0403699890625 0.208156790625 0.053633953125 0.22095065625000002 0.06643351875
0 0.40258369062500005 0.126925828125 0.3951752234375 0.1265662640625 0.3816659484375 0.13973498125 0.3802445875 0.14701705625 0.3912743765625 0.152270225 0.40693149218749997 0.13953490468750002 0.40258369062500005 0.126925828125
0 0.41516122187500004 0.21574899687500002 0.42517394218750004 0.2102005046875 0.42519446875 0.1992297703125 0.4150569796875 0.1922644296875 0.40193146874999996 0.1983201484375 0.3982169734375 0.20362573281250002 0.3990160984375 0.2121127515625 0.408935646875 0.2167634484375 0.41516122187500004 0.21574899687500002
0 0.559375 0.1173415890625 0.5695208765625 0.117939090625 0.586049765625 0.11446233593749999 0.6022880640625 0.1078993921875 0.6135563234375 0.10449646718750001 0.6202383140625 0.0971405609375 0.6118127765625 0.08597933437500001 0.597649671875 0.09220412812499999 0.5761507453125 0.098840903125 0.576949871875 0.107327921875 0.559375 0.1170669328125 0.559375 0.1173415890625
0 0.6804710046875 0.09907646406250001 0.6933059234375 0.08993455781250001 0.694291396875 0.0780231984375 0.6782915703125 0.0759300484375 0.6643464078125 0.0844694828125 0.6511482515625 0.08975365468749999 0.66099515 0.0936328046875 0.6735915984374999 0.0931469921875 0.6804710046875 0.09907646406250001
0 0.7487549265625 0.0746321015625 0.73422858125 0.076999159375 0.7267269390625 0.0868387828125 0.7282730703125 0.0920705359375 0.740049865625 0.0940684421875 0.752355721875 0.090496440625 0.7545240875 0.0799591015625 0.7487549265625 0.0746321015625
0 0.795186140625 0.0083122890625 0.7876118515625 0.017380365624999998 0.7934536609375 0.023478912499999997 0.79478185 0.026396025 0.8063407015624999 0.0260792890625 0.8205764546874998 0.0206260421875 0.8153363531250001 0.0097291375 0.795186140625 0.0083122890625
0 0.99456255 0.08941488125 0.986282309375 0.07979675 0.9736858625 0.0802825609375 0.96893376875 0.0857572234375 0.9727730343750001 0.0929654671875 0.9741738703125 0.096654128125 0.983730178125 0.0974470890625 0.9868429656250001 0.0969398640625 0.99456255 0.08941488125
0 0.9148018859375 0.0702930375 0.9233932421875 0.072026621875 0.9316940140625001 0.07067401718750001 0.9317145390625001 0.0597032828125 0.93557433125 0.055940790625 0.9264744390625002 0.048806376562499997 0.9140959328125 0.0516068296875 0.9067395859375 0.062989546875 0.9115438015624999 0.0692571703125 0.9148018859375 0.0702930375
0 0.900510534375 0.18777940625 0.910595903125 0.18300246250000002 0.9180975453125001 0.173162840625 0.915295875 0.16578551875 0.9060301593750001 0.1680787453125 0.8888995625 0.1763538609375 0.900510534375 0.18777940625
0 0 0.678911078125 0.0046432453125000005 0.6831173109374999 0.017405515625 0.67320385625 0.0163157984375 0.66163065 0.007651792187500001 0.6591255171875 0.0006065625 0.6626236875 0 0.6646111203125 0 0.678911078125
0 0.09395861093749999 0.624693871875 0.0884595125 0.6334237968750001 0.0740058171875 0.6365624015625 0.06850671875 0.645292325 0.0739126421875 0.6467615890625 0.0870176234375 0.6516766078125 0.1016892640625 0.6508526437500001 0.100454253125 0.63773634375 0.10194826093750001 0.6312258156249999 0.09395861093749999 0.624693871875
0 0.192779771875 0.6336593578125 0.2064864640625 0.6337760171875 0.2142060484375 0.6262510359375 0.2073992890625 0.6210931109375 0.1928002984375 0.6226886203124999 0.182040571875 0.631492378125 0.192779771875 0.6336593578125
0 0.2702662203125 0.5614957328125 0.28433615 0.5654701265625001 0.2922736796875 0.5602597874999999 0.29340445000000004 0.5498915234374999 0.27986358125 0.5403472218750001 0.267630371875 0.5446907703125 0.2702662203125 0.5614957328125
0 0.374379603125 0.5931004046874999 0.3685899140625 0.598744140625 0.36301816875 0.60670251875 0.37064457812499996 0.6093767265625 0.37255395 0.6184662171875 0.38671705312500004 0.6122414234375 0.3933263953125 0.6041139703125 0.3945298140625 0.5945172546874999 0.3868307546875 0.5910715 0.374379603125 0.5931004046874999
0 0.42497387968749994 0.6381262890625 0.4296327984375 0.6428508171875 0.43682332187500006 0.640895740625 0.44978300937500004 0.6442676656249999 0.45195137656249995 0.6337303265625 0.448330053125 0.6288367218750001 0.43558830937500004 0.6277794390625 0.42943538124999997 0.629565440625 0.42497387968749994 0.6381262890625
0 0.5272781234374999 1 0.523739896875 0.9933569578124999 0.5210108734375 0.986751184375 0.52214164375 0.9763829203124998 0.5087050171875 0.990323184375 0.4995995640625 1 0.5272781234374999 1
0 0.9950271265625 1 0.9954155625000001 0.9980099187499999 0.9955087375 0.9878107296875 0.99328825 0.9866057859375001 0.9798721499999999 0.9895753156249999 0.9687491843749999 0.994521334375 0.9617610124999999 1 0.9950271265625 1
0 0.987373790625 0.9797356921875 0.9888678015625001 0.9732251640625 0.9822789859375 0.97038188125 0.971010725 0.97378480625 0.9632184921875 0.9805382406250001 0.9658748656250001 0.9863724656249999 0.9714260843750001 0.9893848249999999 0.9786166093750002 0.9874297484374999 0.98365929375 0.985041278125 0.987373790625 0.9797356921875
1 1 0.46875 0.559375 0.46875 0.559375 0.9561251953125 0.5626526953125001 0.9557208640624999 0.5767952734375 0.9604668078125 0.5701654046875 0.9795649953125001 0.59246345625 0.9814152406249999 0.6262998328125 0.993919484375 0.6449894015625001 1 0.815842115625 1 0.8150807296875 0.9960599453124999 0.8329378046875 0.9955003031250002 0.83218425625 1 0.9180332281249999 1 0.92770175625 0.9949429015625 0.927742809375 0.9730014296875 0.941594796875 0.9746611843749999 0.9571587375 0.972125053125 0.9887430328125 0.9607113343750001 1 0.9619826093749999 1 0.46875