0 0.249700315625 0.057015562500000005 0.256120946875 0.06811013125 0.2653689671875 0.07116200624999999 0.2748063421875 0.057556853124999995 0.2778762609375 0.04537031875 0.2659902140625 0.033704109375 0.254991290625 0.0471459359375 0.249700315625 0.057015562500000005
0 0.270493928125 0.1446591828125 0.27080455312499996 0.125930234375 0.2637169546875 0.126231228125 0.2534456296875 0.12724153124999998 0.24905669531250002 0.13512090000000002 0.2567963421875 0.150522634375 0.270493928125 0.1446591828125
0 0.32264721406249997 0.2199482484375 0.32241959531250003 0.19699379687500002 0.310526090625 0.198876734375 0.3007323734375 0.2051485015625 0.3045681515625 0.2201419234375 0.313694903125 0.22526571875 0.32264721406249997 0.2199482484375
0 0.237778921875 0.3278095171875 0.2485884875 0.3310247171875 0.25736635625000004 0.31526598125 0.2533486796875 0.30338044062499997 0.24476016875 0.3024821484375 0.23592912500000002 0.30572769843750003 0.235201525 0.318159221875 0.237778921875 0.3278095171875
0 0.035954096875 0.460960915625 0.037811353125 0.46949358593749996 0.0428523359375 0.4773169484375 0.052820496875 0.481486446875 0.0620153375 0.4720251359375 0.0583008265625 0.4549597921875 0.051334496875 0.45318886718750007 0.045808446875 0.45365318749999994 0.035954096875 0.460960915625
0 0.2079733375 0.3538765421875 0.20160588124999998 0.355295159375 0.196375540625 0.364128825 0.19570857656250001 0.3755243890625 0.2018941328125 0.37721365156250003 0.20814032187499998 0.3778669546875 0.21415143749999999 0.369114953125 0.21475776875000002 0.3587553484375 0.2079733375 0.3538765421875
1 0.41875 0.55 0.41875 0.23880937656249998 0.4052879640625 0.2306764328125 0.3935082671875 0.244036596875 0.3768694859375 0.24646551875 0.36871286406250003 0.22476635625000002 0.3577894890625 0.21007393125 0.3216005625 0.157300653125 0.35033809374999997 0.21659068593750003 0.3533324640625 0.2325384046875 0.367795909375 0.253854909375 0.3591393078125 0.2675417234375 0.345153471875 0.2514866859375 0.3414772203125 0.27403282500000004 0.3286816734375 0.2779060203125 0.31378633906250003 0.2773903859375 0.30814647968750003 0.2663774796875 0.29306924687499997 0.2689697265625 0.291075809375 0.2896072703125 0.282237309375 0.306401965625 0.294843496875 0.3191857984375 0.28636879375 0.3297647328125 0.27471036249999997 0.3410529765625 0.253023140625 0.34920768281250003 0.24143279999999998 0.34591081875 0.22678745781249998 0.327702196875 0.21303669687500001 0.3210524640625 0.1883019265625 0.3007462640625 0.1762871546875 0.304701121875 0.1668572359375 0.304757128125 0.163908584375 0.31487174375000004 0.1827535046875 0.341858025 0.2052140421875 0.3473341296875 0.22382388749999999 0.36491510625 0.2218985421875 0.3709675421875 0.2132419390625 0.3846543578125 0.2020004828125 0.40224002499999995 0.19219930937500002 0.42206093906250003 0.1843691984375 0.4618917515625 0.179858996875 0.47184304062500004 0.17997280625 0.4833202671875 0.1859158296875 0.48915337187499996 0.18843259375000002 0.499839625 0.1783431671875 0.49774204843750003 0.126288775 0.4610285015625 0.12214983125000001 0.45121488281250005 0.1076789296875 0.4434475265625 0.09580034062500001 0.41823216875 0.085112040625 0.4129450484375 0.09230598906250001 0.43767042656250005 0.0831792359375 0.43254663125 0.0771681203125 0.441298634375 0.10256985625 0.4502092703125 0.1072470390625 0.46424839531249995 0.11805660625 0.4674635953125 0.1461495453125 0.497501753125 0.155033765625 0.5067693890625 0.16085552187500002 0.5146744140624999 0.16037045781249998 0.522962096875 0.149560890625 0.519746896875 0.1426020171875 0.504426821875 0.128548090625 0.5029568906249999 0.12409106562500001 0.5254213671875 0.12468248281250001 0.5421600578125 0.1333660296875 0.55 0.41875 0.55
0 0.7257836015625 0 0.7254814062499999 0.0051632109375 0.73460815625 0.0102870078125 0.7427190609375 0.005923834375 0.74540390625 0 0.7257836015625 0
0 0.8189438171875001 0 0.8167181250000001 0.0032405406249999998 0.8156873609374999 0.020851865625 0.8217516500000001 0.0246130484375 0.8319623421875001 0.02463870625 0.8403764109375 0.01509573125 0.8417635171875 0.004817790625 0.8386591734375 0 0.8189438171875001 0
0 0.6385963312499999 0.06695225 0.634336121875 0.059210549999999994 0.62640711875 0.060465840625 0.6214799421875 0.06411970624999999 0.61781115 0.073116696875 0.6242924140625 0.08317530625 0.6225489671875 0.0861198609375 0.6364209953125 0.0906976734375 0.6409311953125 0.08074638437500001 0.6385963312499999 0.06695225
0 0.6057889203125 0.09062070312500001 0.59816308125 0.08669619375 0.5924551328125001 0.0902683953125 0.5917881671874999 0.1016639578125 0.59310718125 0.10597112500000001 0.5975492921875001 0.11060494218750001 0.6060165375000001 0.11357515625 0.610223571875 0.10880366718750001 0.61095116875 0.09637214375 0.6057889203125 0.09062070312500001
0 0.5464352 0.11151261875 0.5426525984375 0.109032384375 0.5388093625 0.107588109375 0.5293188109375 0.1086800765625 0.5236108625 0.1122522765625 0.5198208015625 0.1233211890625 0.5225800984375 0.129863603125 0.5298421359375001 0.1400038734375 0.5446162046875 0.142591428125 0.548284996875 0.1335944359375 0.5489519625 0.1221988734375 0.5464352 0.11151261875
0 0.4753475015625 0.1718270328125 0.469457653125 0.1785071140625 0.4689725875 0.1867947984375 0.47167125 0.1943731703125 0.4802597609375 0.1952714625 0.4883706640625 0.1909082890625 0.4911980515625 0.18286559687499998 0.48874192031249997 0.17114337968749999 0.48081291718749997 0.17239867343749998 0.4753475015625 0.1718270328125
1 1 0.55 1 0.20898246875 0.9979351234374999 0.2087664984375 0.9885126625 0.1952733578125 0.984434353125 0.184423778125 0.9701528078125001 0.15999939375 0.9565233140625 0.151277740625 0.941756703125 0.1351410390625 0.9276496 0.12115792031249999 0.9229649578124999 0.12066794375 0.91125335 0.11944300156250001 0.8973813234375001 0.11486518906250001 0.8898161187500001 0.10990471875 0.8832742203125001 0.1008820703125 0.8731316203125001 0.08627130625 0.8626783937500001 0.090389490625 0.8578193109375001 0.079458246875 0.851338046875 0.06939963906249999 0.8554919046875 0.052114965624999995 0.8538771828125 0.039438453125 0.8367607937500001 0.036605909375 0.8288849640624999 0.05037438749999999 0.8257544124999999 0.0635968828125 0.817946675 0.06278025468750001 0.80665204375 0.06785273750000001 0.7928406484374999 0.0622389640625 0.7810077765625 0.0630859421875 0.7622085734375 0.0621619921875 0.7457516921874999 0.061483032812500005 0.7292341765625 0.0618400328125 0.714399475 0.0602884390625 0.696381046875 0.059446154687499995 0.69236336875 0.0475606140625 0.6803485968749999 0.051515471874999996 0.6788934015625 0.0763785203125 0.6688114328125 0.0607317953125 0.66731051875 0.059532509375 0.6554701875 0.073928634375 0.6635130015625 0.0841505671875 0.6401429640625 0.09421386875 0.6352157890625 0.0978677328125 0.619714121875 0.10771170156250001 0.604333721875 0.11548375 0.5933954328125 0.1278896171875 0.603719934375 0.1393925 0.5960866375 0.1490171375 0.585277071875 0.14580193749999998 0.5761503203125 0.140678140625 0.5619751265625 0.14128012968749998 0.54863388125 0.15447696875 0.5331322140625 0.1643209375 0.529228346875 0.1639126234375 0.5043723109375 0.14567834375 0.481017190625 0.1286433515625 0.43958300625 0.111802034375 0.4467844109375 0.12297826406250001 0.472421221875 0.14129420625 0.4858081828125 0.1541597015625 0.4999152859375 0.1681428203125 0.5016512750000001 0.1787474109375 0.49389671249999995 0.19044396875 0.4754389359375 0.22395170000000003 0.4715201515625 0.250641678125 0.4665780625 0.2813938359375 0.46272736718749996 0.2934987078125 0.4532825359375 0.3206530078125 0.43928178281249997 0.33169626406249997 0.4353779140625 0.3312879484375 0.42823714218750003 0.31907575781249997 0.41875 0.3198729046875 0.41875 0.37096614375 0.41889865937500004 0.3712564296875 0.42111225625 0.3871224859375 0.4285561953125 0.3941548765625 0.42920824375000005 0.4098576078125 0.4279349484375 0.4316127734375 0.42702545000000003 0.44715217812499997 0.41875 0.450868728125 0.41875 0.5103820453125001 0.42169718593749994 0.5247675390625 0.422288603125 0.5415062296875 0.42818486875 0.55 1 0.55
0 0.045986684374999996 0.7425969828125 0.0332798359375 0.7398828671875 0.0231834578125 0.7513352328125 0.0337711078125 0.76370016875 0.047242095312499996 0.7751159078125001 0.0497707 0.7641227359375 0.045986684374999996 0.7425969828125
0 0.0669345109375 0.7446537484375 0.053245226562500005 0.7369677734375 0.042785028125 0.75463626875 0.052581350000000006 0.7644167078125 0.065406459375 0.7707615750000001 0.071609878125 0.761403625 0.0669345109375 0.7446537484375
0 0.0424399078125 0.9860049249999999 0.057793695312500004 0.9813566265624999 0.065225021875 0.9671238828125001 0.06062249374999999 0.9491307625000001 0.0513265171875 0.94690765625 0.0395657515625 0.9529428296875 0.03157034375 0.9623530484374999 0.0375463234375 0.9729847265625 0.0424399078125 0.9860049249999999
0 0.1476690796875 0.5892383140625 0.16863501875 0.601437875 0.16957187812500002 0.6015358625 0.17700320625 0.5873031171875 0.1750657265625 0.572090421875 0.16238606718749998 0.5632591796875001 0.15063426093750001 0.5707858984375 0.1476690796875 0.5892383140625
0 0.1038451875 0.59716304375 0.11566075625000001 0.6046530453125001 0.12489303593750001 0.591859484375 0.11294101875 0.5705959796875 0.10710149531249999 0.5737377593749999 0.0967958984375 0.5726598734375 0.0952768546875 0.582507678125 0.1038451875 0.59716304375
0 0.1206382265625 0.6144159453125 0.1130503203125 0.6331492484375 0.12090008125 0.64397700625 0.1295501828125 0.641129190625 0.13005953125 0.6324266453125 0.130141371875 0.614923471875 0.1206382265625 0.6144159453125
0 0.15925720625 0.61671794375 0.15537324375 0.602552478125 0.148169353125 0.5967956890625 0.14010129375 0.58969765 0.12884564062499998 0.59495418125 0.1357625984375 0.6155114078125 0.14080178593749998 0.6260451515625001 0.15377243125 0.6299034640625 0.15925720625 0.61671794375
1 0.2006599609375 0.55 0.2008707109375 0.5660335546875 0.2168612265625 0.5827160890624999 0.2173524984375 0.60653334375 0.20221693125 0.6074519625 0.19788738125 0.6170058109375 0.1885914078125 0.6147827046875001 0.1669614421875 0.6300321140625 0.1479966015625 0.6480619078125 0.1293228875 0.6611188328125 0.11517886718749999 0.69341208125 0.11054911406250001 0.7241987640625001 0.100016146875 0.7431105609374999 0.11154065937499999 0.7555733890624999 0.0998616140625 0.76185695 0.079104825 0.7621875390625 0.07231937031249999 0.7814912015625 0.0565380765625 0.7773389187499999 0.048097121874999996 0.792716975 0.06445153125 0.8031833374999999 0.07691282187500001 0.8157443390625 0.06032205 0.8415273953125 0.0716191921875 0.87397990625 0.0879008328125 0.885689571875 0.085153875 0.9004122656250001 0.073120084375 0.8966519890625 0.06669838125000001 0.9097395140625 0.073756815625 0.917982771875 0.0770586671875 0.9420940359374999 0.0786232515625 0.9797827828125001 0.08459922812500001 0.9904144625000001 0.08820193750000001 1 0.41875 1 0.41875 0.55 0.243824790625 0.55 0.2421021734375 0.5540851796874999 0.2329216046875 0.55 0.2006599609375 0.55
0 0.6731836015624999 0.68191608125 0.67996139375 0.6924348859375 0.6909127500000001 0.69480655 0.699393765625 0.6920148859374999 0.702086878125 0.6775817125 0.69912598125 0.6650096484375 0.6854902859375 0.6611309859375 0.6738256 0.6709470890625 0.6731836015624999 0.68191608125
0 0.7200201093749999 0.57645341875 0.71301954375 0.5855311171875 0.7115303203125001 0.5951852578125 0.7149192187500001 0.600444659375 0.7250233484375 0.6015014734374999 0.7328711375 0.5937386265625 0.734503028125 0.5816469328125 0.7264500109375 0.5771259375 0.7200201093749999 0.57645341875
1 1 1 1 0.55 0.908387796875 0.55 0.8935648875 0.5798900015624999 0.874186303125 0.6109715703124999 0.8641359578125 0.640576325 0.862227509375 0.641602953125 0.85396049375 0.6407382875 0.8471025937500001 0.6473784328125001 0.8223015453125001 0.6447844359375 0.8237106609375001 0.6522892453125 0.8258155609374999 0.6794866296875 0.8308275734375 0.6885945109375 0.833431803125 0.7072604609375001 0.8307386921875001 0.721693634375 0.8054470859375 0.7116909031249999 0.7949237296874999 0.702006578125 0.7822779265625 0.6970052125 0.7787463640625 0.6941833625 0.7593139921875001 0.6946033640625 0.758529328125 0.7080099093750001 0.77887148125 0.723626153125 0.7794333734375 0.7298161140625 0.798375184375 0.7219873765625 0.8216782375000001 0.7501756859375 0.81700534375 0.7668542671875 0.8141695656250001 0.7837249953125001 0.8136702328125001 0.7922564328125 0.810343896875 0.801718425 0.8036198875 0.8218611875 0.8022019984375 0.8302965515625 0.8023984484375 0.8585205671875 0.8039414562499999 0.87952799375 0.7992060046875 0.8814851796875001 0.79419399375 0.8723772953125 0.7829573046875 0.8748807390625 0.7807547515625 0.8967226484375 0.7892983265625 0.9086523796874999 0.8007490140625 0.9024926078125001 0.802078021875 0.9271563640625 0.7919651171875 0.9420397250000001 0.787506221875 0.955061971875 0.7820662140625 0.9532667531250001 0.7511205953125 0.94512513125 0.7416409156249999 0.964979671875 0.7607078453125 0.9865937296875 0.7525747218750001 0.9992316812500001 0.7534562453125 1 1 1