0 0.23890812968750003 0.049410625 0.2412522359375 0.0451111671875 0.23187580937500002 0.031085985937499998 0.2201552734375 0.0244825640625 0.20609063125 0.0148932328125 0.2037465234375 0.002540415625 0.1982769421875 0.007021728125 0.20296515468749998 0.032768128125000004 0.2178111671875 0.0433527640625 0.22249937968750003 0.0534876578125 0.2310944390625 0.060272931249999995 0.23890812968750003 0.049410625
0 0.2217180125 0.0816338375 0.2248434875 0.0897781203125 0.234219915625 0.09755869843750001 0.24594045000000003 0.093754446875 0.2475031890625 0.0780520109375 0.24203360625 0.0658810484375 0.2287503328125 0.068735459375 0.22171801093750002 0.074348465625 0.2217180125 0.0816338375
0 0.1709290265625 0.0481621 0.1662408125 0.042190276562500004 0.1631153359375 0.0392498265625 0.15686438281249998 0.03857276875 0.15061343124999998 0.0399772421875 0.1474879546875 0.05056676718749999 0.14748795625 0.059933671875000004 0.15217616875 0.064864728125 0.1607712296875 0.0664461671875 0.16858491874999998 0.056624628125 0.1709290265625 0.0481621
0 0.254535509375 0.26394018125 0.24672182031249998 0.263354046875 0.22953170156249997 0.269558075 0.22328074843749998 0.2688810171875 0.213122953125 0.26322743593750003 0.20843473750000002 0.26766328437500003 0.21546705937500002 0.2828656234375 0.2193739046875 0.288882909375 0.23031307031249998 0.2924094921875 0.23812676093750001 0.2929956265625 0.2475031890625 0.2934908328125 0.25531687812500004 0.290954665625 0.2592237234375 0.27823814062499996 0.254535509375 0.26394018125
0 0.22008496718749998 0.3796875 0.22249938125000002 0.378207040625 0.2279689625 0.37164419375 0.238908128125 0.36372233593750003 0.24359634375 0.34991958125 0.235001284375 0.3493789125 0.22953170156249997 0.3517786890625 0.21624842968750002 0.352551565625 0.20921610624999998 0.3602461078125 0.20041847031249999 0.3796875 0.22008496718749998 0.3796875
0 0.24533861875000001 0.3796875 0.252972771875 0.37331166875 0.24828455625 0.36421754375000004 0.23968949843749998 0.3636768734375 0.234219915625 0.3681581859375 0.2334385453125 0.37965208906250003 0.23367987031249998 0.3796875 0.24533861875000001 0.3796875
1 0.609375 0.3796875 0.609375 0 0.2929018859375 0 0.289697115625 0.019395559375 0.2842275328125 0.039488381249999996 0.2951666984375 0.0492595671875 0.2904784828125 0.0620215546875 0.2709442578125 0.055872767187500005 0.2529727703125 0.05067381875 0.24672182031249998 0.06456750156249999 0.25531687812500004 0.077597378125 0.271725628125 0.0849687859375 0.254535509375 0.09429511874999999 0.24515908125000002 0.09900374843750001 0.24359634375 0.10325774218749999 0.24594045000000003 0.12185516249999999 0.24594045000000003 0.14058897343750001 0.24906592500000002 0.1612224671875 0.2600050921875 0.16370828125 0.2709442578125 0.1745202328125 0.270944259375 0.2036617171875 0.26156783125 0.20108497500000003 0.25687961718749996 0.2138469625 0.2576609859375 0.227331471875 0.25687961718749996 0.250273815625 0.26938152031249996 0.25370947187500004 0.2686001515625 0.263121840625 0.26625604531249997 0.28511434375 0.27953931875000004 0.29058606875000004 0.281883425 0.3071019546875 0.289697115625 0.323299596875 0.28579027031250004 0.3308122859375 0.2865716390625 0.3599083046875 0.2686001515625 0.3682393328125 0.26391193749999997 0.37891978593750003 0.26746539999999996 0.3796875 0.609375 0.3796875
0 0.62718164375 0.09037398437500001 0.6279630125 0.10489926093749999 0.6381208109375 0.1084713078125 0.6498413453125 0.106748590625 0.656092296875 0.098058746875 0.655310928125 0.08873730468749999 0.652185453125 0.0805930203125 0.64671586875 0.0725851234375 0.6396835484375 0.07299429375000001 0.634995334375 0.0732670734375 0.6279630125 0.0757577796875 0.62718164375 0.09037398437500001
1 1 0.3796875 1 0 0.7748940125 0 0.7740790171875 0.0037693312499999998 0.76313985 0.020017328125 0.7607957437499999 0.029520623437499997 0.7443869953125001 0.0471276296875 0.7311037218750001 0.04790050625 0.7193831875 0.0746016359375 0.7186018187500001 0.09858474843750001 0.7193831875 0.12768076718750002 0.7186018187500001 0.1495823421875 0.734229196875 0.1663661203125 0.7225086625 0.174333440625 0.7225086625 0.18890418125 0.7186018187500001 0.21306914531249999 0.713132234375 0.21130585625 0.70375580625 0.220177553125 0.7068812828125 0.24185181249999999 0.72329003125 0.25650858906249996 0.7170390796875 0.2662392015625 0.70531854375 0.2617173171875 0.6959421171875 0.273711315625 0.6920352703125 0.289550140625 0.7193831859375 0.3212634765625 0.7037558078125 0.3148873734375 0.6889097953125 0.3115881078125 0.68422158125 0.333717 0.6818774750000001 0.328649553125 0.677189259375 0.35494151406249996 0.68578431875 0.36276755625 0.6943793796875 0.3789197359375 0.6946539671874999 0.3796875 1 0.3796875
0 0.693598009375 0.173812903125 0.6810961046874999 0.1755810859375 0.6803147375 0.18811575625000002 0.6834402125000001 0.19730080781249998 0.6975048546875 0.197523234375 0.70375580625 0.18883339062499999 0.693598009375 0.173812903125
0 0 0.9204197359374999 0.01173199375 0.9280724499999999 0.013607140625 0.9167222781250001 0.008590125 0.8959153296875 0 0.8954867734375 0 0.9204197359374999
0 0.029546109375 0.8945620062499999 0.0154822875 0.889135325 0.006106409375 0.9084157749999999 0.016419934375 0.9165586171874999 0.0295461078125 0.9207909749999998 0.0351716953125 0.9104716109375002 0.029546109375 0.8945620062499999
0 0.12236733749999999 0.5282017390625 0.11756592968749999 0.5462007765625 0.1204921921875 0.5545397421875 0.1336184375 0.5500290031249999 0.13736873125 0.536071846875 0.129868071875 0.5240183187499999 0.12236733749999999 0.5282017390625
0 0.12270263749999999 0.3796875 0.13174321875 0.416495675 0.127992853125 0.4204608625 0.1298680703125 0.43409069999999994 0.1398298015625 0.4340892546875 0.1458070390625 0.4194243578125 0.140181525 0.4022657515625 0.130778375 0.3796875 0.12270263749999999 0.3796875
0 0.14393189374999998 0.485730203125 0.138306378125 0.48355952343749997 0.1308056453125 0.4889919671875 0.1279928515625 0.505392528125 0.1374862375 0.5060219703125 0.1504949796875 0.5153242078125 0.159870859375 0.5122807265625 0.1542453453125 0.49637107187499996 0.14393189374999998 0.485730203125
0 0.1814354125 0.619688503125 0.1917488671875 0.6103454968750001 0.19362401406250002 0.5989954187500001 0.1823729875 0.590907078125 0.17393468125 0.5988920515625 0.168309165625 0.601717321875 0.17112195937500002 0.6140436078125 0.1814354125 0.619688503125
0 0.2226893 0.609794225 0.2301899609375 0.6106067828125 0.23487790312499998 0.597844071875 0.22831481562499997 0.5869850140625 0.2198765078125 0.578733015625 0.20956305468749997 0.5680921453125001 0.1960753796875 0.568166203125 0.20487511406249997 0.587099809375 0.21237577500000002 0.6016513375000001 0.2226893 0.609794225
0 0.31832332343749997 0.5692579671875 0.321135971875 0.5591024124999999 0.3258239125 0.5475886515624999 0.3167690140625 0.5424142546875 0.30894744375 0.5548155687499999 0.30707215312499997 0.5661656796875001 0.3126977375 0.5708342859375 0.31832332343749997 0.5692579671875
0 0.10080285781250001 0.7267976328125 0.12236733749999999 0.735534871875 0.1233049125 0.73548031875 0.1298680703125 0.7201105437499999 0.127055278125 0.70528625625 0.1139290328125 0.698556 0.10267800468749999 0.70795360625 0.10080285781250001 0.7267976328125
0 0.0576737515625 0.7417970140625 0.06986242499999999 0.7473328015625 0.0783007296875 0.7331029 0.0651744828125 0.71388269375 0.05954896875 0.7179570328125 0.049235515625 0.7185571125 0.04829786875 0.72860361875 0.0576737515625 0.7417970140625
0 0.0753817453125 0.7562403484375 0.06892485000000001 0.7761142249999999 0.0773631546875 0.7856152468750001 0.085801390625 0.7813772515624999 0.085801390625 0.7726343265625 0.08486381875 0.7552029296875 0.0753817453125 0.7562403484375
0 0.1139290328125 0.75226281875 0.1092410921875 0.738796609375 0.1017404296875 0.7342370796875001 0.0933021234375 0.7284830828125 0.08241244375 0.735541 0.09048933125 0.754875615625 0.09611491562499999 0.7645402421874999 0.1092410921875 0.76627450625 0.1139290328125 0.75226281875
1 0.609375 1 0.609375 0.71723503125 0.605225175 0.7099381656249999 0.5977244421875 0.700382640625 0.57240959375 0.67812464375 0.554595478125 0.6616752437500001 0.5405316578125 0.6512525625000001 0.5292806296875 0.6369192484375 0.5142791640625 0.6290491703125 0.49927769843750003 0.6211790453124999 0.48427637656250005 0.6208028624999999 0.46646211718749997 0.6168434203125 0.45333594218749995 0.603868184375 0.45896152656250006 0.599793890625 0.45802388125000004 0.5873584968750001 0.45052315 0.5753049703124999 0.4392721203125 0.575959603125 0.4317713890625 0.5951309515625001 0.42052035937500004 0.589540609375 0.4205203609375 0.578299684375 0.41114448125 0.5763472140625 0.39895580625 0.588297328125 0.3830168390625 0.5804817984375 0.3811416921875 0.573096903125 0.36801537500000003 0.5651176984374999 0.35770199062499997 0.5807056968750001 0.3670778734375 0.595148115625 0.3548891984375 0.5971062828125 0.344575675 0.5827184671875 0.3295743515625 0.58733828125 0.3117600921875 0.580880790625 0.3005090640625 0.609013321875 0.28644524374999997 0.6073336125 0.2620679703125 0.619992959375 0.24425378437499998 0.6260254625 0.2292523890625 0.6431352312499999 0.21143820156249998 0.6604086609375 0.1983119546875 0.6599234234375 0.1926864421875 0.6764876640624999 0.1814354125 0.67339531875 0.1767474734375 0.6611781359375 0.1654963734375 0.6643307234375 0.1504949796875 0.6689505890625 0.1523701984375 0.695070353125 0.169246740625 0.7090763546875 0.1711219578125 0.7326981218749999 0.1561204921875 0.7360689687499999 0.152370196875 0.746279125 0.14299431875 0.745575678125 0.1223673390625 0.764261790625 0.1045531515625 0.78528219375 0.0867390359375 0.8013066421874999 0.0745503640625 0.8357387015625001 0.07173757187499999 0.8671272343750001 0.062361690625 0.8876567546875 0.0745503625 0.89818844375 0.063299334375 0.9063371218749999 0.04267235625 0.9100351906250002 0.0370468421875 0.9303464046875 0.021107875 0.928775803125 0.013607142187499999 0.9454491968750001 0.030483754687499996 0.9532101687499999 0.0436099296875 0.9636875046875 0.028608535937500002 0.9920381484374999 0.032039440625 1 0.609375 1
0 0.8638978953125 0.789333525 0.8732743218750001 0.796073334375 0.8826507515625 0.7934462390625 0.8842134890625001 0.7902330109375 0.88265075 0.7788754984375 0.872492953125 0.765936546875 0.8646792640625 0.7684727140625001 0.85608420625 0.78146201875 0.8638978953125 0.789333525
0 0.8521773609375 0.8930514328125 0.8568655734374999 0.8990232562500001 0.8662420015624999 0.9005592296875001 0.87561843125 0.897932134375 0.8834321203125001 0.8912329 0.8849948578125 0.8838566015625 0.8826507515625 0.8683814828124999 0.8763997984374999 0.8666636546875001 0.8654606328125001 0.8725039765624999 0.85999105 0.8738629875000001 0.8513959906250002 0.8733223171875 0.8521773609375 0.8930514328125
0 0.667774275 0.8184378656250001 0.679494809375 0.821918984375 0.7084054625 0.8285629796875 0.7505993890625 0.8344340953125 0.7505993890625 0.82298565625 0.6904339765625 0.812956359375 0.6607419546875 0.7949093890625 0.6427704671875001 0.7865881406249999 0.639644990625 0.7982184328125 0.6537096328125 0.8140523703125 0.667774275 0.8184378656250001