0 0.32829583281249997 0.345928859375 0.3323244765625 0.35492166875 0.3463972890625 0.3670992890625 0.3522983046875 0.36994496718750003 0.3592450484375 0.36500074531250004 0.3648522234375 0.35443402968750004 0.36465301875 0.34811732812499996 0.3599969390625 0.34379845625 0.3488124078125 0.34130784687500004 0.33503343124999996 0.34254261874999997 0.32829583281249997 0.345928859375
0 0.3341964515625 0.18496422031249998 0.32631849375 0.1890446671875 0.31947632187499997 0.193209896875 0.3187443109375 0.19866282500000002 0.3191526609375 0.20342154687499997 0.320083878125 0.2042853203125 0.3253673953125 0.2039302546875 0.33324535625 0.1998498078125 0.3415316671875 0.200528084375 0.34879213125 0.19324689374999998 0.3500470046875 0.18389901875 0.3463221421875 0.180443921875 0.3363726046875 0.18435479999999999 0.3341964515625 0.18496422031249998
0 0.218656084375 0.132978996875 0.21667914062500002 0.13990511875 0.21584255625 0.146137034375 0.220289490625 0.15201388437500002 0.2288895203125 0.150355190625 0.23117024531250002 0.14896678125 0.24226014375 0.1443616984375 0.243724165625 0.13345584375 0.241035090625 0.13008553125 0.23596072031249998 0.1288826203125 0.2276744078125 0.12820434375 0.2223908890625 0.1285594125 0.218656084375 0.132978996875
0 0.2441571703125 0.03662270625 0.23452135156249998 0.038196615625 0.2272608890625 0.0454778046875 0.22746009374999998 0.051794506250000004 0.23521359999999997 0.06424241093750001 0.251064153125 0.063177209375 0.26050076718750004 0.0552866 0.261232778125 0.049833671875 0.260929 0.044295959375 0.2553417046875 0.039113315625 0.2441571703125 0.03662270625
0 0.1260179828125 0.23801567499999998 0.1339905765625 0.2410309203125 0.146629190625 0.2404903546875 0.1510860625 0.2384925234375 0.1534813 0.22845044374999998 0.144995784375 0.221455465625 0.1387810515625 0.2209467578125 0.129354378125 0.2209626875 0.12333885 0.2267706828125 0.1236426265625 0.23230839374999998 0.1260179828125 0.23801567499999998
0 0.0513517140625 0.30278331718749996 0.0615004578125 0.30518914218750004 0.07010048906250001 0.3035304484375 0.07269493125 0.29980507031250003 0.07414901093750001 0.2967738953125 0.07933789687500001 0.2893231375 0.067441234375 0.2765360953125 0.05604755625 0.27560346562500004 0.0517998265625 0.27604331718749997 0.0471238671875 0.2874738078125 0.04576441875 0.29760067343749996 0.0513517140625 0.30278331718749996
1 0 0 0 0.307114840625 0.002963471875 0.31221084062500004 0.027214850000000002 0.30317024375 0.01665775625 0.2960056984375 0.021229143750000002 0.285354196875 0.0381055453125 0.292248459375 0.0479604484375 0.2812418921875 0.045281317187499996 0.2699969 0.0376224421875 0.2646446859375 0.041984684375 0.2555511640625 0.055031648437500004 0.2597693203125 0.06591240312499999 0.256722215625 0.0835307546875 0.250288871875 0.0895562234375 0.2366061984375 0.1002377734375 0.22724239218750003 0.0976632109375 0.21521840937499997 0.093833775 0.2125423046875 0.102652890625 0.20145095 0.11012249999999998 0.19261178125 0.12377702187499999 0.20790536249999997 0.138068921875 0.21065032499999997 0.14637511406249998 0.19557923906250002 0.13872618125 0.18235234375 0.124444221875 0.171732703125 0.15199223125 0.1771378421875 0.148800171875 0.161913115625 0.1416641640625 0.1526659546875 0.1427198328125 0.137001378125 0.1482224375 0.12721365 0.1558912515625 0.124691184375 0.1555974125 0.11127879062499998 0.156025646875 0.1002881515625 0.170451940625 0.0786300828125 0.1735791890625 0.063135075 0.16995889687500002 0.0589009890625 0.18033666718750002 0.043999471875 0.17393266875 0.029299382812500004 0.1794452125 0.011636974999999999 0.1723092046875 0.0023898125 0.1724023203125 0 0 0
0 0.2299058234375 0.329999653125 0.2296020453125 0.3244619421875 0.22515511093749999 0.31858509062499996 0.21365685937499998 0.3184314515625 0.205883471875 0.3217329078125 0.2059781046875 0.32882859999999997 0.2074222453125 0.33367210625 0.21197375312500003 0.338769965625 0.22243621562500002 0.338838821875 0.2299058234375 0.329999653125
0 0.9334238625000001 0.2119785984375 0.9345741656250001 0.2034097125 0.923807921875 0.1978031453125 0.9061895718749999 0.2042364890625 0.9067971281249999 0.21531191249999998 0.9157009359374999 0.21919093125 0.9281304046875001 0.22020834531250003 0.9334238625000001 0.2119785984375
0 0.7372120328125 0.3865046453125 0.73897983125 0.38113650312499997 0.7388852 0.3740408109375 0.7229400140625 0.368010321875 0.711431821875 0.3757313625 0.713179740625 0.38611258125000003 0.719698253125 0.39215900000000004 0.7276708453125 0.3951742453125 0.7372120328125 0.3865046453125
0 0.8708284124999999 0.2336315296875 0.8604705234375001 0.23278368437500002 0.8504164124999999 0.2374735515625 0.849579828125 0.2437054671875 0.8497790328124999 0.25002217031249996 0.8611727109375 0.2509547984375 0.8711222484375 0.24704392187500002 0.8740304109375 0.24098157343749999 0.8708284124999999 0.2336315296875
0 0.48692446875 0.316401746875 0.49386127343749997 0.31933220625000003 0.50755555625 0.3031270640625 0.5178935640625 0.3197242703125 0.5251440890625 0.3203177609375 0.5160510140625 0.3022473625 0.529630784375 0.2946958890625 0.521050634375 0.2806052203125 0.5083173890625 0.2740500953125 0.4978549265625 0.2739812390625 0.494319328125 0.28471752499999997 0.4990700390625 0.29613208750000003 0.48692446875 0.316401746875
0 0.409375 0.31316625625 0.42032025937500006 0.313312509375 0.4305835171875 0.30706466093749996 0.437749346875 0.29268778125 0.4391087953125 0.2825609171875 0.44098116718749997 0.27641378437499997 0.433426865625 0.27028258125 0.43104156875 0.27244998125 0.42400019218749996 0.270298509375 0.42120654531249996 0.2677071875 0.409375 0.26673871718750003 0.409375 0.31316625625
1 1 0 0.409375 0 0.409375 0.2260832546875 0.41906021562499995 0.244692565625 0.43264992500000005 0.2292664125 0.4648738953125 0.2232410625 0.493866046875 0.2334897078125 0.49954797500000003 0.24576804375 0.51352615625 0.250849975 0.5254426984375 0.24788765625 0.5319512703125 0.26180875625 0.5573231296875 0.267823315625 0.5678901640625 0.2671131828125 0.58311328125 0.27072191874999996 0.5878938140625001 0.25851243749999997 0.586763390625 0.2513319625 0.6129718343749999 0.25111460625 0.626845440625 0.256975525 0.637004125 0.2515066703125 0.6520180953125 0.256673384375 0.6345989484375 0.26942343125 0.658412153125 0.279248153125 0.6686455875 0.29662435 0.685009065625 0.29953888125 0.708214715625 0.29828818125 0.7100970296875 0.28426636875 0.6966417109374999 0.27528949062499997 0.6960341546875 0.2642140671875 0.7043204671875 0.2648923421875 0.7107344062500001 0.27171775 0.7177658421875 0.2817439015625 0.740722584375 0.31354990312500003 0.7413301390625 0.3246253265625 0.7540633859375 0.331180453125 0.7568272125 0.3573958171875 0.7668813234374999 0.35270595 0.7639930421875001 0.3430189375 0.7866658859375001 0.3535378671875 0.7839867515625001 0.342292875 0.7619413453125 0.32710000781250004 0.7577134984375 0.311790496875 0.7490188343749999 0.3063534984375 0.7251607 0.25005968125 0.725484359375 0.2398480296875 0.73542395625 0.24381183437499998 0.73976631875 0.2504676734375 0.7510554234375 0.2521792921875 0.7619361781249999 0.2491321890625 0.8030639578125001 0.24698585781250001 0.8249300390624998 0.2401126609375 0.8449336875 0.23151191718750003 0.8604804625 0.224909003125 0.8669043421874999 0.22385973125 0.8798268531249999 0.24460623906249998 0.8799016046875 0.267451290625 0.9020416421874999 0.2897398484375 0.91271325 0.2882507265625 0.9150039156249999 0.278987634375 0.9217514546875 0.2677267125 0.9075939500000001 0.24057871875 0.9042973171875002 0.2261329828125 0.8898161546875001 0.20919663906250002 0.88931316875 0.197342225 0.902494528125 0.1771573515625 0.9163880171875001 0.16726891093750001 0.9288274234374999 0.16041164218749998 0.9384433640625 0.1745870953125 0.95709750625 0.1682385359375 0.97791785625 0.16915523593749998 0.9840478984375001 0.1546935703125 0.9745265921874999 0.147613809375 0.9775492671875 0.1328977921875 0.9844013781250001 0.12085787968749999 1 0.12053936406250002 1 0.11080121406250001 0.994988296875 0.104398384375 1 0.10226985 1 0
1 0.409375 0.409375 0 0.409375 0 0.9708049437499999 0.0130821765625 0.971521815625 0.0013651421875 0.985387178125 0.0267799265625 1 0.027879346875 1 0.0350048359375 0.9825815828125 0.0389183109375 0.9717835734375001 0.055843640625 0.9833608140625 0.07375319062499999 0.9876063859374999 0.0909479671875 0.978822046875 0.109595675 0.97756886875 0.1293389328125 0.9773318968750001 0.1663882984375 0.97665845625 0.1923357625 0.9852680875000001 0.21343231718750003 0.9749500703125001 0.2209898234375 0.9737156328125 0.2372120765625 0.96299863125 0.267699846875 0.9469636328124998 0.2853750359375 0.943777790625 0.3197528921875 0.9354734468749999 0.3253653515625 0.9303736812500001 0.3544998265625 0.9244197234375001 0.3771723421875 0.9207164078125001 0.38279649843749997 0.906352315625 0.4061837890625 0.9156789109375 0.409375 0.915940128125 0.409375 0.409375
0 0.9441375046874999 0.9783367859375 0.950833821875 0.98351755625 0.9576648578124999 0.9785175390624999 0.966563965625 0.9764663890625 0.9719420703124999 0.9639352125 0.9592759046874999 0.9573392500000001 0.9385601265624999 0.9556435609375 0.9379332953125001 0.9694901828125001 0.9441375046874999 0.9783367859375
0 0.8528379203124998 0.8967411609374999 0.8607528125 0.9020216765625001 0.8742801671875 0.9022024312500001 0.8824528078124999 0.8963856984374999 0.8840521578124999 0.884471740625 0.8844212390624999 0.8817223671875001 0.8715207140625001 0.8676949921875 0.8491059468749999 0.860301059375 0.84045289375 0.8605192921875 0.8443312828125 0.8775142734374999 0.8429779859375 0.8875953187500001 0.8528379203124998 0.8967411609374999
0 0.84451231875 0.637558146875 0.8542609203125 0.63835611875 0.859504303125 0.6360057296875 0.8691415734374999 0.6284558296875 0.8624569515625 0.614010728125 0.8467385000000001 0.611797565625 0.8344297203124998 0.611716559375 0.8289285890624999 0.625164196875 0.8316000984375 0.6327951031250001 0.84451231875 0.637558146875
0 0.7803142218750001 0.5192667046875 0.7959096453125 0.5223963265625 0.802248578125 0.5210621421875 0.8070115453125 0.5131132578125 0.8069119078125 0.49550105312500003 0.7939996890625001 0.49073800937499995 0.7774200484375 0.49494005625000004 0.773752628125 0.503905146875 0.7759320296875 0.5152018875 0.7803142218750001 0.5192667046875
1 0.409375 0.409375 0.409375 1 0.43518700781249997 1 0.43283720781249996 0.9785950406249999 0.427155278125 0.9663167046875 0.4457994796875 0.967842825 0.4845419640625 0.96786389375 0.49875911093749997 0.9477638031249999 0.5141066796875 0.9348441890625001 0.5619819984375 0.9214369343750001 0.6042600796875 0.910721715625 0.6115304828125 0.8955658468750001 0.644561215625 0.90693261875 0.6598988453125 0.9018876859375 0.6841402828125001 0.9007217687499999 0.6904794703125 0.8847021265624999 0.6739167875 0.87547089375 0.6677020546875 0.8749621874999999 0.6814909703125 0.8658527359375 0.705314115625 0.8678027796875 0.7424033124999999 0.86453831875 0.75237273125 0.8448780812500001 0.7279420296875 0.8318526140625 0.7186199296875 0.8310895531250001 0.7388327234375 0.8209308296875001 0.7348040828125 0.8119380218749999 0.735954384375 0.8033691359375 0.7445643546875 0.7938357625 0.7494395218750001 0.788721971875 0.7736909 0.7796813765625 0.7755732125 0.7656595625 0.7790042390625 0.7557022671875 0.78222611875 0.74730295 0.7758221203125 0.7326028609374999 0.772410975 0.7268107953125 0.7736757921875 0.7095882390625 0.775662678125 0.6947874359374999 0.7798257140625 0.6793772125 0.7825446109375 0.6591234828125 0.8090767124999999 0.6486944765625 0.80195064375 0.6315726359375 0.7785457906250001 0.6265066328125 0.771534234375 0.6007311203125 0.7544884484375001 0.5638961124999999 0.7355305296875001 0.5647069609375001 0.7375273546875001 0.542031478125 0.7233797921875 0.507008803125 0.716253721875 0.48988696093749995 0.68511524375 0.45662369375 0.6697974953125 0.44591926718749997 0.6660925125 0.42671480781250004 0.65075315 0.409375 0.409375 0.409375