0 0.659375 0.2116577890625 0.6462134453124999 0.2136576421875 0.6376718109375 0.21818701875 0.6392201531249999 0.23458217499999998 0.6456568546875 0.2399095140625 0.659375 0.2389091390625 0.659375 0.2116577890625
0 0.659375 0.102770196875 0.6547720859374999 0.10264368593749999 0.6530498687499999 0.11070826874999999 0.65157121875 0.12354369375 0.638280371875 0.13257791875 0.6512407140625001 0.1310027265625 0.659375 0.1298704890625 0.659375 0.102770196875
0 0.057173256250000005 0 0.0658152953125 0.0053369359375000005 0.071817071875 0.0067895031250000005 0.0751745703125 0.002890203125 0.0757917828125 0 0.057173256250000005 0
0 0.44803433593750003 0.5209702578125001 0.4509046984375 0.5075292828125 0.4426935703125 0.5045996265625 0.438848934375 0.49895724843749995 0.4344302296875 0.49600306562499996 0.4320295203125 0.49542203906250004 0.4214698875 0.4975782578125 0.4167206765625 0.5020831078125 0.4157638890625 0.5065634343750001 0.4154333859375 0.5140224671875 0.41966073281250005 0.5178727140625 0.439492703125 0.525499634375 0.44803433593750003 0.5209702578125001
1 0 0.5890625 0.2701273015625 0.5890625 0.281254875 0.574843634375 0.29511979374999997 0.5631212156250001 0.3063926421875 0.5517138312500001 0.309645721875 0.536480725 0.3297559875 0.5309817109375 0.3546676703125 0.526644746875 0.3614173953125 0.5009493734375 0.3751431640625 0.495789921875 0.3762391015625 0.4847466265625 0.374064475 0.46537276250000004 0.37712619531249997 0.45103572343750004 0.3885904046875 0.438732275 0.384693559375 0.42742299531250005 0.3897210671875 0.40979220937500005 0.3968535078125 0.38230470625 0.39963693125 0.3810936015625 0.415328490625 0.3726404015625 0.41143164531250004 0.361331121875 0.411623003125 0.3604350578125 0.41386708437499997 0.3440153734375 0.3982971921875 0.322341928125 0.3844670015625 0.3161675765625 0.3845539390625 0.303937703125 0.3990973484375 0.30086089375 0.39192994531249997 0.28122104062500003 0.4043684234375 0.2880009453125 0.4220779765625 0.2819209015625 0.42691412343749996 0.26518618125 0.41423207968750003 0.2536354375 0.3894595421875 0.2514094328125 0.381770275 0.24012467656249997 0.3896856265625 0.23261659375 0.3877023578125 0.21234666249999998 0.36359083281250004 0.1952025953125 0.34716857343749996 0.1893432796875 0.3303635984375 0.18527609375 0.30900076875 0.184817696875 0.29871943437500004 0.173847978125 0.281862246875 0.1641138890625 0.2557327265625 0.1445966640625 0.2364226203125 0.12861464843749998 0.22267936718749998 0.11021042343750001 0.193383703125 0.0936964296875 0.17964045 0.07529220625000001 0.15424163125 0.07008749375 0.14068973437500001 0.0507872046875 0.11010677656250001 0.0462125703125 0.07908889687500001 0.0377631625 0.050610871875 0.0233318140625 0.0445046765625 0.010545440625 0.0276997015625 0.00647825625 0.000143740625 0.0054633578125 0 0.004691396875 0 0.5890625
0 0.5317799640625 0.2943356015625 0.5559262203124999 0.293582896875 0.561684428125 0.29026462343750004 0.5643634343749999 0.27771971406249996 0.5637371515625 0.27474100468749996 0.540878190625 0.2635543515625 0.529883634375 0.2618357984375 0.5179322890625 0.2645975703125 0.516210071875 0.27266215312500003 0.5277439734375 0.2895892890625 0.5317799640625 0.2943356015625
0 0.5205241218750001 0.19925840156250002 0.517932053125 0.199573440625 0.5014750671875 0.2116109 0.501527275 0.217277803125 0.519393459375 0.22819846875 0.536528940625 0.224806621875 0.5372421562499999 0.2155554578125 0.5335888828125 0.20901701562500002 0.5205241218750001 0.19925840156250002
0 0.359084478125 0.009405895312499999 0.3460719234375 0.005314184375 0.33772164843749997 0.008947495312500001 0.3346599265625 0.023284534375 0.3379304875 0.0316151078125 0.3532046015625 0.0428508125 0.3581451703125 0.037449896875 0.3588061796875 0.022531829687499998 0.3605283984375 0.014467245312499998 0.359084478125 0.009405895312499999
0 0.8021916484375 0.29742498125 0.8118623265625 0.29736244218749996 0.8136515203125001 0.288984234375 0.8076036046875 0.2771072265625 0.7997664984374999 0.2736084265625 0.7933637546875 0.2784669875 0.7903916078125001 0.287359915625 0.8021916484375 0.29742498125
0 0.8119804 0.236513409375 0.791751875 0.25084215625 0.78196291875 0.25648321875 0.7744215999999999 0.2666733671875 0.772558509375 0.28544696406250003 0.7779853296875 0.2851583359375 0.7932011 0.2792286421875 0.7988200921875 0.2629661 0.8132521125000001 0.2456324265625 0.8119804 0.236513409375
0 0.7717008625 0.2844383734375 0.768196371875 0.290799396875 0.7670577953125 0.296130984375 0.7684921609375 0.3044883453125 0.7786951828124999 0.3069577078125 0.792890653125 0.300781078125 0.7887650671875 0.294976465625 0.7786803203125 0.28692858125 0.7717008625 0.2844383734375
0 0.9409073359375 0.0498388890625 0.9285454359375 0.052454178124999994 0.9235326828125 0.060853231249999994 0.93275978125 0.0678925265625 0.9419425 0.0701149515625 0.9604262109375 0.0689812796875 0.9611507234375001 0.05553926875 0.9514356640624999 0.050784940625 0.9409073359375 0.0498388890625
1 0.659375 0.5890625 0.9582973734374999 0.5890625 0.95084610625 0.57611214375 0.9527091953125 0.5573385453124999 0.9283107031250001 0.5610458109375001 0.9150023984375 0.5530187734374999 0.9260777265625 0.5212553421874999 0.9008954812500001 0.5135586265625001 0.9097380328125 0.49727523749999997 0.8954094265625001 0.4890012640625 0.8763638546875001 0.502815290625 0.8595805796875 0.48593701874999995 0.877147403125 0.45894876250000005 0.867875928125 0.4470926015625 0.84102276875 0.44219557187499997 0.83938136875 0.4297829984375 0.7955822765625 0.40876935000000003 0.7880704765625 0.4037472390625 0.7896970171875 0.3961306875 0.8022510890625 0.37754148593750003 0.784122203125 0.3619395875 0.758008415625 0.363629671875 0.7436798078125 0.355355696875 0.742851678125 0.339134846875 0.7205233078125 0.328123728125 0.7055589453125 0.3429255 0.6858922765625 0.344573890625 0.6769904890625 0.3360112859375 0.659375 0.33780182812500004 0.659375 0.5890625
0 0.9290942515625 0.5171792843749999 0.9213163828125 0.538526478125 0.9418850781250001 0.542703546875 0.9523246484375001 0.5340158625 0.9512155906249999 0.524135190625 0.9513338640625 0.5185566671874999 0.94537470625 0.5163133953125 0.9290942515625 0.5171792843749999
0 0.8251264562499999 0.3558431234375 0.8285570484375 0.3598774890625 0.833658559375 0.36111216874999996 0.8915493015625 0.2910158171875 0.8262650328125 0.3505115359375 0.8251264562499999 0.3558431234375
0 0.607480196875 0.6425089109375 0.6155243375 0.6500629234375 0.635723346875 0.6509464359375 0.6350578703124999 0.6339639312500001 0.630932284375 0.6281593171875001 0.6230951765625 0.6246605187500001 0.6090179796874999 0.6252586234375 0.607480196875 0.6425089109375
0 0.659375 0.78137331875 0.638503728125 0.768568440625 0.6290400796875 0.7726861953124999 0.6243970140624999 0.78437880625 0.6283599468750001 0.790945071875 0.645172740625 0.7926110859375 0.6565143375 0.7897488609375 0.659375 0.7864265734375 0.659375 0.78137331875
0 0.5705284421875 0.88588741875 0.5643327328125001 0.8948011921875001 0.5614049624999999 0.9085109859375 0.5812786625 0.910917809375 0.6014776703125 0.9118013203124999 0.611798965625 0.9086921578125 0.605263090625 0.8991001171875 0.5938327343750001 0.8923286062500001 0.5864835875 0.8865448406249999 0.5705284421875 0.88588741875
1 0 0.5890625 0 0.9674747968750002 0.133312928125 1 0.439562259375 1 0.4422814375 0.9990325500000001 0.46185934843750004 0.9877504234375 0.4840102046875 0.9794940734375001 0.503100153125 0.9704969140624999 0.509251484375 0.9567662734375 0.5162604625 0.9440442234375 0.5225744484375 0.9295519265625 0.5319937171875 0.9206173078125 0.548628996875 0.9030158500000001 0.5613901015625 0.8884818609374999 0.571504365625 0.8813174874999999 0.5864687265625 0.8665157140625 0.5759255390625 0.8455405375 0.5788533109375 0.8318307421875 0.5914961375 0.8228752765625 0.580879053125 0.812295490625 0.584339165625 0.8011175984375001 0.59971759375 0.79442625 0.5988894609375001 0.7782054 0.590475634375 0.76735783125 0.5926640328125 0.747060921875 0.5930188578125 0.730325353125 0.5980316125 0.7219262984375 0.5838212796875 0.7080738015625 0.58266784375 0.6933762625 0.6109848890625 0.691418396875 0.62599363125 0.6814334921875 0.659375 0.6669088390625 0.659375 0.660833965625 0.6267181421875 0.66799148125 0.6017873109375 0.66916684375 0.5817658156250001 0.6875508031249999 0.5636369296875 0.6719489046875 0.58762135625 0.660131215625 0.5581213546875 0.6626038000000001 0.560886471875 0.6496556609375 0.5588310078125 0.6291326625 0.5767823796875 0.625467090625 0.5669785625 0.6110790265625 0.5553411765625 0.600252303125 0.5428905203125 0.59323385625 0.5151058140625 0.597723625 0.5060857484375 0.59473954375 0.5072981000000001 0.5890625 0 0.5890625
0 1 0.9507159171874999 0.9942361999999999 0.9507531921875 0.9855119265625 0.9614580578125 0.9922104562499999 0.9702884453125 0.9988646093749999 0.9743019640625 1 0.974212203125 1 0.9507159171874999
0 0.9660663421875 0.766108746875 0.97606233125 0.764522896875 0.9796111984374999 0.762978740625 0.9822580406250001 0.755609125 0.981193359375 0.75054531875 0.974376553125 0.7472934546875 0.9723359484374999 0.7467995828125 0.9669091296874999 0.7470882125 0.9609943515625 0.7496618078124999 0.9581404765624999 0.7529762109375 0.9587171968749999 0.7603249812499999 0.9660663421875 0.766108746875
0 0.9401296640625001 0.6765252828125 0.9468133359375 0.6653265421875 0.9513381265625 0.6592124546875 0.950879684375 0.6462851609375 0.9421849265625 0.6417777703125 0.9360631156250001 0.640296153125 0.9277824234375001 0.6438991859375001 0.9250912031249999 0.646451934375 0.9246476187500001 0.6535537671875 0.92253311875 0.6634552859375 0.9213945421874999 0.6687868734375 0.9318045953125 0.6753114484375 0.9401296640625001 0.6765252828125
0 0.8853440046875001 0.6969088015625 0.8803607703124999 0.6900955953125 0.88495945625 0.6735861171875 0.8887892546874999 0.6657017828125 0.8743128531250001 0.6782185875 0.8669341890625001 0.6876470796875 0.8622911234374999 0.6993396921875 0.8603392765625 0.70847955625 0.8678510765624999 0.7135016656250001 0.8737658546875 0.7109280703125 0.88306685 0.7075719734375 0.8853440046875001 0.6969088015625
0 0.8415746343749999 0.7159534046875 0.8399924734375 0.7283868234375 0.848036615625 0.7359408359375 0.8611378859375 0.7399126625 0.8690932703125 0.7378329390625 0.8704388812499999 0.736556565625 0.8722724515625 0.7329952265624999 0.8735736828124999 0.7269019828125 0.86527813125 0.7104758906249999 0.8516888968749999 0.70878903125 0.8415746343749999 0.7159534046875
1 0.659375 1 1 1 1 0.9946587874999999 0.9965874546875 0.9849651375 0.9856450625000001 0.9759086609375001 0.97482094375 0.9612736625 0.96021140625 0.9593398656250001 0.95893969375 0.9502208484375 0.9541191140624999 0.9426459906249999 0.93192388125 0.9460854734374999 0.932855425 0.9366986734375 0.9203160109375 0.9200464921875 0.925816725 0.909362471875 0.9033700796874999 0.9039298765625 0.9036510109375 0.8975896984375 0.8896920890625001 0.8926092796875 0.8923389296875 0.8852396625000001 0.875925340625 0.8716549499999999 0.8686649515625 0.8755049187499999 0.8498559312499999 0.8781619015625001 0.85531226875 0.8626610124999999 0.8440889453124999 0.8599447140625 0.8325698328125 0.8435394671875001 0.8379078937500001 0.833617103125 0.8301003046875 0.8149060453124999 0.8183002625 0.8048409765625 0.8038090015625 0.7973286578125001 0.7770889765625 0.80688223125 0.771292471875 0.8038773015625 0.7580729234375 0.8054840000000001 0.74476461875 0.7974569625 0.7399440390625001 0.7898821015624999 0.724432475 0.782122846875 0.7118340234375 0.79589518125 0.7004036703125001 0.7891236703125 0.7041890890625 0.7764224671875001 0.690392821875 0.7706803953125 0.6670885296875 0.7642392078125 0.6665561875 0.7617073046875 0.659375 0.7599692953125 0.659375 1