0 0.27683432343750003 0.5714883765625001 0.29070456875 0.5759197312500001 0.29939498750000004 0.5611138640625 0.29852338437500003 0.5528380828125 0.2838756953125 0.5485111671875 0.2773145015625 0.5535890203125 0.2703027140625 0.5618747296875 0.27683432343750003 0.5714883765625001
0 0.39651629375 0.5774418546875 0.4002797703125 0.5832309296875 0.41082234218749997 0.5860111015625 0.41159978593749996 0.5859066609375 0.41859677968750003 0.5849667015625 0.425187559375 0.56519735 0.42453385781249997 0.5589905125 0.41566991875000003 0.5496901859375 0.399234646875 0.5508489546875001 0.39520889375 0.5650281796875001 0.39651629375 0.5774418546875
0 0.41982340156250003 0.41694449687499996 0.4046013765625 0.42213671562500005 0.40348228906249994 0.4264834875 0.40866211874999997 0.4457207109375 0.42264131562499996 0.45118653750000004 0.42410204374999994 0.4425974359375 0.42399309374999994 0.44156296250000004 0.42845464843750003 0.4315216265625 0.4257013109375 0.42035130781249996 0.41982340156250003 0.41694449687499996
0 0.49813273125 0.4567818234375 0.49027892812499996 0.4421002515625 0.48161809531250005 0.44221462031250003 0.47106073281249994 0.44678019999999996 0.46115707187500005 0.45755261562499994 0.46523260625 0.47379085937500004 0.47543353125000004 0.4808133609375 0.482430528125 0.47987339999999995 0.49076450781250003 0.4766556125 0.494775471875 0.4698221359375 0.49813273125 0.4567818234375
0 0.2100896640625 0.192284415625 0.215640721875 0.1925878078125 0.22674283593750003 0.19319459375 0.23044173906249998 0.1759119484375 0.22269688593749998 0.16226485156249998 0.21336755937500002 0.1635181328125 0.208470203125 0.169421575 0.20666783125000002 0.182253009375 0.2100896640625 0.192284415625
0 0.1835072328125 0.10458296874999999 0.190613178125 0.1046774796875 0.198496565625 0.1046675515625 0.20552314531250002 0.0890360921875 0.1968771078125 0.08180470937499999 0.1844527984375 0.076130003125 0.1774410109375 0.0844157109375 0.177411425 0.0991072109375 0.1835072328125 0.10458296874999999
0 0.7652758515625 0.549247375 0.7627754015624999 0.5779092203125 0.7703319375 0.574795875 0.7772347749999999 0.5654756937500001 0.7821469249999999 0.5522264984375 0.776610659375 0.54457735625 0.7652758515625 0.549247375
0 0.7636657828125 0.4665840671875 0.757569975 0.46110831093750004 0.7466709671875 0.469916221875 0.7498749015625 0.4778786828125 0.7593925421875 0.49338584531249996 0.7668253375 0.4965837765625 0.7698261640625 0.49513154375 0.77772434375 0.4877758671875 0.7735250671875 0.4778489 0.7636657828125 0.4665840671875
0 0.7522314156250001 0.4104191453125 0.763006678125 0.4079225109375 0.7643732515625 0.39095318749999997 0.7583863921875 0.386511903125 0.7452787984375 0.3893218578125 0.74414491875 0.401014378125 0.7450165203125 0.4092901609375 0.7522314156250001 0.4104191453125
0 0.7951387515625 0.331217446875 0.8066914593749999 0.328616375 0.8083552968750001 0.329441965625 0.8133763953125 0.3172272453125 0.8080728234375 0.3043013 0.7969707093749999 0.303694515625 0.7908453171875001 0.312910259375 0.7892756359374999 0.32046488906250004 0.7951387515625 0.331217446875
0 0.93637125 0.332177659375 0.934459928125 0.34397461875 0.9416452375000001 0.359795103125 0.9519847 0.353160578125 0.9558867109375001 0.34529262968749996 0.952355928125 0.3342267484375 0.9461511703125 0.3277165203125 0.93637125 0.332177659375
0 0.7182995421875 0.22299055 0.72195406875 0.2277451546875 0.731486503125 0.23590656718749997 0.7402858703125 0.22213517500000002 0.73908741875 0.21075597343750002 0.7347791906250001 0.199794534375 0.7238949781249999 0.20125669531249998 0.7161057468750001 0.2096468453125 0.7182995421875 0.22299055
1 1 0 0.5984368640625 0 0.6004776984375 0.0101127375 0.5968729515625 0.035775603125 0.6106342484375 0.0391724875 0.621998640625 0.019810968749999998 0.6395382046875 0.021651178125 0.62507883125 0.03408470625 0.5994877578125 0.06060295 0.606346215625 0.07332001406250001 0.6323582984375 0.0582854125 0.6549337546875 0.040565153124999996 0.659613209375 0.0325927625 0.6668133125 0.041067496875 0.66379769375 0.049865478125 0.6560084625 0.058255628125 0.659306553125 0.0745983125 0.6667393500000001 0.0777962421875 0.669354153125 0.10262358906249999 0.6817488765624999 0.122989796875 0.6951389453125 0.14532050937500002 0.7051071796875 0.1576198140625 0.7027452640625 0.172624634375 0.691222140625 0.1605342078125 0.6753464140625 0.1595195921875 0.676094271875 0.17410665 0.68396286875 0.1814424734375 0.6949560328125 0.18101478437500002 0.6816009515625 0.1964472921875 0.6674980140625 0.1972927390625 0.655138278125 0.2146897515625 0.6526674109374999 0.22866009843750001 0.6689937296874999 0.22646685625 0.6823192265625 0.2257258484375 0.6972291953124999 0.21008446093750002 0.7140209000000001 0.19733761249999998 0.722696525 0.18987749375000001 0.7346998265625 0.1840685625 0.749456465625 0.18942995 0.7635446124999999 0.1959302515625 0.7724085515625 0.20523057812499998 0.7777269171875 0.21081077499999998 0.7721314828125 0.23254463125 0.7746521296875001 0.2489917546875 0.7828327828124999 0.26677674375 0.7998275968749999 0.263444590625 0.8055171890625001 0.25009095625 0.8262606874999999 0.25989362968749996 0.8388087375 0.259257059375 0.831549465625 0.280165321875 0.8466773343749999 0.26659288124999997 0.8543132359375001 0.27920550624999996 0.8353627218749999 0.31637187031249997 0.8130549453124999 0.3665785453125 0.8465589953125001 0.3253588765625 0.8587008296875001 0.30589291875 0.863068228125 0.28747136093750003 0.8770474234375 0.2929371890625 0.9002469968749999 0.2961152640625 0.919247290625 0.2893663703125 0.9324490437499999 0.29493664062499997 0.946646140625 0.3024714140625 0.9588525484374999 0.306077175 0.9719749359375001 0.2959214734375 0.9742131109375001 0.28722793125 0.9869790625 0.28866030781249996 0.9978484812499999 0.2945438953125 1 0.2941576328125 1 0
1 0.559375 0.6390625 0.20846941874999997 0.6390625 0.2060422515625 0.6547798499999999 0.20923139218750003 0.6700880625 0.1999962234375 0.679721565625 0.20929596562500002 0.6931597828125 0.21927899218750002 0.6981133374999999 0.2317328859375 0.6890965484375 0.2426023078125 0.6949801359375 0.24501400312500002 0.7103927875 0.2565371265625 0.7224832140624999 0.2595581453125 0.76613995 0.2663870203125 0.7935485124999999 0.2834316140625 0.8206338296875 0.29515784375 0.84213895 0.3043486359375 0.8545426953125 0.2870915421875 0.8778431515625 0.2474916875 0.9135870671875 0.276598753125 0.9054804515624999 0.3009617890625 0.8822745078124999 0.321858615625 0.871074403125 0.333426115625 0.8611275812500001 0.3371747984375 0.8742624046875 0.3502676 0.8787982015625 0.358230353125 0.8945142468749999 0.368337125 0.8931565234375001 0.368678765625 0.8889141921875 0.386124175 0.88237418125 0.3995586203125 0.8826676453125 0.4001033703125 0.8878400093749999 0.396746109375 0.9008803234375 0.40316876874999996 0.909459496875 0.397355434375 0.92912440625 0.4066699671875 0.9352168765625001 0.415345590625 0.927756759375 0.4347816875 0.9251457578125001 0.442556125 0.9241013562500001 0.4543267328125 0.9235692296875 0.46129414375 0.9373207671875001 0.46294318749999996 0.9454921078125 0.459353234375 0.9638092265625 0.45943259999999997 0.9795351984374999 0.469524578125 0.985523225 0.47897764531250003 0.97795866875 0.4796609328125 0.9694740062499999 0.49241209062499997 0.9782521328125 0.4987405921875 0.9784510843750001 0.511085534375 0.9683998218750001 0.5235246375 0.96672878125 0.54285178125 0.9630833062499999 0.559375 0.9608636125000001 0.559375 0.6390625
0 0.12166811562499999 0.759485175 0.1259911359375 0.763100865625 0.13909873125 0.7602909109375 0.149111340625 0.75055296875 0.14225288281249998 0.7378359031249999 0.13492903750000002 0.7356724453125001 0.12903633750000001 0.7396113843750001 0.12458957500000001 0.74230696875 0.11991011874999999 0.750279359375 0.12166811562499999 0.759485175
0 0.1553900625 0.7203344515625 0.16017846875 0.713396534375 0.18073365156250001 0.706438759375 0.18331346875 0.6935028875 0.16931947812499998 0.6953828078125001 0.153864759375 0.7058518312500001 0.147645209375 0.706687353125 0.12777331249999999 0.7051604625 0.1249903875 0.7086816406249999 0.127416878125 0.71674854375 0.1341811796875 0.7210853875 0.14871991874999999 0.7243778296875 0.1553900625 0.7203344515625
0 0 0.8223033000000001 0.0035168484375 0.8204690343750001 0.01116754375 0.8257359093750001 0.0199373265625 0.8266560140625 0.0401656578125 0.8165948234375 0.0376450109375 0.8001476984375 0.024101615625 0.7988197609375 0.007869453125 0.809393225 0.001758853125 0.8112632187500001 0 0.8102437953124999 0 0.8223033000000001
0 0.1571144859375 0.8564869515625 0.159011015625 0.8520357390625 0.1653543109375 0.844888940625 0.1675924828125 0.8361954 0.1620562203125 0.8285462562499999 0.154950275 0.828451746875 0.1511572125 0.8373541671875 0.1450318203125 0.8465699109375 0.13879747656250002 0.8547511812499999 0.14890424687499998 0.8533934593750001 0.1366534609375 0.8718249468749999 0.1432146546875 0.8667470921875001 0.1461065296875 0.8642603874999999 0.1571144859375 0.8564869515625
0 0.28122842812500004 0.8670905921875001 0.289344509375 0.861803859375 0.2895919953125 0.84918130625 0.2812875984375 0.8377075937499999 0.272735715625 0.838856434375 0.270279640625 0.84548103125 0.2669371734375 0.851175596875 0.26692238125 0.8585213453125 0.2729092390625 0.8629626296874999 0.28122842812500004 0.8670905921875001
0 0.3433997515625 0.9258816046874999 0.3517337328125 0.9226638171874999 0.35375400625000003 0.91190133125 0.3510006671875 0.9007310093750001 0.341468234375 0.8925695953125 0.330678178125 0.9024119796875001 0.330663384375 0.909757728125 0.3324213796875 0.9189635421875 0.33596695625 0.9226836734375 0.3433997515625 0.9258816046874999
0 0.43047886249999995 0.9666390359375001 0.4434775078125 0.9627946093749999 0.45093988749999997 0.951301040625 0.44663165937500005 0.9403396 0.4356532890625 0.9334215390624999 0.42865629375000003 0.9343614984374999 0.4245363828125 0.9401605046875 0.421070171875 0.9521663453125001 0.4217238734375 0.95837318125 0.43047886249999995 0.9666390359375001
0 0.6885529484374999 0.9109947343750001 0.6800010656250001 0.9121435734375 0.6738756734375 0.9213593187499999 0.6812788828125 0.9392487484375 0.6916183453125 0.932614221875 0.695396615625 0.93105755 0.6976347875 0.9223640062499999 0.6965452859375001 0.9120192796875 0.6885529484374999 0.9109947343750001
1 1 1 1 0.6390625 0.7320759375 0.6390625 0.729156121875 0.652704953125 0.7190197671874999 0.6687541718750001 0.70221326875 0.6888467703125001 0.703614828125 0.7096406671875 0.7089184015625 0.7225666109375 0.6994653312500001 0.7301311687500001 0.6866697953124999 0.7433902921875 0.67323535 0.7430968265625 0.66385624375 0.7139326374999999 0.6394138421875 0.721412609375 0.6225131859374999 0.7331249875 0.6318129265625 0.7465632046875 0.651357971875 0.744986675 0.65300701875 0.7531580171875 0.652076246875 0.7742652328124999 0.6545821000000001 0.7980581078125 0.670784678125 0.8021761421875 0.6920083546875 0.7940794546875 0.7024419749999999 0.795825153125 0.6922908265625 0.819220121875 0.6851405046875 0.841162859375 0.6978472859375 0.871978234375 0.7122918687500001 0.866890453125 0.7054536046875001 0.8992823578125 0.7088458531249999 0.9240052640625 0.725454646875 0.9469526890625 0.7308375843749999 0.9756046062499999 0.7241914031250001 1 1 1