0 0.0009602140625 0 0 0.0042340578125 0 0.00861701875 0.0020407328125 0.016435403125 0.009295679687499999 0.0154292796875 0.023014003124999998 0.010384396875 0.0294773828125 0.006345635937499999 0.0278210640625 0 0.0009602140625 0
0 0.0082688390625 0.019724154687500002 0.0080335703125 0.0270516671875 0.013036948437500001 0.033877135937500004 0.0269531640625 0.0295904109375 0.0366575765625 0.0215108546875 0.0375052109375 0.012414984375 0.025030304687499998 0.009880315625 0.016154840625 0.0129068390625 0.0082688390625 0.019724154687500002
1 0.0493814953125 0 0.05284405156250001 0.005349703125 0.0739778390625 0.0081425265625 0.06427342968750001 0.0162220828125 0.05314639375 0.027080196875 0.047116179687499996 0.0245496046875 0.0238913359375 0.038432203124999995 0.0162592921875 0.0338791734375 0 0.044039089062499995 0 0.31875 0.2296875 0.31875 0.2296875 0 0.1330669390625 0 0.134212921875 0.0043904515625 0.12571455468749998 0.0129761265625 0.122944059375 0.0023619015625 0.1228852546875 0 0.0493814953125 0
0 0.9483550671875001 0.0558501765625 0.9538102937499999 0.052063457812500005 0.956655540625 0.0465063421875 0.9538850453125001 0.035892115625 0.9412309390625001 0.028556453125 0.9355965062500001 0.027542178125 0.91984319375 0.0371339765625 0.9180060953125 0.0424390515625 0.9201829125 0.0507788 0.9282107406249999 0.0568481484375 0.9392817093750001 0.058118539062499995 0.9483550671875001 0.0558501765625
0 0.8279189421875 0 0.827750753125 0.0052383125 0.8347517437499998 0.0156025359375 0.841790109375 0.0178810890625 0.8482534859375 0.013842328125000001 0.8571476375 0.0067729703124999995 0.8560993734375 0 0.8279189421875 0
0 0.3303806390625 0 0.3389251625 0.012762178125 0.35383084375 0.0122662484375 0.3592860703125 0.0084795296875 0.36261874375 0 0.3303806390625 0
0 0.3636770796875 0.017073356249999998 0.36288551093750004 0.0140407203125 0.3572697671875 0.0089836109375 0.35224770312500003 0.006200978125 0.33789832343750004 0.0170570546875 0.33967935625 0.023880484375 0.3477258734375 0.025906998437500002 0.3561868640625 0.025406992187499998 0.3624523484375 0.0206100734375 0.3636770796875 0.017073356249999998
1 0.37928226249999997 0 0.3794490828125 0.0034387218749999996 0.3901242671875 0.003192796875 0.40281575312499995 0.0024427875000000003 0.39957471875 0.0064835859374999995 0.39024740625 0.020122296875 0.3658538953125 0.02541310625 0.348998990625 0.055471121874999994 0.3514484515625 0.048397690625 0.33820066718749997 0.03878755 0.321259996875 0.04383039375 0.3274507265625 0.055204818749999995 0.30989769218749996 0.062016020312499996 0.2745827234375 0.0336937546875 0.261278871875 0.036212121874999996 0.27512033593749996 0.0480967390625 0.2792573875 0.0680609125 0.2912991296875 0.07716493437500001 0.2866167859375 0.088027125 0.2756689546875 0.10368623437499999 0.262779575 0.10367808281249999 0.26056538281249997 0.10342400468749999 0.24623469375 0.110237246875 0.299221634375 0.31875 0.9892291984374999 0.31875 0.9934965578125 0.31108345625 1 0.3035841984375 1 0.2021911265625 0.9994376859375 0.2021830171875 0.9960735140625001 0.1892943125 0.9853796406249999 0.1935830765625 0.9808094265625 0.180188253125 0.9804697062500001 0.1665434296875 0.9785468484375001 0.1468333328125 0.9883073234375 0.12662527031249998 0.9766053015625001 0.131166071875 0.961285146875 0.13418851874999999 0.9550570390625002 0.13089976718750002 0.9532760093749999 0.12407633437500001 0.9591270187500001 0.12180593437500001 0.9660235593750001 0.111197821875 0.9634509578125 0.1013417546875 0.9596910015625 0.0869367328125 0.9423919250000001 0.0823775890625 0.92361415625 0.0927255109375 0.920231296875 0.0838796421875 0.92448048125 0.0795868046875 0.9351743531250001 0.0752980421875 0.9307833421874999 0.066704215625 0.9187042234374999 0.0656858640625 0.9139174265625 0.0555757203125 0.9006696421874999 0.0459655796875 0.89928439375 0.0406584640625 0.8902857921875 0.0267554875 0.8825976828125001 0.0343309625 0.8727327562500001 0.033566692187500004 0.8526071187500002 0.030521828125 0.848432690625 0.0186433234375 0.8355433125000001 0.018635171875000002 0.8247076124999999 0.01003726875 0.8136179546874999 0.0128097125 0.7980812203125 0.0191168359375 0.7991267484375 0.0107791234375 0.79291733125 0.0034475359375 0.7731314125 0.014047496875000001 0.757867325 0.0049414375000000005 0.7520803859375 0 0.37928226249999997 0
0 0.013412645312499999 0.492699525 0.0149957875 0.4987647984375 0.0169747109375 0.5063463875 0.026641743750000002 0.506352503125 0.04036006875 0.5013076187500001 0.044015575 0.49474030312499995 0.041640865625 0.4856423953125 0.0360251234375 0.48058528437500003 0.0259623046875 0.479062853125 0.013035550000000002 0.4871403734375 0.013412645312499999 0.492699525
0 0.02618989375 0.5169646890624999 0.026566990625 0.5225238437499999 0.03401983125 0.5222758781250001 0.0499523484375 0.5174850734375 0.0534099625 0.5101595999999999 0.047398434375 0.5035861703125 0.03692114375 0.5045902578125 0.030655659374999998 0.5093871765625 0.02618989375 0.5169646890624999
1 0.2296875 1 0.2296875 0.46144974687499996 0.2147514484375 0.461747471875 0.2026723296875 0.46072912031249996 0.1929492296875 0.4728515140624999 0.1941365859375 0.47740046718749996 0.1854216359375 0.48927081875 0.1806348421875 0.47916067343749996 0.16979914062499998 0.4705627703125 0.14171274843749998 0.49050656562499995 0.1379527921875 0.47610154531250004 0.12203896249999999 0.47684951406250004 0.10407145312499999 0.486187234375 0.09139865781249999 0.48289440624999996 0.0794987421875 0.48667705000000006 0.08903495624999999 0.5149830125 0.06966351093749999 0.5230564546875 0.06021306093749999 0.5197656640625 0.0509044328125 0.529361540625 0.04643866875 0.5369390546874999 0.035349010937499994 0.5397114984375 0.0301477421875 0.5321278703125 0.0170417828125 0.5354043953125001 0.002871609375 0.551061465625 0 0.5506140390625001 0 0.8638974296875 0.0339868640625 1 0.2296875 1
0 0.9515162546875 0.621530559375 0.9483312875 0.61344285 0.9364500609374999 0.6131826578125 0.92797038125 0.6177254984375 0.9285266812499999 0.6280856453125001 0.9349339953125 0.6361753921875 0.9425660375 0.640728421875 0.9510830921875 0.6280999125 0.9520912453125 0.6278478703125 0.9515162546875 0.621530559375
0 0.964158328125 0.8057407812499999 0.9647333187499999 0.8120580921875 0.9747774484375 0.817623359375 0.9802139859375 0.8178794765624999 0.9884770843750001 0.8166213124999999 0.9923304828124999 0.8108121578125 0.99375310625 0.8080335984375001 0.9937717953125 0.8039907625 0.9919907625000001 0.7971673328125 0.9744751046874999 0.7958928656250001 0.964158328125 0.8057407812499999
0 1 0.8816048234375 0.9917775093750001 0.8868678703124999 0.9917401328125 0.894953540625 0.994312734375 0.9048096078124999 0.9987224343750001 0.9093606000000001 1 0.9092208765625 1 0.8816048234375
0 0.8622086453125 0.72785149375 0.8637917843749999 0.7339167671875 0.8649791390625001 0.738465721875 0.8758709046875002 0.73493511875 0.8813261296875 0.7311483984375 0.8841713796875 0.725591284375 0.8928676375 0.7177637671875 0.8795824750000001 0.716239296875 0.8666744093750001 0.72027398125 0.8622086453125 0.72785149375
0 0.644012634375 0.484384634375 0.6372952984375 0.49979374062500004 0.6305966515625 0.5111600125 0.628740865625 0.5205079234375 0.6331318765625 0.5291017484375 0.6422052328125 0.5268333859375 0.654519621875 0.520524225 0.6572043546875 0.5061232796875 0.6530673015625 0.48615910625000003 0.644012634375 0.484384634375
0 0.5325410703125 0.5057917609375 0.5250321640625 0.51816823125 0.52720898125 0.5265079796875 0.53262683125 0.5308069328125 0.53761151875 0.5416752375 0.5454788328125 0.5389007546875 0.550142490625 0.5320813984375 0.5509714359375 0.5270283640625 0.5500006625 0.519194734375 0.546636490625 0.5063060312500001 0.5325410703125 0.5057917609375
0 0.5558329859375 0.52096716875 0.5471554140625 0.52475185 0.5432833265625 0.534603840625 0.5456580375 0.5437017484375 0.5521027249999999 0.543705825 0.5621842328125 0.5411854203124999 0.56945786875 0.5361364625 0.5683078890625 0.5235018375 0.56107163125 0.520465125 0.5558329859375 0.52096716875
0 0.29415029531250003 0.6663441703125 0.2891469203125 0.6595187015625 0.2853308984375 0.6572421875 0.280506725 0.6552177125 0.2726394125 0.65799219375 0.2657615625 0.6645574703125 0.255661365625 0.6711207109374999 0.26809889375 0.68174105 0.2846064015625 0.6832675578125 0.2924924015625 0.676450240625 0.29415029531250003 0.6663441703125
0 0.27869932343750004 0.6976664640625 0.2851627015625 0.69362770625 0.28539797031249997 0.68630019375 0.2852187671875 0.6814992 0.2783969828125 0.6759359703125 0.26971941093749996 0.6797206515625 0.2692862484375 0.6862900046875 0.270454915625 0.6948817937499999 0.27869932343750004 0.6976664640625
1 0.920035878125 1 0.919391878125 0.992188796875 0.9324120765625 0.9638971015625 0.9338533890625001 0.95707570625 0.9393459921874999 0.9452033171875 0.9302055640625 0.9184136734375 0.9197469609375 0.9153749250000001 0.927274553125 0.89895561875 0.9283387703125001 0.8865750718750001 0.9251911796875 0.8704016921874999 0.9123204890625001 0.8663507046875001 0.911584984375 0.8511895625000001 0.90841870625 0.8390590171875001 0.8927588343749999 0.8284366406250001 0.8819792 0.80771023125 0.8872365343750002 0.803165353125 0.8909294187499999 0.7885123671875001 0.8738095453125 0.7887542171875 0.8681377359375 0.7958256140625 0.8586872843750001 0.7925348234375 0.8814976546875 0.7811787421874999 0.8763337609375 0.76550944375 0.8596283609375 0.7632247765625 0.8468808109375001 0.7761032906249999 0.8445061015625001 0.76700538125 0.83827799375 0.7637166296875 0.8343201453125001 0.7485534484375 0.8468324265625 0.743002446875 0.8366464687499999 0.7245505156250001 0.8233426171874999 0.72706888125 0.8073243375000001 0.7068445140625 0.8088514124999999 0.7250382921875 0.8026233046875 0.7217495390625001 0.7873218390625001 0.7207291515625001 0.77367826875 0.70960269375 0.77535485 0.6954537875 0.78784844375 0.693945621875 0.7979486390625 0.6873823828125 0.7929639500000001 0.6765140781250001 0.7794808953125 0.67423145 0.7604865484375 0.6878640453125 0.7459579656249999 0.693919128125 0.74579745 0.6850753 0.747851128125 0.676485546875 0.7297231046875 0.6769794390625 0.7292712546875 0.6875916249999999 0.7157508203125 0.6933946687500001 0.703134090625 0.677973334375 0.6937397046875 0.6625540375 0.7011925421874999 0.6623060734375 0.7000238765625 0.653714284375 0.65914155 0.6534357500000001 0.6029951328125 0.6440511578125 0.589963928125 0.631156340625 0.5910094546875 0.6228186296875 0.5868350265625001 0.610940125 0.5619896671875 0.6268431234375 0.5388582656249999 0.620511546875 0.5356733 0.6124238359375 0.5189679 0.6101391703125 0.5046185203125 0.620995246875 0.4939433359375 0.621241175 0.48758440781250006 0.64625226875 0.45919567343749995 0.64446556875 0.44281130468749996 0.6598685625 0.4204527859375 0.66061245625 0.425314334375 0.6545512609374999 0.42396646562499996 0.6411584749999999 0.403605559375 0.645441125 0.4027392359375 0.6585798296875 0.39769848125 0.6598400328125 0.38826671875 0.65250640625 0.3788162640625 0.6492156171875 0.36185690781249996 0.6583012968749999 0.34066705625 0.6676369796875 0.3301150078125 0.6848124078125 0.311553825 0.6918756515625001 0.2812719265625 0.7075225328125001 0.261702590625 0.714837815625 0.24870108124999998 0.739086678125 0.23764880000000002 0.7337734499999999 0.2296875 0.740455915625 0.2296875 0.9871683265625 0.2330367859375 1 0.920035878125 1
0 0.6582542359375 0.3661403578125 0.6547405562499999 0.38559433906249996 0.668854665625 0.38206577343750003 0.6799630125 0.37525049374999997 0.6770133140625 0.359835275 0.6756093796875 0.358570996875 0.666733915625 0.36159751875 0.6582542359375 0.3661403578125