0 0.2611842125 0 0.262386865625 0.008284426562499999 0.2742217171875 0.0163582859375 0.283640540625 0.0077897406249999995 0.2828296609375 0 0.2611842125 0
0 0.16857389375 0 0.1675292734375 0.0038127796875 0.1774304953125 0.011096726562500001 0.184828571875 0.01019010625 0.18376692187500002 0 0.16857389375 0
0 0.207237440625 0 0.20622765312500002 0.0020771453124999997 0.20733514999999997 0.0179150875 0.21512791875 0.02190836875 0.2338811546875 0.021471882812500002 0.2325565359375 0.0114835234375 0.22583914374999997 0.004960421875 0.22415324062500003 0 0.207237440625 0
0 0.268844978125 0.029007412500000003 0.2547850453125 0.015975728124999998 0.24722548125000002 0.015316760937500002 0.238807615625 0.011338028125 0.23267311406250002 0.013150681249999999 0.241006571875 0.03383001875 0.249207315625 0.043658303125 0.2645013609375 0.0474769890625 0.271536321875 0.0406338 0.268844978125 0.029007412500000003
0 0.2375372921875 0.06480322499999999 0.2425381265625 0.0646868296875 0.2480475296875 0.0628887578125 0.247406346875 0.053719409375000006 0.2435813359375 0.0437892484375 0.234378671875 0.0361642296875 0.2309626015625 0.0424131140625 0.22807021718749998 0.04582014375 0.22820287968750003 0.0566711640625 0.2375372921875 0.06480322499999999
0 0.11333373124999999 0.17790512812499998 0.10774475312500001 0.1611850265625 0.09630709062500001 0.1582630453125 0.085796809375 0.160177578125 0.0880962578125 0.17515279374999998 0.0943633765625 0.184191228125 0.10459829218750001 0.18729268593749998 0.11333373124999999 0.17790512812499998
0 0.17583442968750002 0.20316826875 0.183552825 0.1971440609375 0.1789278 0.184727728125 0.169774859375 0.17539169062499999 0.16220869375 0.17843745312499998 0.15824098125 0.1843743 0.1614408921875 0.19431898125 0.165091034375 0.201748421875 0.17583442968750002 0.20316826875
0 0.20080657500000001 0.18421849375 0.19629817968750002 0.1734693515625 0.1875466609375 0.1736730453125 0.179478575 0.1746957515625 0.1788695109375 0.183894165625 0.187695403125 0.1937079 0.1966800796875 0.1968385203125 0.20080657500000001 0.18421849375
1 0.325837659375 0 0.32310860625000004 0.0170611453125 0.3100396390625 0.0182002484375 0.3086466953125 0.034096389062499996 0.2915356453125 0.031154910937500002 0.2776244609375 0.03815818125 0.26316255 0.0551934265625 0.253251290625 0.07462754218749999 0.2524251546875 0.0896755421875 0.2401722390625 0.1024847109375 0.23971969531249998 0.1228753265625 0.2406684078125 0.145396415625 0.2328917203125 0.1505870171875 0.2309319671875 0.1673312703125 0.23946641406250002 0.172977159375 0.24118292343749997 0.17961665625 0.24164923749999997 0.186285253125 0.23234699375 0.1965209546875 0.22363772656249997 0.1883743453125 0.20863512968750003 0.188723534375 0.21070137656250001 0.20036451875 0.2077667875 0.21212183593749998 0.2002655125 0.2122964296875 0.1859463046875 0.21346468125 0.1883039953125 0.229273478125 0.1995559546875 0.22901158437500002 0.209340596875 0.2346283765625 0.20422918124999997 0.2689795453125 0.20982899375000003 0.2863827984375 0.2182046078125 0.2987118328125 0.2277138875 0.3093446125 0.2275711875 0.3252116546875 0.21717748124999997 0.32879328124999996 0.2195935109375 0.34543568750000003 0.21396752968750002 0.3455666328125 0.21673324843750003 0.3672105125 0.22970172031249997 0.3735881171875 0.2305002296875 0.3796875 0.759375 0.3796875 0.759375 0.0011647109375000002 0.7582212765625 0 0.325837659375 0
1 0.759375 0 0.759375 0.3796875 1 0.3796875 1 0.0047963171875 0.9982503734374999 0.00437826875 0.99374119375 0 0.759375 0
0 0.2655478625 0.4405794875 0.260171946875 0.45322495781249994 0.2628270546875 0.46881359062500005 0.273128984375 0.470660534375 0.2811400109375 0.4621271796875 0.2802659265625 0.4496271796875 0.2744329734375 0.4445461328125 0.2655478625 0.4405794875
0 0.12258337500000001 0.8132571875 0.1178030390625 0.8008481062499999 0.1128970171875 0.797832209375 0.10493883749999999 0.7959307140625 0.1035948578125 0.79909208125 0.10056269375 0.811683 0.10910359843749999 0.8219178281249999 0.11735314062499999 0.827985990625 0.12182211875 0.8247518875000001 0.12258337500000001 0.8132571875
0 0.34790474531250004 0.5440421765625001 0.34468691093750004 0.5315967265625 0.3333123671875 0.5256013 0.3213950921875 0.534225575 0.3229047453125 0.5446240578125 0.329664628125 0.5517702546875001 0.33925815 0.5546770484375 0.34614371875 0.5524300609375 0.34790474531250004 0.5440421765625001
0 0.464522378125 0.49959338906250006 0.47631396875 0.5003622984375 0.47871056406249995 0.48987289687499996 0.47676386718749997 0.47322441406250004 0.4643895546875 0.46412217031249997 0.46037761250000003 0.48508279062500004 0.464522378125 0.49959338906250006
0 0.1386711296875 0.7523677421875 0.1283691984375 0.7505207984375 0.1325868046875 0.7660730625 0.142835890625 0.7783548578125 0.1560114484375 0.7989154328125 0.1660948578125 0.797637378125 0.1659291828125 0.7840775265625 0.1509197578125 0.77086316875 0.1386711296875 0.7523677421875
1 0.759375 1 0.759375 0.636105621875 0.75077265625 0.6316979921874999 0.7363987984375 0.616382115625 0.72095233125 0.596917759375 0.7035991546875 0.5837579515625 0.6888810921874999 0.574710259375 0.6727462078124999 0.56778226875 0.6524865546874999 0.5578201968750001 0.6304658734374999 0.5562460093749999 0.621997809375 0.547052846875 0.6049888421875 0.5276248578125 0.6043132828125 0.5067733390625 0.6037834046875 0.48800515625 0.59460693125 0.4798718453125 0.580762953125 0.483324153125 0.578876240625 0.5011052203124999 0.5865102078125 0.5207514171875001 0.5816041875 0.5177355203125 0.5741358953125 0.511649175 0.5621986234375 0.50879693125 0.5521352078125 0.5215515046875 0.53084293125 0.5303939843750001 0.5130198625 0.5328955453125 0.5098948625 0.53296828125 0.48645736250000005 0.5335137953125 0.46778020312499996 0.534991871875 0.436384521875 0.533635890625 0.42219633593749994 0.5433563828125 0.4027379265625 0.5448526453125 0.40055985156249996 0.5584670453125 0.3524394265625 0.49698533749999996 0.390205075 0.567054953125 0.3747786015625 0.5590671109375001 0.3767053046875 0.5642390781250001 0.37701666093749997 0.5798822609375 0.3660791609375 0.580136834375 0.3633183625 0.585417903125 0.3484746125 0.58576339375 0.3300688203125 0.579931621875 0.3209323359375 0.5947513437499999 0.3207538046875 0.614579378125 0.328513459375 0.6248323921875001 0.329606065625 0.6404573921875001 0.322740490625 0.6541808953125 0.3074996875 0.6712294218749999 0.285697528125 0.6727802359374999 0.2717607140625 0.6637143609375 0.251501059375 0.6537522875 0.23954379375 0.6394235281249999 0.22384595312500002 0.6387455375 0.18107572968750002 0.6313941296875 0.2262296921875 0.6616440203125 0.23513480000000003 0.6770871828125 0.2301959265625 0.695982653125 0.23546615 0.7042068828125 0.2466021765625 0.69560079375 0.2494886609375 0.6809265390625 0.25544730000000004 0.6766144031250001 0.262081496875 0.6931537828125001 0.2504027359375 0.716379575 0.23986942656250002 0.744795515625 0.23693009687500002 0.76990461875 0.23555326718749997 0.794977353125 0.23266678437500002 0.8096516046875 0.23993655 0.8240894687499999 0.23368655 0.8242349390625 0.19792758125 0.8052433593749999 0.2022380234375 0.8333138078125 0.20333062968750001 0.8489388078125 0.1908306296875 0.8492297484375001 0.186255959375 0.8733335515625 0.2019009546875 0.8844463937499999 0.21236856093749998 0.8998531890624999 0.21026332656250002 0.91450925625 0.23092003437500003 0.90776829375 0.225762640625 0.9235387640624999 0.225584109375 0.9433667984374999 0.2237702359375 0.9621895343750001 0.20865511875 0.969844875 0.216361928125 0.9905327390625001 0.21300008125 1 0.759375 1
0 0.2649808359375 0.645091646875 0.27642821875 0.6521287390625 0.28140708124999997 0.656186303125 0.28892821875 0.6518377984375 0.2892524328125 0.6340930984375 0.282274028125 0.6238219015625 0.268992778125 0.6241310265625 0.2642524328125 0.6346749796875001 0.2649808359375 0.645091646875
0 0.8206666874999999 0.515559996875 0.8178858953124999 0.5093645484375 0.8120529421875 0.504283503125 0.8052402140625 0.50757215625 0.8017710062500001 0.5139130749999999 0.7990830484375 0.5202358109375 0.7978847515624999 0.5254805109375 0.8087694046875 0.5356607890625 0.819634065625 0.5343645484375 0.8222491812499999 0.5270001468750001 0.8206666874999999 0.515559996875
0 0.9501685171875 0.48750512031250004 0.955127384375 0.48008616562499995 0.9551073890625 0.46860965 0.948910234375 0.45832026875 0.9380655703125 0.47109302499999994 0.9407935171874999 0.487723325 0.9501685171875 0.48750512031250004
0 0.759375 0.6472001781250001 0.760240490625 0.6473866875000001 0.7715950390625 0.6419055984375 0.7681586828125 0.6263351500000001 0.759375 0.619176815625 0.759375 0.6472001781250001
1 0.759375 1 1 1 1 0.5179664828125 0.9832595218750001 0.5242959515625 0.969666915625 0.5089618921875 0.9614373671875001 0.514370246875 0.9376556609375 0.52118394375 0.9187071343750001 0.5299718734375001 0.90115543125 0.5251635828125 0.8945083781250001 0.5420120875000001 0.8753941765625001 0.537240165625 0.8536777140625 0.5064447609375 0.81319125625 0.4646092484375 0.8409791875 0.51508721875 0.8639867828125001 0.5531561078125 0.8564656453125 0.5575046109375 0.844164171875 0.549444034375 0.8530892718749999 0.5763637140625 0.838536884375 0.5808758734375 0.8200782453125001 0.5854789515625 0.8037976828125 0.5764676265625 0.7962236984375 0.59125098125 0.7972434640625 0.6058343140625 0.7984817515625 0.6235426484375 0.8086579953124999 0.6347827765625 0.7924902625 0.6497661515625 0.78157275625 0.6614972437500001 0.7665104859375 0.6587177359374999 0.759375 0.6556539031249999 0.759375 1