1 0.5296875 0 0 0 0 0.35 0.5070957484374999 0.35 0.51695985625 0.34528829375000003 0.5296875 0.344079184375 0.5296875 0
0 0.9495391812499999 0.0876491375 0.9522637796875 0.09081564375 0.9579990015625001 0.0948010921875 0.9631756093749999 0.09486179375 0.9686382375000001 0.0925749359375 0.9720302234375 0.09026379375 0.9745775703125 0.08637547031250001 0.9751496171875 0.08168034375 0.9831595937500002 0.07550515937499999 0.9761030265624999 0.07385513437499999 0.9670711609375001 0.0713983046875 0.95652726875 0.0728419421875 0.953230621875 0.0743705609375 0.95039725 0.0806064484375 0.9495391812499999 0.0876491375
0 0.8610077828125 0.1845658609375 0.875311596875 0.1863008703125 0.8842615546874999 0.180920346875 0.8863456265625 0.17232475625000002 0.8772318515624999 0.162030578125 0.8679139593749999 0.1619213125 0.8625466718749999 0.1634256515625 0.85952261875 0.1712265796875 0.85818784375 0.182181875 0.8610077828125 0.1845658609375
0 0.9160006796874999 0.107630465625 0.9168318890625 0.11782752031249999 0.9248284343750001 0.1202722078125 0.93320634375 0.1195868125 0.9368843531250001 0.1149281078125 0.9417883671875 0.10871650156249998 0.9384098109375 0.1024077703125 0.9324839078124999 0.0999873640625 0.9283426234375 0.0999388015625 0.9177987296874999 0.1013824375 0.916477384375 0.10371786093749999 0.9160006796874999 0.107630465625
0 0.809269915625 0.2262756671875 0.81699386875 0.222448046875 0.8179472796875 0.21462283750000002 0.8190913734375 0.20523258437499997 0.8091195250000001 0.20198109375 0.80016956875 0.20736161718749999 0.794325575 0.212778559375 0.7931814828125 0.22216881093750002 0.8030579890624999 0.22620282343749998 0.809269915625 0.2262756671875
0 0.7321270484375 0.3233259359375 0.741444940625 0.3234352015625 0.7499181890625 0.321967284375 0.7513348750000001 0.31884934062500003 0.7520976046875 0.312589171875 0.7486237078125 0.3070629640625 0.7389378843750001 0.301463909375 0.7296199953125 0.3013546453125 0.7229313625 0.30519440625 0.719430603125 0.316907940625 0.7221552015625 0.320074446875 0.7321270484375 0.3233259359375
0 0.684294709375 0.35 0.68436664375 0.34940960468750004 0.6855107375 0.340019353125 0.6793122421875 0.3313266359375 0.669994353125 0.331217371875 0.663687084375 0.3319270484375 0.6596277109375001 0.3397158375 0.6576389765625 0.34752890625 0.660031471875 0.35 0.684294709375 0.35
0 0.653809253125 0.26833645625 0.6495860578125 0.26045054218749997 0.636317565625 0.258727671875 0.6251062859375 0.2656489546875 0.6239621921875 0.2750392078125 0.6269593828125 0.284478021875 0.641739903125 0.282300428125 0.6504991765625 0.2784849484375 0.653809253125 0.26833645625
1 0.5296875 0 0.5296875 0.26061183906249996 0.5344747328125 0.2606679765625 0.5421033453125 0.257622878125 0.5431520984375 0.24901514531250002 0.560384621875 0.24373174843749998 0.5734624312500001 0.2470196609375 0.586730925 0.24874253125 0.58784815625 0.256592021875 0.60148458125 0.2638046796875 0.605530525 0.2646357625 0.6146577328125 0.2663100703125 0.6156930546874999 0.2663222125 0.6334976265625001 0.2563436875 0.656002096875 0.2503384734375 0.6619145703125 0.26137875 0.66849443125 0.2669413828125 0.6742162203125 0.27954670312499996 0.6827713828124999 0.2859161359375 0.6983011984375 0.2860982453125 0.6996359734375 0.2751429515625 0.693914184375 0.26253763124999996 0.6992949015625001 0.2524134203125 0.7033542765625 0.2446246328125 0.7012017234375 0.2367629984375 0.6941585906250001 0.22649310156250002 0.708748425 0.2258805484375 0.72512288125 0.22763984062499998 0.74640135 0.2231875265625 0.7581712484375001 0.220190990625 0.7730605374999999 0.2086110015625 0.7901842921875 0.2127299984375 0.80168159375 0.2034611515625 0.8117622140625 0.1973102484375 0.8247581125 0.192760809375 0.83216918125 0.2085204953125 0.8408881656249999 0.23056463124999999 0.859415171875 0.24018555468749997 0.8589653296875 0.22685841718750002 0.8482710453125 0.2040074796875 0.8470584734375001 0.1969405078125 0.8492513171875 0.1789425265625 0.8507767749999999 0.1664221890625 0.852683596875 0.15077176875 0.8691802546874999 0.134508796875 0.8623278031249999 0.12267385625 0.8638532609375 0.11015351874999998 0.8796556703124999 0.11660793750000001 0.9022420499999999 0.11844007187500001 0.9115733734375 0.1099294671875 0.9151560421875 0.10605328437499999 0.9168721812499999 0.0919679046875 0.9158502890625 0.08333589218750001 0.93590275625 0.08043647968749999 0.9437354812500001 0.0672064671875 0.9473315796874999 0.054710410937499995 0.9584609515625001 0.0399517765625 0.9669476328125001 0.0298639875 0.9799569640625 0.016694678125 0.982803765625 0.0018389187500000002 0.9819523546875001 0 0.5296875 0
0 0.4860662609375 0.6696975625 0.49124286875 0.6697582671875 0.5031081046875 0.6659792078125 0.4984216359375 0.653386028125 0.48873581093749996 0.6477869734375 0.47518129687500005 0.6484116671875 0.4732744765625 0.6640620890625 0.47298845156249997 0.6664096515625 0.4860662609375 0.6696975625
0 0.5296875 0.50549274375 0.5161550781249999 0.50783711875 0.507859078125 0.516359865625 0.5227080765625 0.5306394921875001 0.5231713515624999 0.5353467609375 0.5296875 0.5325083703125 0.5296875 0.50549274375
0 0.45244055000000005 0.44361521406249993 0.46102257187499995 0.43274490468749993 0.4359976125 0.4253987 0.418301815625 0.4259748296875 0.40839844531249997 0.4391805625 0.4172262 0.45182230468749995 0.4402892875 0.44974183593749995 0.45244055000000005 0.44361521406249993
0 0.4068743140625 0.51125748125 0.41236380468749995 0.49173087656250003 0.40841320156250005 0.4901172734375 0.39326475 0.4868050796875 0.381304171875 0.49136665937499996 0.38005130625 0.5101593046875 0.38776182812500004 0.5149515546875 0.404612990625 0.512798240625 0.4068743140625 0.51125748125
0 0.11014935625 0.6660730421875 0.112042746875 0.65904249375 0.1040596328125 0.647977934375 0.0875764046875 0.6556210359375 0.08690901875 0.6610986828125001 0.0949874734375 0.6713807218750001 0.106662028125 0.6691667046875001 0.11014935625 0.6660730421875
0 0 0.6983060515625 0.010146190624999999 0.6954622859375 0.0138242 0.6908035828125 0.0208941953125 0.6838337359375 0.013101764062499998 0.671204134375 0 0.6740628046875 0 0.6983060515625
0 0.088809034375 0.95185104375 0.1014101390625 0.959051559375 0.1201412609375 0.9584875703125 0.12579457031250002 0.9546356671874999 0.128437259375 0.949964821875 0.1340086609375 0.9382755687500002 0.1358300671875 0.936659771875 0.11313841875 0.92235805625 0.08931260156250001 0.9306986937499999 0.088809034375 0.95185104375
0 0.1848965890625 0.656762253125 0.17322203281249998 0.6589762703125001 0.1721732828125 0.667584 0.17553840781250002 0.682512603125 0.18898415 0.691290303125 0.19398350625 0.6842961765625001 0.19587689531250002 0.6772656265625 0.191367678125 0.6717272765625 0.18902444375 0.6654306875 0.1848965890625 0.656762253125
0 1 0.5062620453125 0.997050575 0.506227459375 0.9872559796874999 0.5100307984375 0.9876239124999999 0.5155205875 0.9904304234375001 0.5265244421874999 1 0.5308776609375 1 0.5062620453125
0 0.783458890625 0.40420063749999996 0.7699997156249999 0.40404280937500003 0.7719615875000001 0.4134694828125 0.7734467515625 0.4268087625 0.78671524375 0.42853163125 0.791987190625 0.42780981406249996 0.7986892531249999 0.41535018125 0.7942753765624999 0.409029309375 0.783458890625 0.40420063749999996
0 0.576796090625 0.68780546875 0.5814959890625 0.6917787750000001 0.5940151828125 0.6911419421874999 0.5916853796875 0.6762254796875 0.58623618125 0.66989246875 0.5762643359374999 0.666640978125 0.5683497 0.672033640625 0.5681455875 0.6822185562499999 0.576796090625 0.68780546875
0 0.5419684046875 0.9311088015625 0.546096259375 0.9397772359375001 0.564350675 0.94312585 0.571624784375 0.9259710906249999 0.558832996875 0.9203356156249999 0.5537651625 0.9108725203125001 0.5477842109375 0.88337501875 0.536204996875 0.8848065140625 0.531737396875 0.9129651296875 0.536055934375 0.920068521875 0.5419684046875 0.9311088015625
0 0.8751821375000001 0.49382743281249997 0.859189046875 0.48893805625 0.8488224046875 0.497436521875 0.8513563218750001 0.5021680703125 0.8658373875 0.510957909375 0.87337065625 0.50869533125 0.8762993703124999 0.5016769234375 0.8751821375000001 0.49382743281249997
0 0.6416157421875 0.8280533171875 0.647568509375 0.8132339796875 0.648426578125 0.8061912890624999 0.6483446671875 0.798353940625 0.633278125 0.8028790984375 0.61690366875 0.80111980625 0.6085123296875 0.8104250734375 0.6109374734374999 0.8245590140625 0.6165773546875 0.8293269828125001 0.6328564703125 0.831868796875 0.6416157421875 0.8280533171875