0 0.11090545468749999 0 0.11444358750000001 0.00576504375 0.1152581203125 0.0123373984375 0.1256792484375 0.008538753125 0.1370216078125 0.000189075 0.1369630546875 0 0.11090545468749999 0
0 0.154059209375 0.05377246718749999 0.160855259375 0.046689684375 0.16351876875 0.0282333953125 0.15325769218750002 0.0153469546875 0.14646164374999998 0.022429739062500002 0.1462014046875 0.0343116328125 0.146501975 0.0487212015625 0.154059209375 0.05377246718749999
0 0.04747070625 0.03462699375 0.052831553125 0.0399324546875 0.0580922109375 0.0404347265625 0.0648882578125 0.03335194375 0.062337954687499995 0.024758265625 0.057844990625 0.020463465625 0.053298678125 0.021730359375 0.048391940625000004 0.030075959375 0.04747070625 0.03462699375
0 0.41875 0.124669384375 0.41125112656249996 0.12363587499999999 0.39725176093750003 0.1345152640625 0.39633052812499997 0.139066296875 0.39847356718750004 0.14437379687500002 0.404088140625 0.15372394218750002 0.4085277546875 0.1635804375 0.41875 0.167119340625 0.41875 0.124669384375
1 0 0.5390625 0.41875 0.5390625 0.41875 0.18633162812499998 0.389060846875 0.1802777546875 0.3836531578125 0.164607409375 0.34872436875 0.146427740625 0.3238094359375 0.1211632515625 0.30296718437500003 0.1287605390625 0.2685458515625 0.1186702390625 0.2564891453125 0.12525075000000002 0.239839284375 0.12273327187500001 0.215632190625 0.115164528125 0.1773385609375 0.081818825 0.159460390625 0.0853693921875 0.1452541390625 0.1025689828125 0.11869711875 0.0960129359375 0.08224595625 0.0535651671875 0.07069670781250001 0.06823504531249999 0.0923404796875 0.09906327031249999 0.09161962500000001 0.11322068125 0.066798375 0.108685959375 0 0.11568838749999999 0 0.5390625
0 0.4528986 0.3909233484375 0.45192401875000004 0.4010360765625 0.46208490625 0.4091193265625 0.479402271875 0.4030410890625 0.47603742968749996 0.3878750546875 0.4617374984375 0.3843448765625 0.45484125937500003 0.3866244703125 0.4528986 0.3909233484375
0 0.52422520625 0.4571124796875 0.5212611218750001 0.4611592015625 0.5173758078125 0.469756959375 0.5231439234375 0.4783485984375 0.5386188203125 0.4813724265625 0.543372021875 0.47378533125000005 0.5436322578125 0.4619034359375 0.5313751718749999 0.4588775703125 0.52422520625 0.4571124796875
0 0.6358935125 0.41937411406249997 0.6334902390625 0.42594850781250004 0.6292978453125 0.436063275 0.6397124625 0.448191209375 0.6584051687500001 0.451212996875 0.666683259375 0.44210685312500003 0.6618363781250001 0.42896418125 0.64758979375 0.4198723078125 0.6358935125 0.41937411406249997
0 0.7088882390625 0.4031484859375 0.700356421875 0.4082099453125 0.7019854921875 0.42135465937500005 0.7159783484375 0.426401846875 0.724356628125 0.42209889062499995 0.7255849390625 0.416030846875 0.7189489375 0.40642854687499996 0.7088882390625 0.4031484859375
0 0.8365714437499999 0.29689041875 0.8483145624999999 0.30775349687500003 0.8625143078124999 0.3064804875 0.862520815625 0.2905539078125 0.8503170781249999 0.2819663453125 0.8403565687500001 0.28348947343750003 0.8365714437499999 0.29689041875
1 0.08655800625 0.5390625 0.084807103125 0.5572307000000001 0.0932322234375 0.5632926281249999 0.091850371875 0.570119178125 0.08367898124999999 0.5681019328125 0.058136878125 0.5777246218750001 0.0233082765625 0.56434814375 0.0072192234375 0.5643583375000001 0.0036344796875 0.5873656609375 0.0345309234375 0.5989750125000001 0.0052635515625 0.6005103734375 0.0036748109374999996 0.6136571234375 0.0148571234375 0.6219925296875 0.0017256453125 0.63388258125 0 0.6353207953125 0 0.9081052921874999 0.0168765015625 0.929905025 0.026363376562500002 0.962510571875 0.0597567765625 0.9882752953124999 0.0621667171875 1 0.41875 1 0.41875 0.5390625 0.21825314062499998 0.5390625 0.2174581859375 0.5429896953125 0.188751621875 0.5470527265625 0.1674487515625 0.5569255328125 0.139870309375 0.5501173328125 0.12613118125 0.5491148265625 0.1068175375 0.5390625 0.08655800625 0.5390625
0 0.7207242625 0.7274035875 0.7216901968749999 0.7163986203125 0.71075725 0.7080779265625 0.6978373281250001 0.7095731875 0.691404921875 0.7164178078125 0.6918840609375 0.7202839 0.6954263234375 0.7277170328125 0.7103255625 0.7351429671874999 0.7207242625 0.7274035875
0 0.6252423703125001 0.72538218125 0.6063768390625001 0.7188510031249999 0.598200853125 0.7280760515625 0.60396583125 0.7369948484375 0.616524484375 0.7372843062500001 0.6252423703125001 0.72538218125
0 0.8016773468749999 0.84483123125 0.8066019171875001 0.8516686531250001 0.8186186671875 0.8546351890625001 0.8291352406249999 0.8525466218750001 0.8293786359374999 0.8451110937500002 0.8261976453125002 0.8358932421875 0.8197101312499999 0.8305438828125 0.8131598515625 0.8317376937500001 0.8052272640625 0.8335272093749999 0.8029417859375 0.8385847125 0.8016773468749999 0.84483123125
1 1 0.880559371875 0.9830736484374999 0.881179375 0.9537125937500001 0.8619849687500001 0.9255134875 0.8741373687499999 0.919378434375 0.8885510156249999 0.8965531921875 0.87415571875 0.87428875625 0.8622880953125 0.8581463546875 0.8678599859375 0.8563038859375001 0.8769620515625001 0.8247932875 0.8683867234375 0.7857722953125 0.8651250125000001 0.7654908468749999 0.8752499734375 0.7443480234375001 0.86843769375 0.7262824906249999 0.8305287265625001 0.717202884375 0.80120935625 0.7030031390625 0.80248236875 0.6935969296875 0.822459746875 0.6945584953124999 0.8442001765625001 0.6994053765625 0.8573428484375001 0.6810197484375 0.8528040484374999 0.642612909375 0.8465083140624999 0.6272316953124999 0.8642142546875 0.611189484375 0.8745893328125 0.562868978125 0.8801816109375 0.520269746875 0.88400064375 0.5120918484375 0.8979099765624999 0.480073790625 0.88124528125 0.46454554375 0.8837831484375 0.44043864062499993 0.8810175921875001 0.433128625 0.8959375875 0.4489574421875 0.9078092890624999 0.45508598593749994 0.909322221875 0.44083289218750005 0.9161569281249999 0.41875 0.910705396875 0.41875 1 1 1 1 0.9284427687499999 0.9971003265625 0.9284446062499999 1 0.9221873687500001 1 0.880559371875