0 0.178250940625 0.5802023562499999 0.1794229890625 0.5675863734375 0.174076575 0.5605791250000001 0.17018946875000002 0.552441040625 0.1634805953125 0.5476045984375 0.1517092828125 0.55561128125 0.14985929375 0.560947440625 0.148102865625 0.5756888 0.151405590625 0.5859522625 0.1566551546875 0.5919195390625 0.16287978281249998 0.591556109375 0.1674514046875 0.5902435609375 0.178250940625 0.5802023562499999
0 0.234766696875 0.557035684375 0.24128515625000002 0.5514269515625 0.2439132265625 0.5460453640625 0.2410011828125 0.531576575 0.230108084375 0.5322125765625 0.224758384375 0.533570553125 0.221545934375 0.54107751875 0.22766714062500001 0.5564045671875 0.230001375 0.55626828125 0.234766696875 0.557035684375
0 0.3938937078125 0.274835671875 0.386700590625 0.2647993546875 0.3720139484375 0.266702475 0.36967642500000003 0.27520398749999997 0.372201071875 0.285512878125 0.3789099453125 0.290349321875 0.39418096875 0.2863208234375 0.395446578125 0.283110040625 0.3938937078125 0.274835671875
0 0.61584634375 0.24723798281249998 0.6118623890625 0.2380599234375 0.600388196875 0.23245607812500002 0.5861890859375001 0.23119384687500003 0.5786988484375 0.2347680578125 0.583751428125 0.2470206109375 0.5929882359375 0.25380071875 0.6074778921874999 0.25818287500000003 0.611368284375 0.25795573125 0.61584634375 0.24723798281249998
0 0.41007909531250003 0.17141900000000002 0.416590984375 0.1825407234375 0.4199938453125 0.18547893124999998 0.42612162343750004 0.18407552656249998 0.43584924843749995 0.17932505468749999 0.4324529609375 0.15965639375000001 0.41942260937500003 0.154143403125 0.4115416890625 0.1619229421875 0.41007909531250003 0.17141900000000002
0 0.35649838906250003 0.15049787812499998 0.34852062031250003 0.1572374421875 0.3469611765625 0.1656935265625 0.35094513125 0.17487158281249998 0.3546385390625 0.180929715625 0.36037563437500003 0.183731640625 0.371659415625 0.17889031093750002 0.37749993593750003 0.16600175625 0.3685569625 0.15397634531249998 0.35649838906250003 0.15049787812499998
0 0.28972465937499997 0.063513340625 0.282912365625 0.074367375 0.28942425312500003 0.085489096875 0.2936051921875 0.08838187656249999 0.302551453125 0.092042059375 0.3089730640625 0.085393353125 0.3089796375 0.0686629 0.30217391562499996 0.06278648125 0.28972465937499997 0.063513340625
1 0 0 0 0.4783086234375 0.00062008125 0.47773208437500003 0.012481671875 0.48749582968749994 0.0222060078125 0.491110584375 0.0424327640625 0.4982946640625 0.049832725 0.476950025 0.0584917234375 0.46912505781249997 0.0615039015625 0.4762685953125 0.07424041875000001 0.4870268859375 0.0944770296875 0.46911528437500005 0.1082920328125 0.45785239375 0.11490077031249998 0.4700140890625 0.1282249515625 0.47028177343750005 0.1341688921875 0.441702740625 0.1410616046875 0.4737148140625 0.1645008078125 0.473391928125 0.166938465625 0.4575651625 0.158880278125 0.42143861875 0.1723111703125 0.3976506015625 0.171536378125 0.3893308015625 0.1785390859375 0.38892194375 0.18330111875 0.39805457187500004 0.2037248578125 0.3989533765625 0.20509388906249998 0.3800521171875 0.1976135109375 0.35853064843750004 0.198688709375 0.344874690625 0.1960737859375 0.3167953734375 0.2091139953125 0.2972126828125 0.2174890203125 0.2695373359375 0.2252698046875 0.26908305 0.2347134546875 0.24448219999999998 0.2498942015625 0.2226832734375 0.2614718171875 0.2125966421875 0.28112076406250003 0.2051756453125 0.28122418437499996 0.1894851671875 0.281037059375 0.17067476406249998 0.2682069828125 0.15051127343749998 0.2660763046875 0.127631828125 0.26170495312500003 0.114293871875 0.25801811875 0.091505284375 0.265020825 0.0910964265625 0.2671646484375 0.0805149640625 0.2679525859375 0.05537385625 0.27369296875 0.049810553125000004 0.280989509375 0.0441563921875 0.2789556796875 0.022316921875 0.2712783171875 0.0070807296875 0.25921974375 0.0036022640625 0.259183909375 0 0 0
0 0.74916735 0.5373699453125 0.7557826609375 0.5328011890625 0.759679628125 0.51584359375 0.7630857750000001 0.5104165734375 0.7522928125 0.5037273250000001 0.745684075 0.49156562968750006 0.73858780625 0.48256928749999994 0.7387749296875 0.5013796890625 0.732356603125 0.49966316875 0.7238978765625 0.492837634375 0.7327407140625001 0.5121882953125 0.7424584796875 0.532533503125 0.74440203125 0.53660254375 0.74916735 0.5373699453125
0 0.7488325390625 0.39936642187500004 0.7423140781249999 0.404975153125 0.7418232609375 0.416505734375 0.7456135171875 0.42360384062499995 0.74872583125 0.4234221265625 0.7526162234375 0.4231949828125 0.7596189296875 0.422786125 0.7573881171875 0.40723193281250003 0.7558352453125 0.3989575640625 0.7488325390625 0.39936642187500004
0 0.72731234375 0.2186833921875 0.7215719609375 0.22424669531250002 0.7204967609375 0.237902653125 0.7282742609375 0.24581359218749999 0.7323583515625 0.2476663984375 0.738582978125 0.24730296875 0.748407453125 0.243592471875 0.7469547171875 0.22799285 0.7389835203125 0.2180019609375 0.72731234375 0.2186833921875
0 0.7652576375 0.180916528125 0.7670074921875 0.1829056203125 0.7771225125 0.182315046875 0.7814035859375 0.1778825765625 0.7835474109375 0.16730111406249998 0.7811196140625001 0.1580321984375 0.7767449765625 0.15305946875 0.7642957203125 0.1537863296875 0.76020834375 0.1602987484375 0.759814375 0.17286930312499998 0.7652576375 0.180916528125
0 0.678654503125 0.2926271125 0.6844917359375 0.288103784375 0.685563646875 0.282813053125 0.6820672234375 0.270469640625 0.6796361390625 0.2695659546875 0.6691304375 0.274361853125 0.666111684375 0.2839487703125 0.6708737171875 0.2930814 0.678654503125 0.2926271125
0 0.659673640625 0.3324236109375 0.66366416875 0.32487121406249997 0.661530203125 0.3103569984375 0.6596835000000001 0.30732793125 0.6550745953125 0.301604428125 0.642372075 0.3062474140625 0.6420749546875 0.319857940625 0.64547453125 0.331161378125 0.6518928546875 0.332877896875 0.659673640625 0.3324236109375
0 0.861956071875 0.11880672968749999 0.8720710921875 0.11821615625 0.8746023109374998 0.11179459375 0.8743150515625 0.1003094421875 0.8692591843749999 0.096422115625 0.8636189375000001 0.09466016875 0.8578818421874999 0.0918582453125 0.8496102390625 0.10384311093750001 0.8553440468750001 0.11501026249999999 0.861956071875 0.11880672968749999
0 0.8812504875 0.0235735703125 0.87531640625 0.0270569234375 0.8755068171874999 0.0375021015625 0.8832777437499999 0.06214349375 0.8977706859375001 0.0581604234375 0.9030268250000001 0.0473972453125 0.89369645625 0.0312119375 0.8812504875 0.0235735703125
0 0.46994302499999996 0.9871072078124999 0.46703426875 0.9642731937499999 0.46120360937499993 0.95206606875 0.4567386953125 0.9293229109375 0.4454582 0.9257990140625001 0.44302054375 0.9416257796874999 0.45118215 0.9620618421875001 0.46994302499999996 0.9871072078124999
0 0.4534622609375 0.8521376374999999 0.4426692984375 0.8454483875000001 0.4349853640625 0.8469426484374999 0.4372161765625 0.8624968421875 0.445381071875 0.8745676796874999 0.45743964375 0.8780461484375 0.46220825000000004 0.8704483249999999 0.4534622609375 0.8521376374999999
0 0.462521803125 0.8150116624999999 0.45970660937499996 0.8015828468749999 0.448816796875 0.7938536234375 0.44035149531249995 0.8037585406249999 0.4439447671875 0.8171419249999999 0.447444478125 0.821120109375 0.45444718437500004 0.8207112515624999 0.462521803125 0.8150116624999999
0 0.3923339078125 0.73336803125 0.3863062640625 0.727446184375 0.37832849375 0.73418575 0.3762815203125 0.7458071859375 0.38123724999999997 0.7570197640625 0.39417075156250003 0.7614927796875 0.39689895625 0.7487859375 0.39777717031250004 0.74141525625 0.3923339078125 0.73336803125
0 0.2660717765625 0.7888388953125001 0.2625720671875 0.7848607109375 0.25206965000000003 0.781291384375 0.2418544953125 0.7892072109375 0.250991165625 0.80331256875 0.2592463359375 0.8331538359374999 0.25944989375 0.8101381046875 0.2631498734375 0.7994657843749999 0.266556021875 0.7940387687499999 0.2660717765625 0.7888388953125001
0 0.35206752343750003 0.737810275 0.342052640625 0.731075596875 0.3343687046875 0.7325698578125 0.3354340421875 0.74400958125 0.3468081 0.7569386781249999 0.3540012171875 0.7669749968749999 0.3643066484375 0.7768295984375 0.37509632656249997 0.791884075 0.3810304078125 0.788400721875 0.3634382953125 0.7591046 0.35206752343750003 0.737810275
0 0.43798285468750003 0.643915546875 0.4472229484375 0.642330428125 0.4534508625 0.633601771875 0.44937005937499996 0.623383740625 0.4394520234375 0.6176890359375 0.431477540625 0.616063375 0.43050247812500003 0.6223940796874999 0.42291539062499994 0.6249283171875 0.42816166874999995 0.63926081875 0.43798285468750003 0.643915546875
1 0 0.6 0 0.686174671875 0.0180010296875 0.7039879124999999 0.0403650359375 0.7173209843749999 0.07021927812499999 0.72707984375 0.0956020328125 0.7308259984375 0.1062981484375 0.7364752734375 0.1146567390625 0.7506260609375 0.1116347015625 0.7685782031249999 0.125242859375 0.7886962671875001 0.132639534375 0.775716853125 0.14013305781250002 0.763777415625 0.1496604125 0.7736774484375 0.1622065171875 0.7739905625000001 0.1721376984375 0.746224359375 0.18662406874999998 0.75897174375 0.20481042187499998 0.76104680625 0.2083167046875 0.7482945390625 0.2228063609375 0.7526766953124999 0.23554287812500002 0.763434984375 0.2595697484375 0.75262149375 0.2777593859375 0.7463313312500001 0.294680128125 0.7516171765624999 0.305967196875 0.7384106203125 0.3209509578125 0.7228969703125 0.33166021875 0.6950853390625 0.354996 0.7104529312500001 0.3521840921875 0.688658890625 0.369595653125 0.68241415625 0.3786453328125 0.6703838609374999 0.385932015625 0.6898253796875 0.4000375625 0.6816824109375 0.4061719140625 0.6635485531249999 0.4050130125 0.6427036296875 0.3914984171875 0.6319907671875 0.390917325 0.6257509171875 0.3992857765625 0.6148060265625 0.41217640468749994 0.6 0 0.6
0 0.834207484375 0.775587028125 0.8287609359375001 0.7759050296875 0.8258390328124999 0.78653191875 0.831375859375 0.803984346875 0.8423658062499999 0.8043883171875 0.845868803125 0.8000012765625 0.8422755296875 0.786617890625 0.834207484375 0.775587028125
0 0.8599136546875 0.6988008421874999 0.8605981703125 0.6893502109374999 0.8553486046875 0.683382934375 0.8490271281249999 0.6827063890625 0.8391058062500001 0.6853769125 0.8371589671875 0.689673096875 0.837349378125 0.700118275 0.8468767296875 0.7100183046875 0.85436696875 0.70644409375 0.8599136546875 0.6988008421874999
0 0.83817930625 0.850391175 0.8171589625 0.8479927515625001 0.818066615625 0.8676221937499999 0.828018059375 0.8756522359375 0.839002696875 0.8750108890625 0.8456421484375 0.8672423265625 0.839583996875 0.85160405625 0.83817930625 0.850391175