0 0.18632853124999998 0.11847909999999999 0.1724513375 0.1195296578125 0.1713015625 0.12803967968750002 0.1641489484375 0.13405904375 0.1861842625 0.15082719218750001 0.20534255468749998 0.1497891453125 0.2097028 0.1409771765625 0.2063031515625 0.12703917343749999 0.1997876234375 0.12052309218749999 0.18632853124999998 0.11847909999999999
0 0.17481050625 0.0551479328125 0.175417784375 0.0662933296875 0.17975815781249999 0.07326858750000001 0.16981317499999998 0.07649534531249999 0.1970449328125 0.0782624171875 0.2052328640625 0.0724002859375 0.20317216875000002 0.06419221093750001 0.19510863750000002 0.05349347812500001 0.18527811562500002 0.0480529828125 0.17481050625 0.0551479328125
0 0.07338462968750001 0.094221021875 0.0833196765625 0.098887878125 0.092647446875 0.0924093375 0.09679864218749999 0.08514464375 0.0900740625 0.0801758390625 0.0776502859375 0.0782890765625 0.06925330625000001 0.0856984859375 0.07338462968750001 0.094221021875
1 0 0.4296875 0.5 0.4296875 0.5 0.277002696875 0.49678386718749995 0.276158778125 0.49845626718749997 0.2637805640625 0.49132352656249995 0.2540127015625 0.4825183828125 0.25662305 0.488257325 0.22196655468749998 0.4800793328125 0.2199350734375 0.474295478125 0.208003525 0.465166825 0.220828403125 0.44997055 0.20036180625000002 0.4330919390625 0.20016703749999998 0.4236596421875 0.2074192171875 0.42498866093750004 0.221042759375 0.4079955875 0.22951524218750002 0.4012511390625 0.240333665625 0.3857313515625 0.230081596875 0.3764333921875 0.212879296875 0.358833040625 0.21020638281249998 0.35208858906249996 0.22102480624999998 0.351974128125 0.22969205937499998 0.34265629531249997 0.22827698437500002 0.33759418124999996 0.21882358281249997 0.2972169046875 0.2126916 0.2870628703125 0.21746563437500002 0.28591309531250003 0.22597565625 0.2621008546875 0.222359359375 0.24564034218750003 0.21907003593750002 0.2471784125 0.231146303125 0.2252376875 0.2214981296875 0.20682100781249999 0.20922709374999998 0.1845567703125 0.2097934484375 0.1723519796875 0.1984657953125 0.15691684687500002 0.2032273171875 0.142517028125 0.2081460671875 0.1465338890625 0.2253358546875 0.138032384375 0.233518903125 0.115663625 0.234858896875 0.1037326640625 0.2527847828125 0.0803285890625 0.2539675453125 0.0508171484375 0.2534332890625 0.049040221875 0.26658514218749996 0.033918665625 0.2690257484375 0.027905890625000002 0.274428703125 0.0107236390625 0.268661234375 0 0.2811510390625 0 0.4296875
0 0.3022043 0.19923780156249998 0.302726925 0.195369609375 0.3026422734375 0.1803560203125 0.288775015625 0.17351296562500002 0.2699203640625 0.1801237109375 0.267735271875 0.188476503125 0.27921832343749997 0.1973260109375 0.29774946562500004 0.2009297953125 0.3022043 0.19923780156249998
0 0.680038309375 0.041639909375 0.681188084375 0.033129887499999996 0.672601928125 0.026299346875 0.6612134640624999 0.0245698125 0.6542698984374999 0.0290419 0.6530155984375 0.038325560937499996 0.654563603125 0.042508212499999996 0.6581822359375 0.047005325 0.6672910203125 0.049967675 0.680038309375 0.041639909375
0 0.5663130515625 0.0622653703125 0.5658003625 0.058239946875000004 0.5555517390625 0.055894006249999996 0.546642071875 0.05927799375 0.54549229375 0.067788015625 0.5500417171875001 0.073215996875 0.560290340625 0.0755619390625 0.5638143859375 0.07293907499999999 0.5663130515625 0.0622653703125
0 0.667525109375 0.11079566874999999 0.6773655671875 0.10834255 0.67976964375 0.09054886875 0.66404080625 0.0818440765625 0.6549220874999999 0.08677534218750001 0.652736996875 0.0951281328125 0.651691746875 0.1028645171875 0.656753859375 0.11231791875 0.667525109375 0.11079566874999999
0 0.7494544750000001 0.17692488125 0.7574532265625 0.156822796875 0.7576722124999999 0.1473819078125 0.7474235890625 0.145035965625 0.7374786062500001 0.1482627234375 0.7346763015625 0.15336373125 0.7300124171875 0.156603003125 0.7365279453125 0.1631190828125 0.7366225328125 0.17023905781249998 0.7427199609375 0.1798496921875 0.7494544750000001 0.17692488125
0 0.8626173640625 0.19174206875 0.8643843546875001 0.1864838296875 0.8569380375 0.17903688125 0.8476202031250001 0.1776218078125 0.833533959375 0.1802196453125 0.8296963390625001 0.18516342187499998 0.8287556140625 0.1921261671875 0.8324787734375001 0.1958496421875 0.8485311203125001 0.19433990625 0.8626173640625 0.19174206875
0 0.087347371875 0.5806590390624999 0.0696424953125 0.5787597609375 0.0646650359375 0.584319946875 0.07314666875 0.5919241265624999 0.0882582890625 0.5973771343750001 0.0945846390625 0.5896532640625 0.087347371875 0.5806590390624999
0 0.163438040625 0.5961622703125 0.148107434375 0.6001501546875 0.1510989171875 0.609289096875 0.1616511796875 0.6172077375 0.1723179015625 0.616459125 0.17492109218750002 0.6050117796875 0.163438040625 0.5961622703125
0 0.2464722734375 0.6071934171875 0.24273917968749997 0.6113635578125 0.24169392968749998 0.6190999406250001 0.2398224140625 0.6251318171875 0.2536896703125 0.6319748703125001 0.26456544531250004 0.6296789828125 0.27089179375 0.6219551109375 0.267900309375 0.61281616875 0.2579652625 0.6081493124999999 0.2464722734375 0.6071934171875
0 0.3447476921875 0.6852792046875 0.33419543125 0.677360565625 0.3225979171875 0.677178309375 0.31223483281250003 0.6834996203125 0.3131556875 0.6923241015625 0.319984790625 0.6965192671875 0.331164203125 0.6997960765625 0.3413182375 0.6950220437500001 0.3447476921875 0.6852792046875
0 0.2730176640625 0.8251826140624999 0.280170278125 0.8191632515624999 0.2788313234375 0.8134333218750001 0.270767790625 0.8027345890625 0.2610318578125 0.8044140703125 0.252843928125 0.810276203125 0.2495189984375 0.8192454031249999 0.25024073750000003 0.8217235484375 0.2592449953125 0.8254595343750001 0.2644215703125 0.8262456859375 0.2730176640625 0.8251826140624999
0 0.4243373703125 0.6357843046875 0.4222568046875 0.643363459375 0.421316078125 0.6503262031249999 0.44439664375000004 0.65935796875 0.4537244125 0.6528794265625001 0.45488412343749995 0.636475790625 0.45012565000000004 0.6325950859375 0.43470045468749996 0.6294629953124999 0.4243373703125 0.6357843046875
0 0.5 0.6007536609375 0.4998704421875 0.6006740734375 0.4905526078125 0.599259 0.48795935312500005 0.60281273125 0.49032368593750003 0.616593503125 0.5 0.6226367875000001 0.5 0.6007536609375
1 0.5 1 0.5 0.6293067375 0.48066247031250003 0.6411801875 0.4632314234375 0.6685344499999999 0.4504841359375 0.676862215625 0.44756736874999997 0.6906304750000001 0.4284090765625 0.691668521875 0.41391467187500003 0.6894672984375 0.3972550453125 0.6798316375000001 0.3800628578125 0.681957784375 0.374144671875 0.6944807140625 0.38428876875 0.6976002937500001 0.38416437187499997 0.7141611593749999 0.37525470312500003 0.7175451468749999 0.3715116734375 0.7296089015625 0.3540158453125 0.726162346875 0.3590680234375 0.7435093640625 0.3614422921875 0.7493965234375001 0.3250170953125 0.7296535125 0.2793984640625 0.6919345625 0.31621195156250004 0.7322638609375 0.346101746875 0.7612780203125 0.33800840781249997 0.774260128125 0.33076120468750003 0.773159515625 0.321433434375 0.7796380562499999 0.32327514218750003 0.797287021875 0.31684426875 0.8057845312499999 0.3144401921875 0.8235782125 0.30541606250000003 0.8356294515624999 0.30830302187499997 0.8455420328125001 0.296277471875 0.85634794375 0.298537278125 0.87090235625 0.2956105765625 0.8925642281249999 0.2879254 0.9103453968749999 0.2706286890625 0.9132451812500001 0.2819972796875 0.930761940625 0.28426702187499997 0.9374227390625001 0.2683291359375 0.9302652250000001 0.2481355296875 0.9311460421875001 0.23228229687500002 0.939002115625 0.24769755624999998 0.9500278218750001 0.2726496375 0.9530277109374999 0.2852824640625 0.9533671984375001 0.3038982609375 0.9719845703125 0.321896840625 0.9873501578125001 0.31519965625 1 0.5 1
0 0.4483785328125 0.6220660984374999 0.45944348437500004 0.634010159375 0.46543638749999994 0.6443944328125 0.476929375 0.645350328125 0.488337709375 0.6312926328125 0.4706924484375 0.5820316734375 0.46470948125 0.5637537874999999 0.44826884062500005 0.5446772375 0.45019520156250004 0.5773397921875001 0.43909050625 0.596970184375 0.4483785328125 0.6220660984374999
0 0.7150030359375 0.5222130328125 0.6977063250000001 0.5251128140625 0.6994534421875 0.5356418046875 0.70493365625 0.5420006546875 0.717880059375 0.5400192265625 0.7190298359374999 0.5315092046875 0.7150030359375 0.5222130328125
0 0.7190350000000001 0.6096717046875 0.72288255625 0.5968343109375 0.7177159171875 0.588154546875 0.6948444031250001 0.5775755046875 0.68965789375 0.5846829671875 0.6868456546875 0.5976775890624999 0.6924303921874999 0.6032628015625 0.7052623328125 0.609948625 0.7190350000000001 0.6096717046875
0 0.59886376875 0.5685257874999999 0.6065290703125 0.5665318453125 0.6230094562499999 0.554033940625 0.6162848765625 0.5490651375 0.6013823046875 0.5420648531250001 0.5913327953125 0.5460652484375 0.5896603953125 0.5584434625 0.59886376875 0.5685257874999999
0 0.810207484375 0.6543087859375 0.8088685296874999 0.6485788578125 0.8042145828124999 0.6439245140625001 0.7899292234375 0.6401760125 0.78660429375 0.6491452125 0.7869079343750001 0.6547179109375 0.795494090625 0.6615484515625 0.80844049375 0.659567025 0.810207484375 0.6543087859375
1 1 0.6821527765625 0.9843494203125001 0.6791761984375 0.9733790578124999 0.6743521125 0.954638865625 0.6722956046874999 0.9421006281250002 0.6790760921875 0.9319366578124999 0.691743740625 0.9158644390624999 0.70904070625 0.9054266375000001 0.6924548140625 0.8962332015625 0.6744788749999999 0.8756314312499999 0.6705606312500001 0.8676326812500001 0.690662715625 0.8588176000000001 0.701166678125 0.8535663109375001 0.677473325 0.836896746875 0.675731278125 0.8256128109375 0.6732281062500001 0.819704559375 0.6778574234375 0.798883803125 0.6833800703125 0.770303153125 0.68377668125 0.7668836328124999 0.6856259046875 0.7316829296874999 0.680280075 0.705277434375 0.680217509375 0.69918994375 0.6627132625 0.6832421203125 0.6634493609375001 0.6600371593750001 0.6709784625 0.65225739375 0.6816396546875 0.64572199375 0.6909108015625 0.6281017703125 0.704025115625 0.610690596875 0.71559215 0.5830308000000001 0.7248132453125 0.5703880375 0.7323673718749999 0.553917590625 0.7369716625 0.5317578796875 0.7367643796875 0.5034808671875 0.7427336906249999 0.5 0.740307728125 0.5 1 1 1 1 0.7268035015625001 0.9933039984375001 0.7223802546875 1 0.710901809375 1 0.6821527765625