0 0.3561166859375 0.4554008578125 0.36257585312499996 0.45479748437499995 0.3721143015625 0.4466215015625 0.3699490640625 0.439036390625 0.362510871875 0.4354607234375 0.350421265625 0.43357558906250004 0.343933659375 0.4382009078125 0.3493000375 0.44950627968749995 0.3561166859375 0.4554008578125
0 0.240501678125 0.4599207234375 0.24290253593750002 0.4627109171875 0.251791 0.46087579375 0.2591642125 0.44511469843749996 0.2559630671875 0.4413944390625 0.2418585265625 0.439195115625 0.235785284375 0.4422744953125 0.235314040625 0.451864328125 0.240501678125 0.4599207234375
0 0.23622808750000002 0.43670660781250004 0.2509541703125 0.43658702031249996 0.266452103125 0.4414194453125 0.2754258859375 0.4275184796875 0.2654080953125 0.4179036421875 0.24629465781249998 0.4108969 0.2385924015625 0.41613809531249996 0.233055384375 0.428964403125 0.23622808750000002 0.43670660781250004
0 0 0.29753867343749996 0.0048357 0.2975502015625 0.0109373828125 0.2904488765625 0.0075575 0.28347964062500003 0 0.2819187359375 0 0.29753867343749996
1 0.4890625 0 0 0 0 0.263779846875 0.004262934375 0.2644445671875 0.0086502859375 0.271570896875 0.01786779375 0.2802556703125 0.0273778 0.276101634375 0.0466984203125 0.28233540625 0.036810590625 0.3113940890625 0.048693015625 0.3140521953125 0.06143260625 0.309596471875 0.0793313953125 0.317219090625 0.0952721296875 0.3164836265625 0.099208578125 0.301797190625 0.127125159375 0.31903464531250003 0.1380854359375 0.3094698171875 0.1430009109375 0.298962421875 0.1515968734375 0.30996610625 0.150353784375 0.31460392812500004 0.159957215625 0.32576470625 0.1720752609375 0.32362789375 0.1966972765625 0.32183027656249996 0.21340985781250002 0.3260468234375 0.23021585937500003 0.3455781875 0.2530301234375 0.342693409375 0.2704495671875 0.33252520625000004 0.27438601406249996 0.31783877031249996 0.27387822968750003 0.304069896875 0.28700374375000004 0.302090178125 0.313555375 0.3126725890625 0.356896803125 0.28802505312500004 0.378110496875 0.283280146875 0.4000960328125 0.28348724999999997 0.3987879640625 0.2687883109375 0.41197035781249997 0.2587647015625 0.4335415328125 0.2605177453125 0.4370636171875 0.2473772484375 0.4593781984375 0.25810425000000004 0.47259713281250004 0.27143934999999997 0.487144478125 0.2680707859375 0.4890625 0.26313036562500003 0.4890625 0.2461272625 0.4855073640625 0.24285194843750002 0.4890625 0.237870678125 0.4890625 0
0 0.87343381875 0.43354509375 0.8759849765624999 0.4436062109375 0.8939122062500001 0.4472068828125 0.899213603125 0.4391754921875 0.8936116015625 0.4326650390625 0.8884239656249999 0.4246086421875 0.87514815 0.41931743906249996 0.87343381875 0.43354509375
0 0.9147766859375001 0.26363620781249997 0.9140982609375001 0.27399901249999997 0.9227511046875 0.276958803125 0.93848465625 0.27699630937499997 0.9470156375000001 0.2686632328125 0.94665815625 0.26216528125 0.9418564406249998 0.25658489218749997 0.9229501859374999 0.24880517812499997 0.9147766859375001 0.26363620781249997
0 0.7728660078124999 0.221376146875 0.778411128125 0.23593049375000003 0.7969599015625001 0.23721225625 0.7980526859375 0.22530351093749998 0.7966877375 0.2186484640625 0.79046419375 0.214456921875 0.7793820531250001 0.21272888124999997 0.7728660078124999 0.221376146875
0 0.8467808359375001 0.1805587453125 0.848324525 0.19046276875 0.869066975 0.19530769375 0.8731252843749999 0.1919141265625 0.8732390453125 0.17582634218749998 0.8625997078125 0.16853041562499999 0.853918425 0.16959256875 0.8467808359375001 0.1805587453125
0 0.8241372124999999 0.1593118453125 0.8307182390625 0.170001340625 0.8437868734375 0.176065515625 0.8486739078125 0.16958006718750002 0.8535893828125 0.15907267187500002 0.8481945640624999 0.151789246875 0.8320466484375 0.15329767968750002 0.8241372124999999 0.1593118453125
0 0.4890625 0.3647457515625 0.4910675125 0.3642593375 0.4984122859375 0.3525201890625 0.4962470484375 0.344935078125 0.4890625 0.3443272703125 0.4890625 0.3647457515625
0 0.6508771515625 0.214433546875 0.6544357765625 0.224651759375 0.6731632921874999 0.22918249531249998 0.6818730140625 0.22409839374999999 0.682372696875 0.2104866140625 0.6721477218749999 0.201644746875 0.6636736234375 0.20193393125 0.6508771515625 0.214433546875
0 0.281938959375 1 0.2825971109375 0.9948620296874999 0.26317899218749996 0.988992009375 0.25366349062500004 0.9922451734374998 0.25315580312499997 1 0.281938959375 1
0 0.18690226875 0.734567925 0.1851626109375 0.7456652640625 0.19555271093749999 0.752969696875 0.20862398125 0.750270984375 0.2155586890625 0.742825859375 0.215348403125 0.7390035359375 0.21231357968750003 0.731898628125 0.19788022968750002 0.7258585 0.18690226875 0.734567925
0 0.28258778125 0.72769835625 0.30106438125 0.732474184375 0.3099155765625 0.7224857453125 0.304753984375 0.7141018296875 0.2921702 0.7149817890625 0.28258778125 0.72769835625
0 0.11387531875000001 0.6246529093750001 0.109411496875 0.6182725640625 0.09755894375 0.61642439375 0.08685818125 0.6194927390625 0.086093496875 0.626952571875 0.08864083125 0.6358762312499999 0.09477739375000001 0.6406226421875 0.1014349 0.638818596875 0.10952140625 0.6362899921875 0.11216911874999999 0.631018546875 0.11387531875000001 0.6246529093750001
0 0.72259751875 0.9510961312500001 0.7335862390625 0.93750935625 0.7362795984374999 0.9274607406250001 0.7304704140625 0.9217232578125 0.7187098515624999 0.9303580218749999 0.7067989875 0.9317218624999999 0.72259751875 0.9510961312500001
0 0.72135443125 0.9557339531250001 0.7145946625 0.94179548125 0.702740678125 0.9351154312500001 0.693945634375 0.952265371875 0.7112594203125 0.9855656078125001 0.72135443125 0.9557339531250001
0 0.7052837343749999 0.9177958937499999 0.7143793796875 0.9151877984375 0.719502034375 0.9039074328125001 0.7191445546875 0.8974094796875001 0.705218753125 0.8984591328124999 0.7021679109375001 0.902009796875 0.698645828125 0.9151502921875 0.7052837343749999 0.9177958937499999
1 1 0.4890625 0.4890625 0.4890625 0.4890625 0.7989335671875001 0.50619528125 0.8030032734375 0.5302607359375 0.822861328125 0.5582626359375 0.8280329453124999 0.5682154453125 0.818311021875 0.5772826515625 0.8197248734375 0.5800409921874999 0.8290130203124999 0.593138065625 0.8310552484375 0.5970460734375 0.8203907578124999 0.600511278125 0.8152941546875001 0.6228258578125 0.82602115625 0.64315394375 0.832412025 0.653699859375 0.8243931359375001 0.6618814578125 0.8369427609375 0.6686981078125 0.8428373390624999 0.669384634375 0.8598551890625 0.687490603125 0.8667048359375 0.7002586359375 0.8582271671875 0.7140341343750001 0.8499065921875001 0.726952465625 0.848699846875 0.741349509375 0.8380603593749999 0.7279233921875 0.8254982343750001 0.7322173234375 0.8173097484374999 0.7390055312499999 0.827226271875 0.7490233234375 0.836841109375 0.752675371875 0.8623741375 0.7608569703125 0.8749237624999999 0.7746324687499999 0.8666031875 0.7819203609375001 0.8629079328125 0.7775614484375 0.8517596562499999 0.7669140109375 0.817083075 0.7842481359375 0.8189807109375 0.802589728125 0.8210354437499999 0.82884075625 0.8170760093749999 0.8410156828125 0.8068953046875 0.8600722390625 0.8219459390624999 0.8722756078125 0.8077432890624999 0.8640655671874999 0.7992156093749999 0.87241780625 0.78763355625 0.8763258140625 0.776969065625 0.891701884375 0.770508621875 0.8977751265624999 0.7674292421875 0.9061639078125001 0.779205896875 0.92334773125 0.7738326109375 0.9141586640625 0.761125890625 0.9244689578124999 0.7579019203125 0.9333005421875 0.7641106875 0.940588434375 0.7604154328125 0.9555866828124999 0.7788596375 0.9675544281249999 0.7694519015625 0.9716980562499999 0.75399249375 0.9590437859375001 0.746382378125 0.9473116625 0.750995196875 0.9452033078125 0.7353661921875 0.9507403249999999 0.7225398859375 0.9733189671875 0.724450025 0.9921318015625001 0.7169149234375001 1 0.7181418125000001 1 0.6933652125 0.9965394921874999 0.6926386515624999 0.9870863625 0.6887487968749999 1 0.6817875015625 1 0.4890625