0 0.4724223828125 0.29737620468750003 0.4750638140625 0.3070493296875 0.48717157499999997 0.306311490625 0.49003949999999996 0.30384659062499997 0.49477266249999996 0.29864110781250003 0.49227136875 0.29225992500000003 0.48511241250000003 0.287038215625 0.47780245781249997 0.28990852500000003 0.4724223828125 0.29737620468750003
0 0.5215018031249999 0.0652374890625 0.512251115625 0.0748943890625 0.5108817953125 0.083464790625 0.5191189390625001 0.084916171875 0.5368115546875 0.0873405484375 0.5483587546875001 0.0734349359375 0.54292489375 0.062180703125 0.5316796859374999 0.059902279687500004 0.5215018031249999 0.0652374890625
0 0.4081536078125 0.23090484375 0.4098787046875 0.2248723171875 0.4073774109375 0.218491134375 0.3994314015625 0.212239678125 0.3897602953125 0.2120207484375 0.3819435703125 0.2204451984375 0.380434109375 0.2257236578125 0.3849407796875 0.2326562015625 0.3953234390625 0.23795088749999999 0.408509384375 0.23344272031250002 0.4081536078125 0.23090484375
0 0.37674656562500003 0.2613106953125 0.368433921875 0.2639053234375 0.3547412046875 0.27396763125 0.350503959375 0.285002934375 0.353005253125 0.29138411875000003 0.36238522500000003 0.296403121875 0.3805091140625 0.29731936875 0.383808315625 0.29334633593750004 0.3862666765625 0.26962164375 0.37674656562500003 0.2613106953125
0 0.26222395625 0.30627886875 0.2644341140625 0.317460125 0.2779758359375 0.315489834375 0.2819974453125 0.305208596875 0.277134996875 0.295738175 0.26330214218750003 0.302508540625 0.26222395625 0.30627886875
1 0.5890625 0.570579534375 0.5863607546875 0.5645750625 0.55634474375 0.563642590625 0.5436009281249999 0.555258665625 0.5275687703124999 0.5394638109375001 0.5219192703125 0.5289636421874999 0.5321617921875 0.530966384375 0.5393424625 0.513420171875 0.516927540625 0.504817315625 0.49622686250000003 0.5015658953125001 0.45784442187499996 0.48450613750000004 0.44740797499999996 0.4604895375 0.41704704374999996 0.4456352265625 0.4170578984375 0.43425126562500005 0.3959368 0.42112401562499996 0.3903628 0.4065778375 0.38415274374999997 0.382909896875 0.373274165625 0.3717853875 0.36683761718749996 0.3602554734375 0.354449578125 0.3544094265625 0.32937151249999996 0.3589013671875 0.3055226296875 0.3515309609375 0.2895442546875 0.3544580203125 0.268983715625 0.35449854531249997 0.26907006718750004 0.33906857343749996 0.250234625 0.333076571875 0.2399274609375 0.32373587812500004 0.2424396109375 0.3187331 0.23263921875000002 0.30383826406250003 0.1997552828125 0.3053706921875 0.1900733203125 0.3165357234375 0.1865693390625 0.30987885937500004 0.19510847343749999 0.2951462046875 0.1785695421875 0.28490549062500004 0.166246146875 0.28639739531249997 0.1526935703125 0.299751646875 0.1344941828125 0.30288140937499997 0.1322840234375 0.2917001515625 0.13358870312499999 0.275791796875 0.1340308328125 0.262899703125 0.0924893359375 0.2531049203125 0.090419315625 0.24521560625 0.083400496875 0.2432858421875 0.076370821875 0.2527400375 0.06935200312499999 0.2508102703125 0.058796635937499994 0.276375525 0.059712971875 0.292081178125 0.054268253125 0.2922109046875 0.0466133796875 0.281159375 0.035723946875 0.28141882812499996 0.0320581140625 0.29423794375 0.0166511546875 0.29894881406249996 0.015012412499999999 0.2895513703125 0 0.2812980625 0 0.6 0.5862537 0.6 0.5890625 0.5937868796875 0.5890625 0.570579534375
0 0.9822623187499999 0.516513646875 0.9859281515625 0.5036945328125 0.97876919375 0.4984728234375 0.969744996875 0.4959916953125 0.9510496937500001 0.49329163749999994 0.9357828765624999 0.501294453125 0.9268124656250001 0.5175352375 0.9357611640625001 0.524062375 0.9611950078125 0.5221083109375 0.974736728125 0.520138021875 0.9822623187499999 0.516513646875
0 0.9397077671874999 0.442185425 0.9374221109375 0.4350501765625 0.9294761015624999 0.42879872187499996 0.922381784375 0.430914965625 0.9137133671875001 0.430971715625 0.9170663515624999 0.44572059687500004 0.929454390625 0.45156664375 0.9357616562500001 0.448420653125 0.9397077671874999 0.442185425
0 0.702880359375 0.203827453125 0.7020824515624999 0.2141816671875 0.711462425 0.2192006734375 0.7214893078125 0.2219574796875 0.7293815328125 0.209487021875 0.7248748609375 0.202554478125 0.71205555 0.1982165609375 0.702880359375 0.203827453125
0 0.643129109375 0.1329046734375 0.636681703125 0.1327587203125 0.6238515375 0.139804765625 0.6244875921874999 0.1489265296875 0.63544166875 0.156005028125 0.652422728125 0.1533536484375 0.6507839843750001 0.143956203125 0.65028806875 0.1381263828125 0.643129109375 0.1329046734375
0 0.5890625 0.2122986421875 0.603570784375 0.22207089687499998 0.6211232578125 0.2212033296875 0.6276461609374999 0.217303275 0.62736588125 0.21071938750000002 0.6219320203125001 0.199465153125 0.5960777609375 0.1915433875 0.589263721875 0.20024351718750003 0.5890625 0.2013246203125 0.5890625 0.2122986421875
0 0.831288134375 0.397735990625 0.8236332578125 0.38668446093750003 0.8137465140625 0.38721959687499996 0.8019945343749999 0.3904953125 0.8004204296874999 0.38843581875 0.8036979203125 0.4072307109375 0.8130778921875 0.41224971562499996 0.8288406281249999 0.410076721875 0.831288134375 0.397735990625
0 0.31698282031249997 0.8149319078125 0.3136976078125 0.8130717796875 0.30451423125 0.80959 0.2997956984375 0.808292678125 0.29380870937500003 0.8114310375 0.2918680046875 0.8137681171875 0.286971828125 0.821990815625 0.288570025 0.8253008843749999 0.2963200765625 0.82934546875 0.314357090625 0.828563278125 0.31698282031249997 0.8149319078125
0 0.22532669218749998 0.7705940953125 0.2218766140625 0.76486109375 0.2155598859375 0.760253703125 0.209408028125 0.7595191875 0.20055439062499997 0.7637831562499999 0.197598921875 0.769668778125 0.1950620140625 0.7785401390625 0.2018861234375 0.7813732578125 0.21275651406249999 0.7834050953125 0.2239694203125 0.7797897859375 0.22532669218749998 0.7705940953125
0 0.078214446875 0.8133959109375001 0.067762615625 0.8143498125 0.06480714843749999 0.820235434375 0.0728869390625 0.8320257671875 0.0915962046875 0.8333421796875001 0.09269978749999999 0.8250336234375 0.08975709062500001 0.8175263484374999 0.078214446875 0.8133959109375001
0 0.3664002875 0.8734924812500001 0.36868350625 0.86550825625 0.3674278234375 0.8565510421875 0.36306457187499996 0.8362136781249999 0.34728523437500003 0.8557974343750001 0.3458391390625 0.8697531359375 0.354933690625 0.877994925 0.3664002875 0.8734924812500001
0 0.7876427203125 0.9830651156249999 0.775039046875 0.9779731343750001 0.7682358640625 0.9752893015625 0.7576913515625 0.9894705968749999 0.7704351671875 0.997854521875 0.7839768890625 0.9958842328124999 0.7872760875 0.9919112 0.7876427203125 0.9830651156249999
0 0.5890625 0.9580352890625001 0.5918702765625 0.9642133062500001 0.6030399875 0.9705377374999999 0.6159347984375 0.9708296453124999 0.6195251328125 0.9620565375 0.6201074015625 0.9524563890625 0.6113743406250001 0.9451751859374999 0.5956871031250001 0.943302171875 0.5890625 0.951666753125 0.5890625 0.9580352890625001