0 0.57134985 0.2612741421875 0.5794630015625 0.26525170625 0.5934573203125 0.2601676125 0.5945937265625 0.25440094062499996 0.5916192171875 0.2494294296875 0.5818444875 0.24815048437499998 0.5729888109375 0.2522406296875 0.57134985 0.2612741421875
0 0.4823451546875 0.21272007187500003 0.48418325781249993 0.223458253125 0.4966699078125 0.2281746859375 0.5102703484375 0.220789553125 0.5080609828125 0.2140852234375 0.5054803515625 0.2114147515625 0.49710461562499997 0.2059031609375 0.4857996015625 0.2080898484375 0.4823451546875 0.21272007187500003
0 0.49921029375000003 0.075540859375 0.5106692171875 0.0804560796875 0.531748959375 0.0795483375 0.5346782359375 0.0718500625 0.5337591828125 0.0664809703125 0.518583225 0.0646619484375 0.5061191890625001 0.066280409375 0.49921029375000003 0.075540859375
0 0.4214780171875 0.30373423125 0.4160315546875 0.290524365625 0.39853755468749996 0.287568896875 0.3872551578125 0.2960904765625 0.387300390625 0.3087602640625 0.39965575000000003 0.3127096828125 0.4182861546875 0.30989848124999997 0.4214780171875 0.30373423125
0 0.2812898640625 0.502010553125 0.267512896875 0.4959588859375 0.25056668593750003 0.5024063625 0.2560131484375 0.5156162281250001 0.2620708421875 0.519991371875 0.2764590421875 0.517208315625 0.2812898640625 0.502010553125
0 0.0294693609375 0.5071367718750001 0.045410459375000004 0.5072229796875 0.065639 0.5199508296875 0.0556651265625 0.4989001875 0.047289390625 0.4933886 0.0421055140625 0.48171275781249995 0.0238463703125 0.4804901046875 0.014882017187499999 0.49014813124999995 0.017747850000000003 0.5006875234375 0.0294693609375 0.5071367718750001
1 0 0 0 0.44365752656249996 0.000575471875 0.443786059375 0.0121656875 0.44946829375 0.027581615625 0.4464864484375 0.0434140375 0.45214053749999994 0.069261159375 0.454272703125 0.0748797421875 0.44367702031249995 0.0859447875 0.4462912015625 0.09864879062500001 0.439871871875 0.09488652343750001 0.43029828124999997 0.1192894203125 0.42399330312499994 0.1379198265625 0.42118210312500004 0.1547347453125 0.4139676125 0.1427550578125 0.443226690625 0.1627618375 0.429847953125 0.1780690875 0.43243398749999995 0.19410065468749998 0.45785977187500004 0.21513516406250002 0.44428224375 0.21340573749999997 0.4279761796875 0.22558456875 0.418488796875 0.2393841515625 0.430875359375 0.2500100828125 0.41851871406249996 0.23548618281249997 0.38329240468750003 0.24512961875 0.38380433593749996 0.2573310671875 0.3806518484375 0.3049778421875 0.36747366875 0.3408804875 0.3415113484375 0.36300616875 0.3094973609375 0.377412578125 0.2758068484375 0.3887810328125 0.2553824921875 0.383094603125 0.2469734953125 0.4006972796875 0.24436108281250002 0.44325064375 0.244846640625 0.454225221875 0.222121246875 0.4286406859375 0.2215231078125 0.4357895515625 0.2074617921875 0.4437487921875 0.2043374484375 0.4422593359375 0.1832305171875 0.46178617656250004 0.1794535140625 0.44453214374999994 0.17169717499999998 0.551574225 0.195367309375 0.46361987187500003 0.15294934375 0.4704835375 0.131019109375 0.4772611390625 0.12099164843750002 0.4699765734375 0.0970435984375 0.46975481406249997 0.070937009375 0.47311879531249995 0.040967209375 0.4681522734375 0.01815560625 0.46081405000000003 0 0 0
0 0.346413009375 0.3428184390625 0.3483824078125 0.354323634375 0.3627932234375 0.3578754734375 0.36751536875 0.34824559375 0.35937960156250004 0.3379331359375 0.346413009375 0.3428184390625
0 0.39338069999999997 0.3194703015625 0.3700915921875 0.3136737140625 0.3624175515625 0.324666978125 0.3597508640625 0.3338992796875 0.43351616093749995 0.39887199687499997 0.41393967812500004 0.352736859375 0.4131066859375 0.33546499375 0.39338069999999997 0.3194703015625
0 1 0.09419044374999999 0.9991010812500001 0.092249625 0.9876421578125001 0.0873344046875 0.9807106437499999 0.0902599578125 0.9723801406250001 0.09741815781249999 0.9743269187500001 0.10258845937500001 0.9814123437500001 0.1067648125 0.9935051171874999 0.10918020312500001 0.9946415203125 0.10341353281250001 0.9993862828125 0.10011854687499999 1 0.09826175000000001 1 0.09419044374999999
0 0.9634205375 0 0.9622661609375001 0.0011158 0.9604732890625 0.0030474046875 0.9627052734374999 0.016086628125 0.96786653125 0.0214275734375 0.9740329031249999 0.020234834375 0.983282459375 0.018445728124999998 0.990716528125 0.0122533328125 0.991697928125 0 0.9634205375 0
0 0.9181184859375 0.20221040625 0.9047580171874999 0.204794671875 0.9094167203125 0.21340246093749998 0.9147318890625 0.2258453125 0.9283549453125 0.2247950734375 0.9333622953124999 0.22303411093749997 0.936400246875 0.20976795625000003 0.9302112593749999 0.2046257984375 0.9181184859375 0.20221040625
0 0.79543755625 0.5151692531250001 0.8012326640625 0.5180103703125 0.8134341140625001 0.5148578828125 0.8068286296875 0.50107979375 0.7996119125 0.4961364265625 0.78880945625 0.4950562703125 0.782534409375 0.5018168890625 0.785268946875 0.51158926875 0.79543755625 0.5151692531250001
0 0.7202202578125 0.5390625 0.7175927765625 0.5318112937499999 0.710398678125 0.533202821875 0.6983285218749999 0.5371223234375 0.698030053125 0.5390625 0.7202202578125 0.5390625
0 0.6872408609375 0.528173246875 0.691899565625 0.536781034375 0.6983285218749999 0.5371223234375 0.710398678125 0.533202821875 0.719888203125 0.526612846875 0.7207620218749999 0.5193121484375001 0.7186839484374999 0.5133748328125 0.7080127843749999 0.5130616921875 0.6936245859375 0.515844746875 0.6896449640625 0.51740691875 0.6872408609375 0.528173246875
1 0.6296875 0 0.6296875 0.4645389125 0.6323911734375 0.46825825 0.6457742609375 0.47200887968750005 0.6610362796875 0.46192512656250007 0.6599633171875 0.449454128125 0.6725134125000001 0.435932890625 0.6940096515625 0.44366108281249994 0.7061884828125 0.4341737 0.6979214203125 0.42309422812499997 0.696214609375 0.413123059375 0.7139259640625 0.4049427671875 0.711345334375 0.40227229375 0.7105575749999999 0.397670215625 0.74468996875 0.3799743953125 0.7589242578125 0.3700894328125 0.7648054265625 0.3610277734375 0.7750827124999999 0.359039878125 0.7925540953125 0.3556604546875 0.7921376 0.34702452031250003 0.784024446875 0.34304695625 0.778840571875 0.3313711171875 0.78699455 0.3107761171875 0.7989334125 0.306089603125 0.8083594953125001 0.31773729687499996 0.8211721750000001 0.3057500859375 0.8106096875000001 0.2998690625 0.8141954296874999 0.29600585 0.8314268453124999 0.29742729375 0.837593215625 0.29623455625 0.8478931187500001 0.30058155468750003 0.8643367718749999 0.2974009203125 0.864662803125 0.280697278125 0.8535977593750002 0.27808309531250003 0.84318918125 0.279303978125 0.834265653125 0.2643894421875 0.84541675625 0.2551008484375 0.8562192156249999 0.2561810046875 0.8620143234375 0.259022121875 0.8771450484375001 0.2481713578125 0.87799625 0.234535765625 0.8884048265625001 0.2333148828125 0.89323565 0.2181171203125 0.8889708265625 0.21181037187500001 0.8891881796875 0.20067460937499998 0.8802872703125001 0.19209496718750002 0.8802646515625 0.1857600734375 0.897016128125 0.196783253125 0.9073794718749999 0.18289258125000002 0.8998775515625 0.1700802953125 0.8918956953125001 0.16686974375000002 0.8891611546875 0.1570973640625 0.9075515921875 0.15908703125 0.9111147171875 0.1488889265625 0.905428284375 0.14047992812500001 0.9013173703125 0.1412750875 0.8946440375 0.1084923140625 0.9069767796875 0.1061068390625 0.9020328718750001 0.08963013125 0.905025590625 0.06369418593750001 0.9073844609374999 0.0402580703125 0.8975871156250002 0.0326442296875 0.9213109296875001 0.01616929375 0.8987869625 0.0086398890625 0.8949509984375 0 0.6296875 0
0 0.44819171406249997 1 0.44776387968750003 0.9975005937500001 0.44787255625 0.9919327124999999 0.43282789218750006 0.990880703125 0.42578770156249995 0.9993741374999999 0.4257754859375 1 0.44819171406249997 1
0 0.3487120734375 1 0.350193115625 0.9981479406249999 0.348246334375 0.9929776390625001 0.3454031203125 0.9887731406250001 0.339345425 0.9843979968750001 0.3285429671875 0.9833178406249999 0.319555996875 0.9866409749999999 0.31004046875 1 0.3487120734375 1
0 0.22458407187499999 0.9590513375 0.21691003437499998 0.9700446015625002 0.21102886718749997 0.9791062578125 0.2222478203125 0.9888223468749999 0.23318157031250003 0.9906695156249998 0.23740116093750002 0.9843064765625 0.23630558281249997 0.9655005843750001 0.22458407187499999 0.9590513375
1 0 0.5390625 0 0.9800033625000001 0.0072716328125 0.9796902296875001 0.0127815375 0.9746624265625 0.0150995796875 0.975798875 0.016806390625 0.98577004375 0.0144568125 1 0.077552084375 1 0.07930309375 0.99111453125 0.079914325 0.982279809375 0.089272559375 0.974922821875 0.0892499421875 0.9685879265625001 0.10954192656249999 0.9630781078125 0.11159738125 0.962680528125 0.117261196875 0.9647546328125 0.1075317015625 0.976145475 0.115404884375 0.9849239078124998 0.1317398640625 0.9873111531250001 0.14418128125000002 0.979357796875 0.1386035265625 0.9653809171875001 0.14485595625 0.9522854046875 0.149206840625 0.9466893781250001 0.1565140234375 0.976972321875 0.1620013109375 0.9656096250000001 0.18784843281250002 0.967741790625 0.1992621234375 0.9599872234374999 0.1989769203125 0.952118303125 0.20435553281250002 0.9463234875000002 0.243649184375 0.9339686125 0.2382027234375 0.9207587468749999 0.2671556453125 0.9286294375 0.293482709375 0.9211598671875001 0.30483295625 0.93164296875 0.322304340625 0.9282635453125 0.3392279359375 0.915481175 0.3445613125 0.8970165703124999 0.35669491249999996 0.8748594000000001 0.3665330828125 0.857900675 0.39349399375 0.8479312765625 0.3906055453125 0.831056990625 0.424366675 0.8173950234374999 0.4353864859375 0.80733941875 0.468645059375 0.7969442953125 0.491408996875 0.7996728281250001 0.5188950796875 0.7927714828125 0.5109992828125 0.77765815625 0.5010932593749999 0.7756121968749999 0.4995177421875 0.7664080421875 0.5065579312499999 0.75791460625 0.5174464484375 0.7470919874999999 0.5424831953125 0.7382871812499999 0.5657270703124999 0.7314139796875 0.574143634375 0.7123530062500001 0.560235375 0.705534325 0.5527786906250001 0.7053918265625 0.5472235515625 0.6977498421874999 0.5626394796875 0.694767996875 0.5619603953125 0.6845980375 0.5473096109375 0.6858470671875 0.5475269640625 0.6747113046875001 0.549691096875 0.66874584375 0.566637309375 0.6622983671875 0.5718620125 0.6494016453125 0.5703951703125 0.6346296078125 0.5663929328124999 0.629856884375 0.5733878890625 0.6086936609375 0.5653607968750001 0.5928133234375 0.5546444 0.5798303921875 0.55269761875 0.5746600890625 0.5553416906249999 0.55909289375 0.551912996875 0.5390625 0 0.5390625
0 1 0.65047893125 0.9989793859375 0.64955085 0.9862527640625001 0.6496352875 0.9732861734375 0.6545205921875 0.9701169281249999 0.6670197359375 0.9863206140624999 0.6686399703125 1 0.6628663687499999 1 0.65047893125
0 0.9530940515624999 0.5799778265625 0.9672422828125 0.581995640625 0.97725698125 0.5784737171875001 0.9750476140625001 0.5717693890625 0.97410594375 0.5600654031250001 0.9671518140625001 0.5566560625 0.9526323234374999 0.5586721046875 0.94430181875 0.565830303125 0.9460086296875 0.575801471875 0.9530940515624999 0.5799778265625
0 0.9368671671875 0.7518995625 0.9308094734375001 0.74752441875 0.9129442093750001 0.748602803125 0.9082220640625 0.7582326859374999 0.9141710812499999 0.768175709375 0.922021646875 0.770619246875 0.9376775437500001 0.7628365359375 0.9368671671875 0.7518995625
0 0.8861190000000001 0.79658156875 0.8985830343749999 0.7949631046875 0.904835465625 0.7818675921875 0.901598371875 0.7753620531250001 0.8914297625 0.77178206875 0.8843669562500001 0.7739406093750001 0.8733245281249999 0.777661321875 0.8745061671875 0.7845644390625 0.878268434375 0.7941380296875 0.8861190000000001 0.79658156875
1 0.6296875 0.5390625 0.6296875 1 0.680982159375 1 0.6798484031250001 0.9933766140625 0.69062824375 0.988121875 0.703759578125 1 0.7260818078125 1 0.7204549874999999 0.9886918687499999 0.714483353125 0.9724139515625 0.7632212968750001 0.9407993140625 0.7705240734375 0.9338399046875001 0.7863564984375 0.9394939921875001 0.795429528125 0.924268084375 0.79000568125 0.9173931124999999 0.7929123406249999 0.90335994375 0.79955865 0.89256546875 0.8097680859375 0.871572890625 0.8267821484375 0.884130096875 0.837539371875 0.8725404640625 0.8238710812499999 0.8609209140624999 0.8444256515624999 0.856945121875 0.8715630890625 0.8604125234375001 0.8699423375 0.8385385796874999 0.8556628140625 0.8357537531249999 0.8385174609374999 0.8224295343750001 0.8459289109375 0.8099022453125 0.8636628828124999 0.808056846875 0.873392378125 0.7966660046875 0.906279690625 0.790304734375 0.899389003125 0.7686577265625 0.8798621609375001 0.7724347296875 0.8656052562500001 0.7759847984375 0.8667190437500001 0.76388323125 0.8803829265625 0.7382604296874999 0.9012226999999999 0.74215355625 0.9166386281250001 0.7391717109375 0.9223432703124999 0.716673253125 0.9048492671874999 0.7137177828125 0.9250099593750001 0.7074409515625 0.924176965625 0.690169084375 0.9092635953125001 0.6898840859375 0.9041657781250001 0.666305471875 0.907335021875 0.6538063281250001 0.8996791953125 0.633892134375 0.9141308374999999 0.6128714093750001 0.8975967140625001 0.5907124671874999 0.9035865578125 0.5760829281250001 0.894948234375 0.5690373125 0.8919284921875 0.5513960109375 0.8773637671875001 0.5407422656249999 0.8775648171875 0.5390625 0.6296875 0.5390625