0 0.268867375 0.25234108593750004 0.2791590734375 0.24931442812500001 0.2825862296875 0.23406557499999997 0.276941084375 0.2199815578125 0.266192434375 0.22504139687500002 0.26116082343749997 0.226046428125 0.2578851328125 0.23705756406249998 0.2593355640625 0.244859125 0.268867375 0.25234108593750004
0 0.0721367328125 0.12269097031250001 0.06389877187500001 0.10588834062500001 0.0577966734375 0.09383750156250001 0.04414971875 0.093974190625 0.0343149765625 0.09496766718750001 0.0285209234375 0.0958013421875 0.0281435390625 0.111735625 0.0387432796875 0.12159348125 0.055362995312499996 0.118921096875 0.0626819328125 0.1184301375 0.0721367328125 0.12269097031250001
0 0.28081390625 0.45 0.2754698921875 0.44391831249999997 0.2670060140625 0.4388122484375 0.2617459265625 0.4408338703125 0.2571352609375 0.45 0.28081390625 0.45
0 0.8951270781249999 0 0.9006614359375 0.010796996875000001 0.9080573859375001 0.013527165625 0.9146138796875001 0.012864846874999999 0.9205593984375 0.007793453125 0.9223109656249999 0 0.8951270781249999 0
0 0.6138673499999999 0.1001238203125 0.6238535578125 0.094892625 0.6296450546875001 0.083378975 0.629337009375 0.0704944609375 0.620416175 0.0674215796875 0.610809909375 0.067398465625 0.6039504828125001 0.0765362203125 0.6028106531249999 0.0922991453125 0.6138673499999999 0.1001238203125
0 0.74902515625 0.033317790624999996 0.747574725 0.025516229687500003 0.7441424546875 0.01940513125 0.7345361890625 0.0193820203125 0.72660883125 0.0261438765625 0.732482453125 0.039211303125 0.7353037453125 0.040913325 0.7404123671875 0.0431294203125 0.747425815625 0.040433921875 0.74902515625 0.033317790624999996
0 0.5295596078125 0.1580674625 0.54007978125 0.15402421718749998 0.548235615625 0.1462457671875 0.543735415625 0.1377587734375 0.53374665 0.1323099953125 0.5252853265625 0.1378839046875 0.5196452984375 0.1451598375 0.5295596078125 0.1580674625
0 0.3638296453125 0.225478025 0.3681013703125 0.23498160937499998 0.3785470890625 0.23839720781249998 0.3846466296875 0.23976807031249997 0.3884562859375 0.2299448859375 0.39013007968749996 0.21536990781249998 0.379378871875 0.20974976875 0.3707635265625 0.2088814234375 0.36657137031250003 0.21327894375 0.3638296453125 0.225478025
0 0.405581840625 0.11098072656249999 0.39719497187499997 0.10909579062500001 0.3921633625 0.11010082343750001 0.389193159375 0.1233164953125 0.3961321546875 0.12807984375 0.40291968437500003 0.1370809125 0.412220459375 0.1348994875 0.416792559375 0.1252476578125 0.41602755937499997 0.114396328125 0.405581840625 0.11098072656249999
0 0.3892263984375 0.2621561671875 0.37626231718750003 0.24856310937499998 0.368329846875 0.23396501718749999 0.3608568875 0.22801372031249997 0.330967603125 0.2148885109375 0.3563618 0.2408866765625 0.35880570624999997 0.2585229828125 0.37245521875 0.26906626875 0.3842718 0.266382328125 0.3892263984375 0.2621561671875
0 0.42262632343749995 0.45 0.42296880468750003 0.44701776249999997 0.41801164843750005 0.44056395000000004 0.40832837343749995 0.4373197078125 0.40108644531250004 0.44103179687500005 0.3987246640625 0.44797656874999997 0.398704465625 0.45 0.42262632343749995 0.45
1 1 0.45 1 0.135217365625 0.9829512359375 0.1222022859375 0.96785385 0.1145374109375 0.959235946875 0.10298909062499999 0.9474912640625 0.087534209375 0.9369685328124999 0.0808974828125 0.92583226875 0.059171703124999996 0.915155515625 0.0460927203125 0.8921333296875 0.055869676562500005 0.8778009421874999 0.0590561359375 0.8595767750000001 0.047484701562499995 0.8408237546875 0.05608526874999999 0.8270997890625 0.053000828124999996 0.8072762796875 0.048545525 0.789283146875 0.046637475 0.7831810484374999 0.0345866375 0.755430184375 0.03689319375 0.7571886609375 0.057579267187500005 0.7448381140625 0.0590752609375 0.7356913578125 0.0676989421875 0.7281439453124999 0.0692064921875 0.7138885671875 0.075614078125 0.7106847765625 0.068486390625 0.709080321875 0.054242571875 0.6943654359375 0.0520033640625 0.68598368125 0.0714783765625 0.6784388234375001 0.0836659015625 0.6682985921875 0.0824548390625 0.6619756890625 0.103460515625 0.6581660312500001 0.1132837015625 0.649856175 0.11461989375 0.633996346875 0.1067836625 0.6250755124999999 0.103710778125 0.611051171875 0.1197817484375 0.601519359375 0.1122997875 0.5913072312500001 0.1292275484375 0.571252690625 0.115108859375 0.5507437515625 0.1137033265625 0.57598648125 0.1439392125 0.5666857046875 0.1461206359375 0.5557085765625001 0.152197065625 0.5464848109375 0.157599615625 0.5306300953124999 0.171123334375 0.5156918453125 0.191260665625 0.50890943125 0.203619546875 0.502509515625 0.2214040953125 0.50388805 0.2473444796875 0.49443325 0.243083646875 0.45745094843749995 0.21875283125 0.4795720109375 0.2664421078125 0.477977784375 0.2949181875 0.46219496718749997 0.2903030828125 0.45502749531250003 0.286556325 0.445498240625 0.28975433906250003 0.43741941875000007 0.300753915625 0.4422276640625 0.322125421875 0.4452825484374999 0.34417080312500004 0.44764944374999993 0.358585978125 0.44353685781249996 0.3768846015625 0.442397028125 0.3926475265625 0.4350010796875 0.389917359375 0.4219651 0.3944631234375 0.4260134625 0.42634324531249995 0.42372869062500007 0.43650914687500003 0.42731498281249997 0.4490625 0.4275161109375 0.45 1 0.45
0 0.1796527953125 0.45782767187499995 0.17416423125 0.4608658859375 0.17058305 0.46967247968750003 0.1724904359375 0.47544086406249997 0.1769906375 0.4839278546875 0.18705385624999998 0.481917790625 0.191702965625 0.475487090625 0.190632478125 0.46243121875000004 0.18651477656249998 0.4593698921875 0.1796527953125 0.45782767187499995
0 0.1440541390625 0.4807971875 0.1416153453125 0.48452083437500004 0.139482040625 0.49044901718750006 0.1394075859375 0.49790786249999996 0.14345083281249998 0.5084280359375 0.15015879375000002 0.503528 0.1535885078125 0.49895912343750004 0.1551108359375 0.48862186406249997 0.15007666875 0.478946921875 0.1440541390625 0.4807971875
0 0.063856428125 0.509762234375 0.061494646875 0.5167070078125 0.069884071875 0.52927191875 0.07674605625 0.5308141390625 0.0846759703125 0.5347322546875 0.0881801375 0.5227045312499999 0.0879491046875 0.513041146875 0.0816955390625 0.5052280265625 0.06858255156250001 0.5065526640625 0.063856428125 0.509762234375
0 0.001123 0.56080733125 0.0056232015625 0.569294325 0.01233371875 0.5750742625 0.021251996875 0.567467171875 0.0251386625 0.560865115625 0.0226203015625 0.5506876578125001 0.010421218749999999 0.5479459328125 0.0029508171875 0.5526746109375 0.001123 0.56080733125
1 0.2446347234375 0.45 0.23103937968750002 0.4608332078125 0.2228835453125 0.46861165781249997 0.2074832265625 0.4694222203125 0.20116032343749998 0.490427896875 0.1896492296875 0.4953163765625 0.1866739125 0.4871720984375 0.17523983125 0.49528170625 0.1638827609375 0.506612440625 0.1485594546875 0.5106441312500001 0.13842178125 0.52011304375 0.144220946875 0.54063931875 0.12661031250000002 0.544156934375 0.11685002343749999 0.5376915640625001 0.111053415625 0.527845265625 0.0967980390625 0.534252853125 0.080409359375 0.5465886203125 0.0689727203125 0.544018253125 0.0392349015625 0.5266553234375 0.0244404484375 0.5105150125 0 0.49718297031249997 0 0.506462384375 0.007823290625 0.523867371875 0.0310046140625 0.54189261875 0.036423835937499996 0.5676732015625 0.029412943749999997 0.5810486734375 0.0217140640625 0.586793940625 0.0055538609375 0.5981131203125 0 0.6059610296875 0 1 0.3296875 1 0.3296875 0.47609672343750004 0.3178038125 0.4739257453125 0.29127234375 0.4743704765625 0.2719828015625 0.471103121875 0.2569624265625 0.46665937343749997 0.2462095765625 0.45 0.2446347234375 0.45
0 0.8217271125 0.45 0.8183459015625001 0.453751996875 0.822027478125 0.47091262343749996 0.8277688218750001 0.47471578281250004 0.8353917453124999 0.470147021875 0.8402330921875001 0.461183909375 0.83794528125 0.45 0.8217271125 0.45
0 0.8165790874999999 0.6230317281250001 0.8196288578125 0.6237171609375001 0.828547134375 0.6161100687500001 0.8270967046875001 0.60830850625 0.8254948078125001 0.6047446625 0.8221395484375 0.60185469375 0.8134471921875001 0.5977652203125 0.80712173125 0.6080909218749999 0.805522390625 0.615207053125 0.8089546609374999 0.6213181515625 0.8165790874999999 0.6230317281250001
0 0.9047169390625001 0.6407046984375 0.909212028125 0.6278317421875 0.9041778609375001 0.6181568015625001 0.8957884359375001 0.6055918890624999 0.886639125 0.603535596875 0.8846623984375 0.6265860109375 0.885655875 0.636420753125 0.8908415078124999 0.641857975 0.8977034921874999 0.6434001953124999 0.9047169390625001 0.6407046984375
0 0.908231334375 0.671396871875 0.91372245625 0.679038634375 0.9137250140625 0.689718609375 0.917460215625 0.6873542703125001 0.918828521875 0.670574753125 0.9214187796874999 0.6626133921875 0.9229411078125 0.6522761328125 0.9201198156250001 0.6505741125 0.9130293546875 0.6500484796875 0.9011357609375 0.64951129375 0.90105875 0.646290165625 0.898165559375 0.6627269640625 0.908231334375 0.671396871875
0 0.575400546875 0.8123175390625 0.5779214640625 0.833174971875 0.5865368109375 0.834043315625 0.5914143984375 0.8265960281249999 0.5917173296875 0.818120590625 0.5885135375 0.8109929015624999 0.5839388796874999 0.8099647546875 0.575400546875 0.8123175390625
0 0.48049050624999995 0.8497233515625 0.46996777500000003 0.8430866234375 0.45014426875 0.8386313187500001 0.43329351875000005 0.8316403187500001 0.441608490625 0.8516640765624999 0.45396159531249997 0.8608480578125001 0.4707353328125 0.8646179281249999 0.4785882359375 0.86531491875 0.48049050624999995 0.8497233515625
0 0.5020082625 0.9250434750000001 0.506202975 0.9313259281249999 0.5153522859375 0.9333822234374999 0.5175626015625 0.93067516875 0.52045579375 0.9142383687500001 0.512600334375 0.9028614046874999 0.507340246875 0.904883028125 0.4997928328125 0.906390578125 0.49842197031249996 0.9124901203124999 0.5020082625 0.9250434750000001
0 0.5780214875 0.932515871875 0.5703945046875 0.9201223187500001 0.5672677234375 0.9162157593749999 0.5558310843750001 0.913645390625 0.5528583265625 0.9161810890625001 0.547603353125 0.9395626609375001 0.5519520874999999 0.9522873749999998 0.5611013984375 0.9543436671875 0.5716215734375 0.9503004203125001 0.5780214875 0.932515871875
0 0.62436879375 0.9044865171875 0.6321472406249999 0.9126423531250001 0.6358054328125 0.9070568859375001 0.6448751749999999 0.8952120749999999 0.6434991984374999 0.8799516687499999 0.630537675 0.8770385843749999 0.6243636796875001 0.8831265687500001 0.6188006609375 0.8936236296875 0.62436879375 0.9044865171875