0 0.108131640625 0 0.10637285781250001 0.0072240953125 0.10929760468750001 0.0098983125 0.1226072984375 0.013721640625 0.12512933906249998 0.0085159953125 0.1276513796875 0.0033103515625 0.1287571453125 0 0.108131640625 0
1 0 0.459375 0.45 0.459375 0.45 0.0826200140625 0.4418067453125 0.0827332953125 0.4336682890625 0.066945690625 0.44969075781249995 0.0632338875 0.44428631406249997 0.0524499859375 0.44888534062499996 0.0474741625 0.43523651875 0.0349944796875 0.40759987343750004 0.0397717484375 0.390326934375 0.0331592921875 0.38335413125 0.0159336078125 0.37108293125 0.01222519375 0.35948999062500003 0.025829490625 0.34702805468750003 0.024450562500000002 0.3372365515625 0.028851828125 0.3311539796875 0.0391482078125 0.3113377671875 0.0252025640625 0.28404024843750003 0.0386361890625 0.2722141 0.0294923078125 0.27446059218749996 0.0148538109375 0.2682932015625 0.0133878515625 0.24305143906249999 0.014512465625000002 0.2382404375 0.009278940624999999 0.2048178734375 0.007931279687499999 0.1856163421875 0.0120748453125 0.1744684515625 0.020243678125 0.162133671875 0.017311756249999997 0.1301523109375 0.0239588671875 0.1230100078125 0.0216015015625 0.0960939609375 0.0303761578125 0.0318556890625 0.034237526562499995 0.032809496875 0.060983093749999995 0.026981237499999998 0.068173490625 0.013735121875 0.06357366875 0 0.070729025 0 0.459375
0 0.5443722875 0.06745825625 0.566092871875 0.063280428125 0.5694246046875 0.0533071109375 0.5651261265625 0.044369831250000005 0.5511882421875 0.0456480859375 0.5439651328124999 0.0570712234375 0.5443722875 0.06745825625
0 0.5452326703125 0.132095996875 0.5476539734375 0.11953135156250001 0.535954196875 0.1088349421875 0.5238222875 0.1187747484375 0.5127077140624999 0.131647625 0.52377165625 0.1347522015625 0.5452326703125 0.132095996875
0 0.5436612421875 0.1529360625 0.5510369265625 0.1396494734375 0.5331058140625 0.128263559375 0.523542784375 0.1375474484375 0.517489546875 0.150040128125 0.527002028125 0.15673384375 0.5436612421875 0.1529360625
0 0.8962798687500001 0.2850317625 0.878989575 0.278303878125 0.8702608234374999 0.2802723859375 0.8729315796874999 0.2937304609375 0.8863353703125 0.2989742765625 0.8994083625 0.2928994140625 0.8962798687500001 0.2850317625
0 1 0.3025567375 0.9891396125 0.3028283 0.9877521359374999 0.3126640578125 1 0.319339125 1 0.3025567375
0 0.9356520156249999 0.3110125453125 0.938602296875 0.3056979234375 0.9342275062500001 0.29769236875 0.918254934375 0.29310440937500004 0.916303246875 0.30240809375 0.905207571875 0.31422506562499997 0.9069371703125 0.323818259375 0.9235964234375 0.32002055625 0.9356520156249999 0.3110125453125
0 0.796757284375 0.333250903125 0.8046419296874999 0.34446533125 0.8157057812499999 0.34756989531250004 0.8253451406250001 0.33735435625 0.8185541171875 0.328141275 0.8165193578124998 0.3222750515625 0.8038278109375 0.3236912875 0.796757284375 0.333250903125
0 0.8008781140625001 0.375074871875 0.7990215484375 0.382390846875 0.8111027703125 0.3884285578125 0.8228531796875 0.383147515625 0.832263671875 0.375727153125 0.844319265625 0.3667191421875 0.8461258953125 0.35339406875 0.826006725 0.359991928125 0.8104411890625001 0.36579098593750003 0.8008781140625001 0.375074871875
0 0.7011242734375001 0.24181340156250003 0.6893994765625 0.2621401625 0.6893231875 0.2630718875 0.703744328125 0.27124892031250003 0.7189284203125 0.2701084875 0.7274741125 0.257891528125 0.719665709375 0.24574537031250002 0.7011242734375001 0.24181340156250003
0 0.6921709406250001 0.19757430468749998 0.6849478296875 0.2089974453125 0.69797014375 0.218900025 0.7189785140625 0.20806207968749998 0.7156974109375 0.20205794687499998 0.7165366000000001 0.19180882500000002 0.7066427640625 0.18977381875 0.6921709406250001 0.19757430468749998
0 0.6752901984375 0.213463403125 0.6563599765625 0.2048939921875 0.6457031859375 0.2121764484375 0.6487554234374999 0.22097575625000002 0.6574792578124999 0.22194106093750002 0.675003309375 0.22293995625 0.6752901984375 0.213463403125
0 0.673884571875 0.251961771875 0.6879749937499999 0.24881998906249997 0.69357035 0.2419177171875 0.7004882984374999 0.23422155 0.694964090625 0.22269048906250002 0.674545571875 0.2285303796875 0.6641176984375 0.23301766562499998 0.6605570984375 0.2457861609375 0.673884571875 0.251961771875
1 0.45 0.459375 0.804565853125 0.459375 0.7908072546875 0.451995521875 0.79444415 0.43829522968749995 0.785211259375 0.4128288984375 0.78167568125 0.3945742234375 0.7666948515625001 0.3778736859375 0.7519428921875 0.358377903125 0.7542572015625 0.34547143125 0.7385134718749999 0.33808829375 0.7431677437499999 0.327321146875 0.75601186875 0.3240414609375 0.7544348546874999 0.31258474375 0.7519166515625 0.297263215625 0.7255924703125001 0.2962308125 0.7092640343750001 0.3113472703125 0.6854323953125 0.310590671875 0.6841604968749999 0.295406975 0.6744955203125 0.2905768640625 0.6765046703125 0.28139736718749997 0.6607352859375 0.25896843125 0.642244534375 0.2390589453125 0.6287388203125 0.21970113125 0.5960813578125 0.20386515156249999 0.5651535421875 0.197622375 0.5459760859375 0.1860985515625 0.5337679828125 0.19697009062499998 0.527205778125 0.184961828125 0.5263917109375 0.16418771875 0.5069091890624999 0.1563908765625 0.510698659375 0.140827134375 0.49510746718750004 0.1315804671875 0.48501041093749997 0.1473865078125 0.4727258328125 0.1591896828125 0.45 0.1436254515625 0.45 0.459375
0 0.4272677265625 0.7225356125 0.43693207031250003 0.719687334375 0.432693278125 0.707465353125 0.4249575296875 0.699557609375 0.4121141203125 0.70283765 0.41050341875 0.7097111968750001 0.41603502187499997 0.7189421078125 0.4272677265625 0.7225356125
0 0.093253290625 0.4889103765625 0.09246911249999999 0.48568948437500004 0.07578961875 0.48462740625 0.0703428328125 0.48715883125000004 0.06555306718750001 0.4944641390625 0.069919015625 0.50513313125 0.08348302656249999 0.5058504765625 0.0975556640625 0.5003558609375001 0.0947580734375 0.496128653125 0.093253290625 0.4889103765625
0 0.25125337812500004 0.6709346453125 0.2363965609375 0.6732083671875 0.22836415468750002 0.6817219328125 0.22916957187500003 0.6974816578125 0.24235210624999998 0.702857975 0.2542206 0.698686528125 0.258226184375 0.6881603296875 0.2580142125 0.6779509812500001 0.25125337812500004 0.6709346453125
0 0.0423249703125 0.5733810609375001 0.048343965625 0.563861178125 0.044041593750000003 0.552415690625 0.03831925625 0.545514265625 0.0259208984375 0.5433588390625 0.0106826109375 0.5502915328125 0.0127596 0.55052135625 0.0236320671875 0.5713126640625 0.03480119375 0.5756826640625 0.0423249703125 0.5733810609375001
0 0.33575330000000003 0.7907624343749999 0.3411152734375 0.776468671875 0.339674071875 0.7684738984375 0.33278608125 0.7630105515625 0.3190949140625 0.7638461953125001 0.31508932968750003 0.77437239375 0.318289628125 0.7864794640625 0.324202703125 0.79105140625 0.33575330000000003 0.7907624343749999
0 0.3693669859375 0.9049595937500001 0.3794340375 0.9099911781250001 0.39702486875 0.9127211578125 0.40766412812499997 0.9107642859375 0.41927830625 0.9096988203125 0.3980421265625 0.9002972359375001 0.40660439843749996 0.8981105406250001 0.38284618125000003 0.8939146015624999 0.37135915937499997 0.8934270765625001 0.3693669859375 0.9049595937500001
1 0 1 0.3519998171875 1 0.3570537 0.99135249375 0.33984434218750004 0.9839635421875 0.3198586296875 0.9848862171875 0.321066625 0.970132809375 0.323609771875 0.9390730046875 0.325962184375 0.910342684375 0.3217657328125 0.8848053765625 0.31621289531249996 0.86303563125 0.3186924640625 0.832752321875 0.3068450796875 0.81106960625 0.30773518125 0.8001986734375001 0.29499769531250003 0.7893868921875 0.2864777671875 0.7782582578125 0.27424891093750003 0.7612345125 0.2815183734375 0.762038890625 0.29662950625 0.7566591859375 0.2925814484375 0.74210771875 0.2730407875 0.7375949281249999 0.266025640625 0.733684571875 0.2512959796875 0.7344053046875001 0.22677481562500001 0.7395273046874999 0.2241043828125 0.7337471078125001 0.21823365312499998 0.7158598375 0.20931101562499999 0.6968513421875 0.21700429375 0.67968141875 0.22380746875000002 0.6733824281249999 0.232412084375 0.65788040625 0.2423095078125 0.639387315625 0.25311826875 0.622562125 0.2615109109375 0.5968507546875 0.2224932953125 0.625441671875 0.2057078828125 0.638471415625 0.19735758125 0.65086745625 0.18932517499999998 0.659381021875 0.1827550796875 0.6500351984374999 0.1648886984375 0.63787236875 0.136637371875 0.6245604265625 0.10171002656250001 0.6159944875 0.08600545000000001 0.6158238140625001 0.074899903125 0.61067731875 0.07909622499999999 0.597821634375 0.09592398125 0.5714765625 0.1106959859375 0.5574405 0.1320804296875 0.539434934375 0.1692330265625 0.52082354375 0.12459899375000001 0.528421209375 0.093677365625 0.547722065625 0.0623106828125 0.5724583859375001 0.0530913875 0.5698711968750001 0.0441688796875 0.58925569375 0.038764434375000004 0.5784717921875 0.028824542187500003 0.5718872187499999 0.0031164890625 0.565908465625 0 0.566205853125 0 1
0 0.196276615625 0.6256748796875 0.183560365625 0.6274019296875 0.17760494843750002 0.63614531875 0.187417684375 0.64428288125 0.194242096875 0.650522725 0.20136316718749997 0.6403412578125 0.20316460625000002 0.6311382265625001 0.196276615625 0.6256748796875
0 0.9584337484375001 0.8437880796874999 0.9427927515625001 0.8428409140625 0.9373459640625 0.8453723390625001 0.9349723171874998 0.861563825 0.9426444859374999 0.8702480640625 0.9669749140625001 0.867455546875 0.9675471218750001 0.8604670921875 0.9671444140624998 0.8525872296875001 0.9584337484375001 0.8437880796874999
0 0.7857463453125 0.6491692171875 0.7828428328125 0.65903383125 0.78966724375 0.665273675 0.80219275625 0.6658761078125 0.8138069343750001 0.66481064375 0.8107973718749999 0.6503740875 0.80604995 0.6443640671875001 0.7957921609375 0.64166196875 0.7857463453125 0.6491692171875
0 0.827646621875 0.7133538343750001 0.8389852484375 0.7028555171875001 0.8576569140625001 0.6923850796875 0.84000250625 0.69043159375 0.8373956515625001 0.6838749015625 0.8182153546875 0.7005573 0.8068131515625 0.7118321125 0.8163715734375 0.7230756578124999 0.827646621875 0.7133538343750001
0 0.5810783500000001 0.6915554281249999 0.5805061421875 0.698543884375 0.5836003875 0.6863497828125 0.5895345703125 0.6650675625 0.5783866796874999 0.673236396875 0.5688494921875 0.674531684375 0.552106421875 0.6742461015625001 0.549075753125 0.68566370625 0.5479949140625 0.6988641234375 0.555857821875 0.7052188765625 0.571880290625 0.7015070734375 0.5810783500000001 0.6915554281249999
0 0.46103678906249995 0.6602514703125 0.4576034125 0.6637892140625 0.45690404687499997 0.6723306593749999 0.4597016375 0.67655786875 0.47118865625 0.6770453921875 0.48396848437499995 0.674541846875 0.4914286828125 0.6730167359375001 0.48161594531249996 0.664879171875 0.4745372203125 0.6617453109375 0.46103678906249995 0.6602514703125
0 0.49144992031249995 0.6855555703125 0.4940355375 0.67957343125 0.46237207187499996 0.682338065625 0.46076136874999996 0.6892116109374999 0.472184809375 0.69047563125 0.48483748125000004 0.6895250765625001 0.49144992031249995 0.6855555703125
0 0.9106628687499999 0.8001091859375 0.9013164171875001 0.7990749906250001 0.8862688640624998 0.8036781984375001 0.8853787609375001 0.8145491296875 0.8942801625000001 0.8210187937500001 0.9071871484375 0.8169622578125001 0.912421965625 0.804221484375 0.9106628687499999 0.8001091859375
1 1 0.9086409515625 0.98403600625 0.9022516484375 0.965809390625 0.9072866218750001 0.9512704656250002 0.90567786875 0.93289545625 0.8997269984375 0.9330013765625 0.885635175 0.9224044593750002 0.87427671875 0.9113200203125 0.8432760625 0.89487360625 0.8265691703125 0.8696741859374999 0.8143784578125001 0.8388795828125 0.793733328125 0.804799996875 0.787611784375 0.8008367546875 0.78482265625 0.7909604390625 0.7774615875 0.7794946546875 0.78951289375 0.76567633125 0.7919015296875 0.76904613125 0.78914028125 0.7768242203125 0.783732696875 0.77828653125 0.7658733078125 0.7843055265625 0.7563534265625 0.7672869046875 0.7466349890625 0.7609287796875 0.7474985140625 0.747640321875 0.7562140218750001 0.7493146046875 0.74856398125 0.7597418921875001 0.7363977625 0.7541467125000001 0.72794334375 0.737848690625 0.7222222953124999 0.7223348515625 0.7197221375 0.7154893328125 0.73933645625 0.7085377625 0.7346496046875 0.6984283671875 0.74293335 0.682321084375 0.7348828140625 0.6796083078125 0.7424179437499999 0.68535188125 0.761858203125 0.6772346609375 0.7586094296875 0.6736528906249999 0.75116133125 0.6512722953125 0.755736659375 0.6309474546875 0.7480029765625 0.6339781234374999 0.736585371875 0.626178796875 0.7294541234375 0.6141831484375 0.7351785609375 0.6114491359375 0.73017485625 0.596189609375 0.72456871875 0.5780265734375 0.7288271937499999 0.574402459375 0.7346944234375 0.5675357046875 0.7417699093750001 0.558570725 0.736076740625 0.5440318015625 0.7344679890625001 0.533668090625 0.7458577125 0.5167978625 0.7471251203125 0.5048022140625 0.7528495562499999 0.48642720468749995 0.7468986859375001 0.4686456375 0.7464981906249999 0.4637285875 0.7169634968749999 0.450419021875 0.7515331640625 0.45 0.7514227859375 0.45 1 1 1 1 0.95722763125 0.998405559375 0.9571217140625 0.9973458296875 0.9444679703125001 0.9894193437500001 0.9388897125 0.9928314859375 0.9228131359375 1 0.9225377171875 1 0.9086409515625
0 0.9140540312500001 0.8482797671875 0.9254138921875 0.8503202812499999 0.9334463 0.841806715625 0.9467347578125 0.8330912078124999 0.9611040531249999 0.8111752843750001 0.954512721875 0.7892906296875 0.963350415625 0.7581437953125001 0.943322359375 0.772381796875 0.933615671875 0.788545403125 0.9059791546875001 0.8317156656249999 0.9140540312500001 0.8482797671875