0 0.0514508015625 0 0.05048532812499999 0.0078066140625 0.061679653125 0.014936265625 0.0702624828125 0.0155867 0.077954315625 0 0.0514508015625 0
0 0 0 0 0.0166448125 0.013250689062500001 0.0311569765625 0.0268866640625 0.0468467421875 0.0496680140625 0.037057453125 0.051976875 0.018388496875 0.01394138125 0 0 0
0 0.02549599375 0.044647584375 0.0202889609375 0.0411123234375 0.0125713109375 0.03948056875 0.009126546874999999 0.05282901875 0.0108728609375 0.060289554687500004 0.0207614375 0.064179596875 0.0272582640625 0.061531292187499996 0.0294981578125 0.053325959374999995 0.02549599375 0.044647584375
1 0.11537875312500001 0 0.11341544374999998 0.0062943515625 0.1207244359375 0.022551523437500002 0.11117554999999998 0.014499684374999999 0.099471690625 0.013612728125000001 0.0835428109375 0.026015089062500003 0.07141434062499999 0.0303303796875 0.0552147375 0.0364309171875 0.044137246875 0.0471071625 0.0328049875 0.060904756250000004 0.019232834375 0.08290768125 0.0061012484375 0.109131534375 0 0.1436768 0 0.17387569375 0.002752215625 0.17901902187500002 0.0014624234375 0.18520258437499998 0 0.18379759375 0 0.45 0.5592410578125 0.45 0.559375 0.44835898125 0.559375 0.0833787078125 0.554409540625 0.07635526718749999 0.559375 0.068974296875 0.559375 0.0421843640625 0.5462883796875 0.0411926171875 0.5340590296875 0.037125184374999995 0.5232893187500001 0.0247932875 0.5137244765625 0.007318275000000001 0.50733326875 0 0.11537875312500001 0
0 0.753659765625 0.1800496171875 0.757136440625 0.1855475171875 0.767109940625 0.188397109375 0.7697904015624999 0.184412703125 0.772200140625 0.1741264734375 0.770809471875 0.17192731249999998 0.7721841859375 0.1647033 0.76360135625 0.16405286562500002 0.7573592984374999 0.163579821875 0.7505227828125001 0.17038992343749998 0.753659765625 0.1800496171875
0 0.6920992187499999 0.22249418125 0.673898534375 0.2242555296875 0.680427271875 0.240453571875 0.6905865703125 0.25064543906250003 0.6959634484375 0.2520998015625 0.6982033421875 0.24389446874999998 0.6967967171875 0.2322721375 0.6920992187499999 0.22249418125
0 0.6987236859375 0.295231259375 0.7158044234375 0.297572578125 0.722556015625 0.2918029265625 0.7190633859375 0.27688185625 0.7093446546875001 0.2709109140625 0.692534640625 0.2748714234375 0.6927044859375 0.2727905234375 0.6866482265625 0.27965975468750004 0.686138690625 0.2859024515625 0.6987236859375 0.295231259375
0 0.756308834375 0.3111109828125 0.7627897046875 0.29903950468749996 0.7654542109375 0.28563192656249997 0.7613671234374999 0.2779939984375 0.7543448093749999 0.277461825 0.7455072109375 0.2799327390625 0.7379753609375 0.28564326093750003 0.7365157250000001 0.2939077234375 0.7377525031250001 0.30761095312500003 0.7440954390625001 0.3164667203125 0.756308834375 0.3111109828125
0 0.976446890625 0.134120046875 0.9770413484375 0.126836903125 0.9809956453125 0.1072457609375 0.9748225546875 0.09630909374999999 0.959827821875 0.09726651562500001 0.9574340375 0.11697591874999999 0.9584000953124999 0.12437732500000001 0.9608417453125 0.1329374390625 0.9662186234375 0.1343918015625 0.976446890625 0.134120046875
0 0.064766590625 0.49676418437500003 0.0770968171875 0.5092143421875 0.08576456875 0.508824325 0.0828823515625 0.49604328437499995 0.07445341250000001 0.48388877812500003 0.0656847828125 0.47589607031250003 0.06247883125 0.476699996875 0.0576274421875 0.47842611250000006 0.057983087499999995 0.48368749062500005 0.064766590625 0.49676418437500003
0 0.22431581718750002 0.47535501875 0.2183444828125 0.48118380156249996 0.213593971875 0.49129264062499994 0.21394961562499998 0.49655401718750003 0.21968214062500002 0.5032697546875 0.235117440625 0.5065332625 0.24176815624999998 0.49238088593749996 0.240446453125 0.4797181046875 0.23454408437500002 0.47508326562500003 0.22431581718750002 0.47535501875
0 0.32529195 0.45 0.3297884828125 0.46241037812499997 0.33777685625 0.47034395625 0.34610491875 0.47411573906250004 0.3514658421875 0.46614692812499997 0.35005921562500003 0.4545245953125 0.3481300921875 0.45 0.32529195 0.45
0 0.3787305296875 0.45 0.377198375 0.45867505781249995 0.38474618125000004 0.4623877078125 0.394889525 0.463156403125 0.405186759375 0.45242102656250005 0.40555130312500004 0.45 0.3787305296875 0.45
0 0.2807017578125 0.60211365625 0.29372732031250004 0.61566339375 0.3069067703125 0.617709059375 0.3103674890625 0.613783784375 0.3112007578125 0.5939561203125 0.296343959375 0.573986296875 0.298244165625 0.5699427609375001 0.28282481875 0.5761024265625 0.2781751859375 0.5945939921875001 0.2807017578125 0.60211365625
0 0.24548415625 0.6392263796875 0.2360042359375 0.620710915625 0.2270817171875 0.6242222796875 0.22016027968750002 0.6320728296875 0.2217367484375 0.6416142640625 0.230861025 0.6548683484375 0.23649267031250001 0.6532013624999999 0.24548415625 0.6392263796875
0 0.559375 0.521684575 0.5589082484375 0.5216492031250001 0.5541417828124999 0.52233486875 0.550187484375 0.5419260109375 0.559375 0.546885975 0.559375 0.521684575
0 0.559375 0.6701620390625 0.5575870609375 0.6628785359375 0.5525498734375 0.6572623765625 0.545272790625 0.65985155 0.538945809375 0.6604189578125 0.5330753515625 0.6746304625 0.538468184375 0.6855079984375 0.5483567625 0.689398040625 0.557364203125 0.6848462296875001 0.559375 0.675206 0.559375 0.6701620390625
0 0.05858423593749999 0.8899243765625 0.047304989062500004 0.8838351750000001 0.0390778046875 0.8884461156250001 0.0390937609375 0.8978692890625 0.0420609 0.9096098843749999 0.05064372968750001 0.91026031875 0.0573103984375 0.9055311140625001 0.05858423593749999 0.8899243765625
0 0 0.998292440625 0.003292509375 0.99984464375 0.0113498515625 0.9973145999999999 0.0119443078125 0.9900314546875 0.0099272703125 0.9762690953125001 0.0031597218750000003 0.9726155750000001 0 0.9729724843749998 0 0.998292440625
1 0.559375 1 0.559375 0.7581970796874999 0.5379535046874999 0.739907009375 0.5294396421875 0.7287929500000001 0.5302729109375 0.7089652843750001 0.505559446875 0.7039517656250001 0.497125359375 0.739953575 0.48888221875 0.73514134375 0.4838450296875 0.7295251859375 0.47136091406249997 0.7285790984375 0.4573322390625 0.736937925 0.453600796875 0.7345613734375 0.43894575468749997 0.7313569984375 0.42629179375000004 0.732491809375 0.425851225 0.728270884375 0.42634480625000004 0.712605015625 0.4132502765625 0.7095188984374999 0.39140307343749997 0.7078632484374999 0.3831758875 0.7124741921875 0.367873375 0.73643975625 0.3617321953125 0.7443494359375 0.34899331093749997 0.746524696875 0.3391896578125 0.7415942046875 0.3211907296875 0.760121 0.328096209375 0.742847278125 0.313154490625 0.7239179015625 0.296530275 0.735220684375 0.29342520156249996 0.7444073375 0.2899114703125 0.7682194078125001 0.28205588593750003 0.7875148984375 0.26975756875 0.7939110859375 0.2738127453125 0.78270266875 0.26555365000000003 0.7684672625 0.2470132765625 0.774390409375 0.2436004234375 0.8065852015624999 0.2384253 0.8218962874999999 0.248669521875 0.8310477078125 0.24349439843749998 0.84635879375 0.2342321890625 0.8540319515625001 0.2299222453125 0.8683617187500001 0.22664732812500002 0.8796292687499999 0.21694455 0.8830815000000001 0.215585790625 0.8997286875 0.20771425156249998 0.90960100625 0.1910900359375 0.9209037875 0.175633634375 0.956373421875 0.165458378125 0.9367583812500001 0.1482556625 0.96476748125 0.1474754046875 0.9647083515624999 0.1284254953125 0.976874190625 0.13997546562500002 0.9892652187500002 0.13909928124999998 1 0.559375 1
0 0.6683644453124999 0.742692653125 0.6751160374999999 0.736923 0.678544846875 0.714151378125 0.666825034375 0.70384125 0.6618038 0.7076482640625 0.653576615625 0.7122592078125 0.6506413859375 0.719364959375 0.65057241875 0.7298285828125 0.6683644453124999 0.742692653125
1 0.559375 1 0.9703747374999999 1 0.9688597375000001 0.9758890062500001 0.97588903125 0.960144728125 0.9760211375000001 0.9580832375 0.9636048374999999 0.9440842281249999 0.9545973953125 0.9486360390625 0.9416567578125001 0.9340458546875 0.9484773171875001 0.9178125796875001 0.949921 0.9001249437500001 0.9431374968749999 0.88704825 0.9304305218750001 0.90806985625 0.912622540625 0.8857826124999999 0.90158210625 0.8671488890625 0.8869960296875 0.8534808921875001 0.8764810859375001 0.8380276484374999 0.8622346999999999 0.8201978531249999 0.8513960203125001 0.8183295796875001 0.8377760015625 0.8120629859375 0.8193045953125001 0.8075225078124999 0.8120964796875001 0.7996480609375001 0.7961197343749999 0.783780903125 0.797393571875 0.768174165625 0.7997554453125 0.729618415625 0.7905462484375001 0.7174047796874999 0.7790600984375 0.7427064453125001 0.776836159375 0.7603349500000001 0.7802438671875 0.7762964703125 0.77634258125 0.77600081875 0.7664380484375 0.7626876031250001 0.7559390593749999 0.7566575312499999 0.7385345875 0.7679011843750001 0.729086578125 0.7682320671875 0.708359321875 0.7624737500000001 0.6926532984375 0.7529084171875 0.676623540625 0.7569280578124999 0.6669207640625 0.7603802875 0.6404928953125 0.7667525796875 0.6243782140625 0.7718126671875 0.612148865625 0.7677452328125 0.6072285109375 0.7799349718749999 0.5857369515624999 0.783540696875 0.57771666875 0.7567607703125001 0.5665223453125 0.7496311203125 0.559375 0.7389828312500001 0.559375 0.7630222234375 0.5765756203125 0.7995965796875 0.5736403921875 0.8067023328125 0.564160471875 0.7881868703125 0.559375 0.7865114859375 0.559375 0.7986280984375 0.564717871875 0.81021369375 0.559375 0.8095207953125 0.559375 1