0 0.259688315625 0.02968984375 0.265817196875 0.013432250000000001 0.25542174218749997 0.0059568781250000005 0.237116496875 0.0124190296875 0.2359369421875 0.0291416421875 0.24387329375000003 0.034937325000000005 0.25129747187499996 0.035634871875 0.259688315625 0.02968984375
0 0.0164604640625 0.35 0.0197516515625 0.343524540625 0.007642231250000001 0.330894 0.0019966359375 0.3438303 0.0040668109375 0.35 0.0164604640625 0.35
0 0.1309772390625 0.1992921484375 0.1415045265625 0.211258540625 0.1543959375 0.2069811203125 0.148041878125 0.18882042968749999 0.1496179609375 0.1779912234375 0.1385205453125 0.1704865546875 0.13139349218750002 0.17957209999999998 0.12515251875 0.19435394687500002 0.1309772390625 0.1992921484375
0 0.0929779609375 0.1737673078125 0.1039592390625 0.1769944875 0.11495619531250001 0.1778748828125 0.1055164203125 0.1606748640625 0.0985507578125 0.152336325 0.0838691484375 0.15205461250000002 0.082784728125 0.16512548124999998 0.0929779609375 0.1737673078125
0 0.082911440625 0.1080554734375 0.078683578125 0.1250833890625 0.08800463281250001 0.13487951874999998 0.0958971015625 0.131230134375 0.0974731828125 0.12040092656250001 0.09178723125 0.1088894078125 0.082911440625 0.1080554734375
0 0.0645859359375 0.127190546875 0.051694526562499996 0.1314679640625 0.053680078124999996 0.1459249890625 0.0585403140625 0.15187028125 0.0679266046875 0.1604362921875 0.074715815625 0.1643673578125 0.0852938515625 0.1709726375 0.08339632500000001 0.15530336718749999 0.07639293281250001 0.13598395624999998 0.0645859359375 0.127190546875
0 0.029863973437500003 0.163446434375 0.033129228125 0.1747305125 0.0454090390625 0.1802752078125 0.0546704171875 0.1776977203125 0.05761350625 0.163858203125 0.05450585625 0.1514912203125 0.041753159375 0.1491952734375 0.029863973437500003 0.163446434375
0 0.7287474921875 0.22564885625 0.7345948484375 0.217783975 0.7314838531250001 0.21223275625000002 0.7251290046875 0.207428540625 0.719716528125 0.20692000781250003 0.7133979859374999 0.21263704843750003 0.71156769375 0.2198275734375 0.7126610796875 0.2230856578125 0.7163942734375001 0.22974712031250002 0.7268990468750001 0.22757875312500003 0.7287474921875 0.22564885625
0 0.8030656921875 0.1242977 0.804424796875 0.1149593359375 0.7975987609375 0.10800728281250001 0.7910929 0.1042406625 0.784454178125 0.10677226875000001 0.780757290625 0.11063205937500001 0.7790961640624999 0.1220456171875 0.783904590625 0.1267045359375 0.787939809375 0.1312908078125 0.78933521875 0.1324737 0.7972183359375 0.13216258125 0.8030656921875 0.1242977
0 0.7333257234375 0.11879699218749999 0.738418021875 0.11612009062499999 0.744416390625 0.10721761406250001 0.7417402765625 0.0932929796875 0.7400246921875 0.0889246515625 0.734292040625 0.0852306796875 0.7257867234375001 0.0844315546875 0.717299559375 0.08889305625 0.7151490921875 0.0928981453125 0.7136389765625 0.1032741046875 0.714128315625 0.110682571875 0.7177105 0.11838163125000001 0.7208033421875 0.11867222343749999 0.7238961843749999 0.118962815625 0.7333257234375 0.11879699218749999
0 0.9573579109375 0.2166264375 0.9435548265625 0.203759925 0.9231311734375 0.198685646875 0.903329721875 0.194721609375 0.9004060421875 0.1986540515625 0.90261096875 0.21043084687500002 0.9211680234374999 0.21217439374999997 0.9405345953124999 0.22451184531249999 0.9487197359374999 0.22212553437500002 0.9573579109375 0.2166264375
0 0.6790785953125 0 0.6777445390625 0.005241003125 0.68225094375 0.0119751125 0.68751240625 0.01352124375 0.6981681906249999 0.0103152828125 0.699225271875 0.0030521093749999997 0.6991030109375 0 0.6790785953125 0
1 0.409375 0 0.409375 0.35 0.467920134375 0.35 0.4686656328125 0.3432034984375 0.472513534375 0.338306109375 0.47076164375000007 0.32341652656250003 0.4795326765625 0.31161920468750004 0.48875674687500004 0.29670909375 0.5006750828125 0.300984246875 0.514460015625 0.3085901328125 0.5267950796875 0.299231240625 0.5259311046875 0.272855453125 0.529440675 0.2595120015625 0.5455510312499999 0.2242132078125 0.5604714453125 0.20247581406249998 0.57357971875 0.1931895703125 0.5883128171875 0.161968515625 0.600194846875 0.15572241250000002 0.6043447703125 0.14874983125000002 0.6160394828125 0.13302006875 0.62763764375 0.1341097859375 0.6356536203125 0.12750044375 0.6376349234375001 0.11927232343750001 0.6514256453125 0.0837555890625 0.6570493781250001 0.055885790625 0.6599004453124999 0.0309108390625 0.65007811875 0.0068487125 0.6581304015624999 0.0107606265625 0.6630535359375 0.00386069375 0.6628110484375 0 0.409375 0
0 0.40883657968750003 1 0.40875207968750005 0.99789054375 0.40491442343750006 0.9925803984375001 0.39544115 0.987978146875 0.3907365484375 0.9949604812499999 0.39080677656249996 1 0.40883657968750003 1
0 0.10674510156250001 0.9695151625000001 0.1141573265625 0.9566002578125001 0.11120797499999999 0.9451866078125001 0.1051743234375 0.9359579531249999 0.0984513859375 0.9378010796874999 0.0857588625 0.948982475 0.088729571875 0.9665851 0.09347688750000001 0.9719807140625001 0.10674510156250001 0.9695151625000001
1 0.409375 0.35 0 0.35 0 0.8026154953125001 0.00251000625 0.8050474578125 0.02058960625 0.8265444421874999 0.045726109375000004 0.8375679218750001 0.058859375000000005 0.8487010203124999 0.07148101875 0.86968519375 0.0909819015625 0.8814165718750001 0.1042928296875 0.8913289671874999 0.1290312984375 0.8924159015625002 0.15305912500000002 0.898385640625 0.17908393281249999 0.903305615625 0.1939938078125 0.9022317015624999 0.21653627968750003 0.8994001296875 0.21819929531249999 0.9069807421875 0.2324412375 0.9231675812500001 0.24985971875000001 0.9111928234375 0.26334830781249996 0.91988451875 0.277284453125 0.9001582124999998 0.2877809796875 0.885058309375 0.29359425625 0.8831297156249999 0.3101885015625 0.8958253859374998 0.3214383828125 0.8882206265625001 0.3255177671875 0.91087699375 0.34209065625 0.9173836906249999 0.354541446875 0.8888560734375 0.3679446125 0.8727918734374999 0.3895774234375 0.8698748312500001 0.40657651718750004 0.8417745546875001 0.409375 0.8343518609375 0.409375 0.35
0 0.565435953125 1 0.5645055625 0.9950306578125 0.5538134718750001 0.9877153640625 0.5458156484375 0.999585334375 0.5458278046875 1 0.565435953125 1
0 0.5009991625 0.9143871484375001 0.4942275859375 0.923216978125 0.49522441875 0.9432945421875001 0.5120658875 0.9406697609375 0.517460209375 0.9359176687499999 0.5202147234375 0.9277621953124999 0.5183118203125 0.9139102078124999 0.5009991625 0.9143871484375001
0 0.5926118687499999 0.8072984218750001 0.5805606734375 0.8093214953124999 0.574749621875 0.82770763125 0.5768035375 0.8405220218749999 0.586837121875 0.8362058171874999 0.5936268546875001 0.832636615625 0.594363759375 0.82218800625 0.5926118687499999 0.8072984218750001
0 0.7968715484375 0.685550734375 0.8033411062500001 0.6787960984375 0.8060774671875001 0.6653799953125 0.7895198671875 0.66066895625 0.781352878125 0.66831589375 0.7800119265625 0.6829148875 0.7868379640625001 0.689866940625 0.7968715484375 0.685550734375
0 0.7123258734375 0.690228571875 0.7264128281250001 0.6957592640625 0.7271860390625 0.6958319109375 0.7355584984375 0.7029292609375 0.746945396875 0.732397309375 0.750491275 0.7295751140625001 0.73718331875 0.6809944484375 0.72924574375 0.6655236828125 0.71551526875 0.6736996828125 0.7123258734375 0.690228571875
0 0.753999278125 0.4469746875 0.7639181578125 0.4542173328125 0.77238716875 0.4444952015625 0.7626011484375 0.43095433281249995 0.757170521875 0.4251851703125 0.7389154890625 0.42136643124999995 0.731672721875 0.4280484203125 0.7305009359375 0.44687044374999996 0.7353093640624999 0.4515293640625 0.7507554234375 0.44772169218749996 0.753999278125 0.4469746875
0 0.765389071875 0.35 0.7606677296875001 0.363458471875 0.7702664328125 0.36751568125 0.7792429375000001 0.3704626453125 0.7957279265625 0.3541311734375 0.795841834375 0.35 0.765389071875 0.35
1 0.409375 0.35 0.409375 0.9105289953125 0.4122491046875 0.91025568125 0.42107459843750006 0.9142402453125001 0.43354252187500003 0.8985831281250001 0.448064359375 0.8957404062500001 0.45264337499999996 0.9235170281249999 0.463975815625 0.93720319375 0.49633016718749995 0.9949358734375 0.4774224203125 0.9363630140625 0.4739367921875 0.911844475 0.45377885625000003 0.8941737468750001 0.4676240359375 0.874438896875 0.4816144390625 0.8967890687499999 0.47641322500000005 0.867902203125 0.48955780468750004 0.8691372156250001 0.5097941390624999 0.8647278343749999 0.5151100609375 0.8820558484374998 0.528520359375 0.8706944140624999 0.538215615625 0.8579321437499999 0.54404481875 0.844806634375 0.5369951609375 0.817849665625 0.539127475 0.8085839468749999 0.5545916890625 0.8100369046874999 0.5570260250000001 0.798695996875 0.582185496875 0.78738668125 0.591180153125 0.795594275 0.606529659375 0.8086060843750001 0.62621640625 0.8241289703125 0.646187025 0.8323160390624998 0.6587275578125 0.8377014359375 0.674155465625 0.8286331359375 0.6403454562500001 0.7970583 0.6233348234375 0.7954600484375 0.6251651140625001 0.7882695234375 0.6338032921875 0.782770425 0.6354644171875 0.7713568703125 0.6315802125 0.7657330015625 0.6156448125 0.76213220625 0.622096215625 0.750116940625 0.635017171875 0.7313470375 0.646391709375 0.712431840625 0.653259840625 0.6867825296875 0.66080463125 0.6780253484375001 0.6658787765625 0.67008781875 0.66135421875 0.6580930796875 0.65405699375 0.6489931859375 0.6594331640625001 0.6389804640625 0.6687116921875 0.6398522375000001 0.6831188234375001 0.648568365625 0.695206321875 0.6570665515625 0.7077287046875 0.6571913203124999 0.6911166468750001 0.6366983968750001 0.6811977671875 0.6294557515625 0.685800725 0.61937038125 0.6972297203125001 0.6162370687500001 0.7039228984375001 0.6294873453125 0.7124826750000001 0.64606835625 0.7302483656250001 0.6424786265625 0.72366989375 0.6176694968750001 0.7220690140625 0.6017423171875 0.7141314375000001 0.5862715515625 0.718734396875 0.57618618125 0.709872596875 0.5616803640625 0.6951997484375 0.5655606859375 0.6865252671875 0.5605385265624999 0.6948432671875 0.5518539921875 0.697108440625 0.5362900515625 0.70367455 0.512715934375 0.716800978125 0.50869031875 0.7167646718749999 0.49816906406250006 0.7235180984375 0.48407860468749997 0.7240676859375 0.46414633906249997 0.7133574421875 0.4515704171875 0.718395284375 0.43311163124999996 0.7107778828125 0.42082630156250006 0.70778159375 0.4037162296875 0.69812843125 0.38387713749999997 0.7059933968750001 0.378305390625 0.7108439203125 0.3503629453125 0.7121280109375 0.35 0.409375 0.35