0 0.3224922578125 0.0368339734375 0.3347678265625 0.036413159375 0.339312990625 0.029192056249999997 0.336015740625 0.0160920765625 0.32274784375 0.014620012499999998 0.3146656234375 0.020769526562499998 0.311881096875 0.033619209375 0.3224922578125 0.0368339734375
0 0.3132305328125 0 0.303286153125 0.013819060937499999 0.30503101093749996 0.0296332125 0.31786664062500003 0.024605346875 0.3257406125 0.0101130796875 0.33005748281249997 0 0.3132305328125 0
0 0.29445296249999997 0.07642489218750001 0.300214484375 0.0692538484375 0.3034312796875 0.06290409687500001 0.304551403125 0.0536899953125 0.28441764062499997 0.058417506249999994 0.278976378125 0.0730098890625 0.27752021875 0.084988221875 0.29445296249999997 0.07642489218750001
0 0 0.106903521875 0.007105903125 0.10719596718749999 0.016532271874999997 0.08998953125 0.026487140625 0.0885471875 0.030151985937499997 0.07851179375 0.02077295625 0.065161515625 0.008609403125 0.064660921875 0 0.06523078437499999 0 0.106903521875
0 0.49832420781250003 0.249646840625 0.502661125 0.2340829859375 0.4911696421875 0.22805393125 0.47988640625 0.2303676265625 0.47743791562500004 0.24045307968750002 0.482175546875 0.2517602984375 0.49832420781250003 0.249646840625
0 0.5296875 0.29033089218749997 0.5264612921875 0.289697671875 0.5202675015625 0.290368784375 0.5125213171875 0.2937540703125 0.5134978703125 0.30583252031249997 0.5186835515625 0.3134541 0.5296875 0.3124088921875 0.5296875 0.29033089218749997
1 0.5296875 0.347937475 0.5216132046874999 0.349689453125 0.50613661875 0.3462744484375 0.497541678125 0.3264743 0.49691694062499997 0.301446046875 0.48909030624999994 0.2853815984375 0.46388287500000003 0.2815661203125 0.45970530624999995 0.26565184999999997 0.47266872812500005 0.24951700312499997 0.466602728125 0.23908113437499998 0.45445495156250004 0.22839496874999998 0.4577837609375 0.2211238046875 0.446516303125 0.2132519296875 0.43454521250000006 0.231279659375 0.42515040624999995 0.2281149515625 0.425278196875 0.2170079703125 0.4178838296875 0.20744345156250002 0.4037671703125 0.18278595625 0.391619396875 0.1720997890625 0.3719494609375 0.16295608749999999 0.358473315625 0.1531412734375 0.34387705 0.152540559375 0.3220946609375 0.1507180796875 0.3750526875 0.08715015781249999 0.367210271875 0.0812712796875 0.31095499375 0.131739221875 0.29181356406250003 0.1383596109375 0.300695646875 0.11557465468749999 0.28345842499999996 0.106531071875 0.2711986359375 0.096766315625 0.25173694687500003 0.095965365625 0.22926670625 0.10985691718749999 0.18967125468749998 0.11378347656250001 0.16047871875 0.11258204999999999 0.1587338625 0.0967678984375 0.1251081765625 0.1018661640625 0.10631855937500001 0.0955367515625 0.0891617890625 0.10594289999999999 0.0654909734375 0.109598821875 0.0404917875 0.11412609375 0.02322300625 0.125453653125 0.0123878171875 0.12408170781250001 0 0.12841016562500002 0 0.6296875 0.47406565624999997 0.6296875 0.482823846875 0.6184909234375 0.489080753125 0.577077525 0.51563233125 0.56983608125 0.5151038296875 0.5540719890625 0.528851334375 0.531487271875 0.5285626359375 0.5036947875 0.5296875 0.5012377328125 0.5296875 0.347937475
0 0.9674454546875001 0.4525065375 0.96507860625 0.4634287671875 0.96901038125 0.473823103125 0.9878110421875 0.473022615625 0.9906405312499998 0.46684212656249996 0.9867087546875 0.4564477921875 0.9791040093750001 0.45062499687499996 0.9674454546875001 0.4525065375
0 0.810834640625 0 0.8102280765625001 0.002102196875 0.81622765625 0.01258163125 0.827505371875 0.013832887499999998 0.8380482265625 0.004034259375 0.8357032546875001 0 0.810834640625 0
0 0.7122259328125 0.038998978125 0.726618765625 0.031720146875 0.7294616656249999 0.016881925 0.7297472968750001 0.014532328124999999 0.7244007781249999 0.0072282375 0.7047432234375 0.015077512500000001 0.6960777499999999 0.026527639062500004 0.6984177734375 0.0329208796875 0.7122259328125 0.038998978125
0 0.6025786453124999 0.0691195640625 0.617896759375 0.07132421875 0.6243040046875 0.0613553890625 0.621215709375 0.0525700015625 0.615583559375 0.04761550625 0.6054349578125 0.0456236046875 0.5970551171875 0.054724134375 0.5981708171875 0.062641221875 0.6025786453124999 0.0691195640625
1 0.5296875 0.6296875 0.8360202703125001 0.6296875 0.8471493359375 0.6215085859375 0.869091940625 0.5948625421875 0.8836886078124999 0.5773595796875 0.888993565625 0.550815928125 0.9109227593749999 0.5328276203125 0.9303898937499999 0.5265447421875 0.9382252953125001 0.5048279328125 0.9414624500000001 0.47819917968750003 0.9485361703125001 0.462747959375 0.9506307984374999 0.445517590625 0.961840128125 0.4302365703125 0.958751834375 0.42145118437500007 0.9605608328125002 0.406570409375 0.968396234375 0.3848536 0.972939509375 0.3645755375 0.973428975 0.3520018078125 0.9770335578125 0.3308979953125 0.9615384375 0.321602003125 0.9578788812500001 0.31751580625 0.945472053125 0.3170052015625 0.9460567281250001 0.3036482734375 0.9575382765625001 0.2946753953125 0.9504229953125 0.276278871875 0.9697815078125 0.27943692656249997 0.9765695953125 0.266335303125 0.9744334046875001 0.2497179296875 0.9507488640624999 0.24795606874999998 0.9390085109375 0.24196307187500002 0.92556778125 0.24140991406249998 0.9003049000000001 0.226989225 0.904453921875 0.218501690625 0.9194998156249999 0.2143982046875 0.9257300546874999 0.1973380390625 0.9094732484375001 0.194307634375 0.8807009953125 0.20020755625 0.8627572265625 0.1939592578125 0.84048743125 0.1891071515625 0.80919814375 0.181522496875 0.7975664124999999 0.16608856562500002 0.7688075718749999 0.1633307546875 0.76554226875 0.147454028125 0.7465914234375 0.12384770625 0.7384422421875 0.10540863281249999 0.7257766078125 0.08993215 0.71281193125 0.085463 0.689113978125 0.09235887499999999 0.6547913703125 0.101178840625 0.6359907093749999 0.10197932812499999 0.6317733015625 0.09393458906249999 0.6152308671875 0.09325378125 0.597096678125 0.088571878125 0.5828258796875 0.07775203750000001 0.5510605421875 0.0740833765625 0.54182380625 0.09023269218749999 0.5327091078125 0.088283340625 0.5379872421874999 0.07905515937499999 0.5333071953124999 0.06626867812500001 0.5296875 0.0652695109375 0.5296875 0.6296875
0 0.961589440625 0.16732915937499998 0.951359040625 0.15746271875 0.9385713718750001 0.1600849078125 0.930667584375 0.1652694453125 0.927647675 0.1730163296875 0.9356198484375 0.18436406562500002 0.9509379609374999 0.186568721875 0.9605421265625 0.1759443453125 0.961589440625 0.16732915937499998
0 0.4209637796875 0.7495537375 0.42548023125 0.74659114375 0.4286905609375 0.7372778625 0.4125289671875 0.733464259375 0.404339546875 0.740998390625 0.4033874421875 0.748830378125 0.41202608906249993 0.754695721875 0.4209637796875 0.7495537375
0 0.3436517703125 0.7188228421875 0.337937821875 0.7059938109375 0.3186745203125 0.70205255625 0.3148929296875 0.71606503125 0.3156411984375 0.7184571765625 0.3192055453125 0.7233265703125 0.3297215765625 0.730843415625 0.34091749375 0.72422013125 0.3439239890625 0.7251309828125 0.3436517703125 0.7188228421875
0 0.1868137328125 0.812331996875 0.199220559375 0.8128426015624999 0.2032743703125 0.8051382671875 0.20487953593750002 0.800481625 0.2047025265625 0.7933902875000001 0.193615234375 0.7905726359375 0.1840244828125 0.792539278125 0.1798754609375 0.8010268109375 0.1868137328125 0.812331996875
1 0.5296875 0.9531101203125001 0.5271606390625 0.944406625 0.5061969609375 0.945905209375 0.4919261625 0.9350853687499999 0.46286827812500003 0.9433348875 0.4525560796875 0.9255939124999999 0.43114317812499997 0.9136930187499999 0.40831552968749996 0.9048823703125001 0.387365265625 0.8977232203125001 0.38672561875 0.8858901390625 0.3755565265625 0.8751979500000001 0.3758555703125 0.86419061875 0.33675770625 0.8610073015624999 0.320405690625 0.8587600953125 0.31628349375 0.8499321578125001 0.2918372703125 0.8544358875 0.297401034375 0.842858109375 0.29499262656249997 0.8199325953125 0.28183752812499996 0.81702984375 0.26358130625 0.8304466109374999 0.250589803125 0.84329293125 0.22464703749999998 0.8430123671875001 0.22211659374999998 0.8381855234375 0.210281028125 0.8329757250000001 0.19497632812500001 0.8221133343750001 0.166584915625 0.8248804625 0.13141882656249998 0.8320914796875 0.13491478750000002 0.8204286015625 0.12638476406250002 0.8051223234375 0.0986464109375 0.8110647953125 0.0927018046875 0.8257753687499999 0.073710721875 0.828142253125 0.07494845781250001 0.8179606703125 0.052678660937499996 0.8131085656250001 0.0494951546875 0.8051063781250001 0.05862326718750001 0.79839799375 0.063261753125 0.7773367328124999 0.06026866875 0.7677681468750001 0.0378902484375 0.772356975 0.0193483953125 0.7881233375 0.0163553109375 0.778554753125 0.0140287 0.763503775 0.0021113375 0.750419440625 0 0.7554465218749999 0 0.8005469703125 0.01650549375 0.8029615625 0.007840021875 0.8144116875 0.0026570984375 0.8228566703125001 0 0.8254133515625 0 1 0.5296875 1 0.5296875 0.9745044234375 0.5102923328125 0.9720486171875 0.5188491828124999 0.9700394265625001 0.5296875 0.9610855468749999 0.5296875 0.9531101203125001
0 0.9344679499999999 0.6296875 0.9309591015625 0.6315755734375 0.9401298828125 0.6365831015625 0.948644371875 0.6369335171875 0.9724272015625001 0.6323561843750001 0.9764955921875 0.6296875 0.9344679499999999 0.6296875
0 0.876098421875 0.78118505625 0.8831883093750001 0.7731426640625 0.8776665937499999 0.7682853140625 0.860525603125 0.76850589375 0.8577410750000001 0.7813555765625 0.8638070734374999 0.7917914453125 0.8725455875 0.7902990390625 0.876098421875 0.78118505625
0 0.9306608484375001 0.8954790156250001 0.91782521875 0.9005068828125001 0.91470465625 0.9161207953125 0.9253158203125 0.9193355625 0.9377034 0.9179933359374999 0.9396076078124999 0.9023293625000001 0.9306608484375001 0.8954790156250001
0 0.8379772984375 0.6296875 0.8423733890625 0.636263984375 0.8584100343750001 0.6350719375 0.8573026390624999 0.6296875 0.8379772984375 0.6296875
0 0.8019654062499999 0.8077667343750001 0.78149560625 0.8152584749999999 0.7807115203125 0.8217083453124999 0.7937553921875 0.8250232296875 0.8034862390624999 0.8254237062499999 0.809247759375 0.8182526625 0.8019654062499999 0.8077667343750001
0 0.7972782265625 0.906657978125 0.7946372703125 0.8982151093749999 0.785690509375 0.8913647625 0.7686457546875 0.9008495015625 0.7659732375 0.912777775 0.7812258 0.918035596875 0.7940614281249999 0.9130077312499999 0.7972782265625 0.906657978125
0 0.70351794375 0.6824064734374999 0.699308815625 0.686863346875 0.6883458359375 0.6965983828125 0.7032623593749999 0.7046204359375 0.72184373125 0.702607096875 0.722963853125 0.693392996875 0.718882515625 0.6867428859375 0.70351794375 0.6824064734374999
0 0.66197445 0.6296875 0.6580316203125001 0.6342334703125 0.6591201859375 0.6453905093750001 0.6660822828125 0.648455096875 0.6835593109375 0.6454702890624999 0.68688811875 0.6381991250000001 0.6829187953125 0.63062760625 0.6818501046875001 0.6296875 0.66197445 0.6296875
1 0.5296875 0.6296875 0.5296875 1 0.6632409390625 1 0.6685543375 0.980072015625 0.6878077796875 0.97253021875 0.6975701843750001 0.9525595499999999 0.71075763125 0.93458188125 0.7103569203125 0.907710809375 0.7255605843749999 0.8731477578125 0.7228233953125 0.8554407265625 0.71744525 0.8292908265625 0.7211416546875 0.7988842890625 0.73895471875 0.7931352515625 0.7380901796874999 0.780135390625 0.7171881109375 0.7811271984375 0.7088014125 0.769669803125 0.723733715625 0.767506284375 0.720772503125 0.751642075 0.6993261515625 0.7470553640625 0.679447971875 0.7295689109375 0.67891946875 0.71380481875 0.67419761875 0.6923120296875 0.6404914765624999 0.6779605625 0.6412755625 0.6715106921875 0.6577918171875 0.6462618609375 0.6310477750000001 0.63497498125 0.6391085015625 0.6296875 0.5296875 0.6296875
0 0.7232367734375 0.7313710515625 0.730183090625 0.744621209375 0.7420263874999999 0.7377004625 0.7434825453125 0.7257221312500001 0.7369685 0.718971903125 0.722036196875 0.72113541875 0.7232367734375 0.7313710515625