0 0 0.090887740625 0.0062452875 0.094490096875 0.0197097875 0.101078 0.0112896671875 0.084304428125 0.0126258359375 0.0753846046875 0.005295215625 0.07063240312499999 0 0.07095517500000001 0 0.090887740625
0 0.10505410781249999 0.27628265625 0.10017060156249999 0.2728110265625 0.08911031875 0.2711456421875 0.0731343546875 0.2687400875 0.060823703124999996 0.2687106359375 0.0583229625 0.27198249531249996 0.0643281421875 0.28474403593750003 0.07287695937500001 0.2905917671875 0.09007111875 0.294092853125 0.09996683125 0.2901102734375 0.105011209375 0.279924603125 0.10505410781249999 0.27628265625
0 0.11314619374999998 0.21639030625000003 0.109448709375 0.2167456640625 0.10072829375 0.22546571875 0.111702778125 0.2344149953125 0.1288754875 0.239737053125 0.1362919078125 0.2372053625 0.132723121875 0.2266348828125 0.1278610640625 0.2213422765625 0.11314619374999998 0.21639030625000003
0 0.364932065625 0.124876421875 0.3575370953125 0.1255871375 0.3623669765625 0.13361120312500002 0.36717540937500004 0.143456240625 0.367100334375 0.1498296484375 0.3794324375 0.148038128125 0.38316209843750004 0.1449513078125 0.3869775578125 0.13458059687499999 0.38084368125 0.132744896875 0.36860810312500003 0.12634203593749999 0.364932065625 0.124876421875
0 0.41736809375000006 0.1674317484375 0.4160212 0.177262059375 0.41714287343749995 0.18655197031249998 0.4330866609375 0.1916889828125 0.44538659062499997 0.1926289234375 0.4467442078125 0.181888125 0.4394243125 0.1762254375 0.4320936890625 0.1714732359375 0.4198259359375 0.16780183437500001 0.41736809375000006 0.1674317484375
0 0.45179487656250006 0.27568298125 0.45067320468750005 0.26639307031250004 0.444582228125 0.260915425 0.4372408796875 0.257073709375 0.43601196093750005 0.256888665625 0.4224294875 0.26031611718750003 0.4149272671875 0.2701317 0.4197464249999999 0.2790662515625 0.4283274171875 0.282182521875 0.43940915 0.2820269328125 0.44806521562499996 0.2787697984375 0.45179487656250006 0.27568298125
0 0.5030859328125 0.10189783906250001 0.492014925 0.101142940625 0.4883174375 0.1014982984375 0.48706706875000005 0.1031342296875 0.48575235 0.1102330796875 0.49057150624999996 0.11916763125 0.5016317890625 0.1208330140625 0.511463153125 0.12231335624999999 0.5151928140625 0.11922653750000001 0.5116132999999999 0.10956654375 0.5030859328125 0.10189783906250001
0 0.518133271875 0.0786247203125 0.5180260234375 0.0877295875 0.5241277249999999 0.09229675000000001 0.5327087171875 0.0954130203125 0.537645846875 0.09433221875 0.549945775 0.09527215781250001 0.5500744734375 0.08434631875000001 0.5440371203125001 0.07431623750000001 0.5280611578125 0.071910684375 0.5231347484375 0.0720809984375 0.518133271875 0.0786247203125
0 0.56187476875 0.023188120312499998 0.5581665593749999 0.0244539671875 0.5543939984375 0.03118273125 0.5579842390625 0.039932240625 0.5738529515625 0.051442659375 0.5849346843750001 0.0512870703125 0.589946890625 0.0438328625 0.58517063125 0.0312563640625 0.5766325375 0.0244981453125 0.56187476875 0.023188120312499998
1 1 0.5 1 0 0.6606352125 0 0.6581488203125 0.0021124671875 0.6481673109375 0.013378939062500001 0.640665090625 0.0231945234375 0.647909915625 0.0352306203125 0.6318481515625 0.04010895625 0.62708261875 0.026621975 0.6185552515625 0.01895326875 0.6062338734375 0.019834303125 0.612271228125 0.0298643828125 0.6146968921875 0.0329659265625 0.60484408125 0.0333065609375 0.58875014375 0.040916359375 0.5959413437500001 0.057504889062499995 0.6069265515625 0.065543678125 0.606797853125 0.0764695171875 0.5944764765625 0.077350553125 0.5797079828125 0.076951015625 0.5637320203125 0.0745454609375 0.564800065625 0.0883878015625 0.5621491796875 0.104406478125 0.5522963671875 0.10474710937500001 0.5496562046875 0.119855296875 0.535955759375 0.13329810312499998 0.530975728125 0.1380208515625 0.511377353125 0.12959725 0.5027212890625 0.1328543859375 0.5000275000000001 0.15251500625 0.5134812734375 0.1600133953125 0.5121987296875 0.164380784375 0.49624421406249997 0.16015425781249998 0.49492949687500004 0.167253109375 0.5009453984375 0.1791041625 0.508254571875 0.18567733749999998 0.508104425 0.19842415156249998 0.5054535390625 0.21444282656250002 0.5139058328124999 0.22848493749999998 0.49779044531250005 0.2379157109375 0.4915385953125 0.246095365625 0.49629340312500003 0.26049283437500004 0.5010911124999999 0.271248359375 0.5071928140625 0.27581551875 0.5044668531250001 0.29820760156250004 0.494506790625 0.3076530984375 0.5041880078125 0.32188025468750003 0.5138906703125 0.3342864359375 0.518731278125 0.34140001249999996 0.5394191515625 0.36184498593750003 0.5306558359375 0.3742069859375 0.5390759562499999 0.39098055781249996 0.5438951140625 0.399915109375 0.5584491109374999 0.41852438125 0.5705452687499999 0.4367635671875 0.582716496875 0.4486293484375 0.5985315859375 0.464692203125 0.610788615625 0.4692740890625 0.62045910625 0.4844117296875 0.6228311484375 0.492065709375 0.6227376890625 0.5 1 0.5
0 0.209436896875 0.7496811171875001 0.2063487296875 0.7453396890625 0.19480362812500002 0.7482530234375 0.19988068125 0.761422071875 0.208127946875 0.7719673265625 0.21857376718750002 0.7735401875 0.219718628125 0.7651844234375 0.2146051109375 0.7551110296875001 0.209436896875 0.7496811171875001
0 0.21021019062500002 0.50635765 0.19455057343749999 0.5032244421875001 0.184994359375 0.5149653984375 0.19015345625 0.521169225 0.20677561249999998 0.5314249421875 0.213887134375 0.5495520468749999 0.224041240625 0.5758901468750001 0.2275578640625 0.5438576312500001 0.219492921875 0.5178341046875 0.21021019062500002 0.50635765
0 0.31875 0.7489122203124999 0.318283121875 0.748238871875 0.3057754828125 0.7440296953125 0.2961736875 0.7596402203125 0.2992071578125 0.7686251296875 0.318000521875 0.7722301953125 0.31875 0.7721581640625 0.31875 0.7489122203124999
0 0.30242295 0.762131765625 0.28986973125 0.7617921578125 0.286535428125 0.7783464 0.2948282734375 0.7850220859375 0.309461540625 0.7864501781250001 0.3115780546875 0.7844430109375 0.3117603765625 0.7689647374999999 0.30242295 0.762131765625
0 0.5567131515625 0.5642933453125 0.55763010625 0.5752854234375 0.575342425 0.5818288578125 0.585833828125 0.5795321515625 0.585897640625 0.57411475625 0.57448928125 0.565419384375 0.560937059375 0.561052921875 0.5567131515625 0.5642933453125
0 0.6709099125 0.552802740625 0.6614904390625 0.5529349921875 0.6541054359375 0.558025296875 0.650880528125 0.565292575 0.6612260734375 0.5753784875 0.6716810125 0.5761774375 0.6758866890624999 0.574484840625 0.6780943640625 0.5647385375 0.677122709375 0.5583899406249999 0.6709099125 0.552802740625
0 0.9783415609375 0.6969166437500001 0.9906200406250001 0.699677559375 0.9956429671875 0.6913128625 0.9883552484374999 0.6829187125 0.9908774359375 0.6778258796875 0.9724329062500001 0.675960725 0.9686281734375001 0.6854209515624999 0.972272034375 0.689618025 0.9783415609375 0.6969166437500001
0 0.9752124906249999 0.6490162109375 0.9727224765625 0.6513775859375001 0.9713970343749999 0.6593869234375 0.9749550953125 0.6708678906250001 0.9859724796875 0.6761752203125 0.9933674515625001 0.6754645046875 0.9935283234375 0.661807203125 0.99115628125 0.654153225 0.9752124906249999 0.6490162109375
1 1 1 1 0.736871146875 0.9988042140625 0.7364818375000001 0.9877332078125001 0.7357269390625 0.9756263265625 0.718398240625 0.9646947421875 0.7058070171875 0.9637124906250001 0.68468078125 0.9392306093750001 0.672785546875 0.9195678843749999 0.6698248640625 0.9058674390625001 0.68326766875 0.9131122640625 0.6953037656250001 0.914191034375 0.708235621875 0.894453234375 0.7116483453125 0.8823463546875001 0.6943196453125 0.8541026390625 0.6882426921875 0.8477113656250002 0.708258671875 0.8256337 0.7012859578125 0.8037276312500001 0.67974545625 0.7925708234375 0.6862744515625 0.774029771875 0.6926036812499999 0.733400328125 0.6928706796874999 0.68047095625 0.6921977390625 0.6484868546875 0.690118090625 0.6335789375 0.7015548781250001 0.5927993453125 0.7145686921875 0.5902449828125 0.7223929859375 0.560654371875 0.7261463421875 0.5235937156249999 0.7369838234375 0.507446153125 0.7491460562500001 0.46079008281250006 0.7384724874999999 0.45453823125000004 0.7466521421875 0.426251615625 0.744217134375 0.428473509375 0.7646179265624999 0.41360849375 0.77241276875 0.3816029421875 0.77215409375 0.3776373328125 0.79527161875 0.4082745421875 0.8071815796875 0.3933559015625 0.819528853125 0.398207234375 0.8257319437499999 0.39308778125 0.8422910218749999 0.363464996875 0.8487758359375001 0.3656439890625 0.8728185749999999 0.3531295671875 0.8900883687500001 0.3726743171875 0.9030644046875 0.3760393328125 0.9309341343749999 0.3646573046875 0.95658335 0.38286588906249996 0.9784792093749999 0.37778933437499995 0.9913963390625 0.367393928125 1 1 1
0 0.7855619468749999 0.65420765 0.7731333203124999 0.66419355 0.777952478125 0.6731281 0.8037276312500001 0.67974545625 0.8063463437500001 0.6664582421875 0.79657933125 0.6595149796875 0.7855619468749999 0.65420765
0 0.48624163437500006 0.5635329109375 0.4861129375 0.5744587515624999 0.49460812968750006 0.584858915625 0.5142815796875 0.586909109375 0.5109018437499999 0.56578991875 0.509623296875 0.5643172609375 0.49370095625 0.5573592734374999 0.48624163437500006 0.5635329109375