1 0 0.359375 0.3796875 0.359375 0.3796875 0 0.144103071875 0 0.1288139328125 0.001482309375 0.12060190468750001 0.01383454375 0.0949838265625 0.0096684546875 0.07677965 0.021448634375 0.0727929578125 0.03606735625 0.0486889515625 0.0542583859375 0.0217680546875 0.0709384265625 0.0035638796875000003 0.08271860625 0 0.0848982265625 0 0.359375
0 0.48728919375 0.2972968484375 0.5016592515625 0.30500404531249997 0.51653616875 0.300500571875 0.511728696875 0.28706782343750004 0.5001960765625 0.28793774375000003 0.49072404375000006 0.290455615625 0.48728919375 0.2972968484375
0 0.48369065781250004 0.3214172234375 0.47094743437500003 0.313497140625 0.46062541562500003 0.3231571609375 0.4563231265625 0.3262768625 0.4726997671875 0.33180393750000003 0.48269607499999995 0.3279391296875 0.48369065781250004 0.3214172234375
0 0.5842689390625 0.359375 0.5931939703125 0.35246930625 0.5930319640625 0.340985375 0.5863259515625 0.33738865156250003 0.57354619375 0.3365043203125 0.5664778578125 0.345738521875 0.5692247484374999 0.3575234140625 0.579067609375 0.359375 0.5842689390625 0.359375
0 0.6565560703125 0.2610850421875 0.6572423796875 0.2712220828125 0.671232709375 0.28089646875 0.68654335 0.27825378437500004 0.690647075 0.2706858578125 0.689147328125 0.2606553125 0.68043471875 0.2592387140625 0.6617623671875 0.2546512171875 0.6565560703125 0.2610850421875
0 0.6239348859375 0.15349805156250002 0.61605315625 0.16283874062499998 0.62530749375 0.173772084375 0.64503451875 0.179601509375 0.6562718999999999 0.173555190625 0.6581704625 0.1637191140625 0.65103070625 0.15826165 0.6420829703125 0.1594325328125 0.634906646875 0.161010778125 0.6239348859375 0.15349805156250002
0 0.664638025 0.227429509375 0.6772732234375 0.2276936390625 0.6798406640625 0.21713087031249997 0.682101628125 0.20830191406249998 0.6706228640624999 0.1991618234375 0.6585119765625 0.1975507515625 0.6535947999999999 0.20522512499999998 0.6551851 0.21204794218749998 0.657931990625 0.2238328375 0.664638025 0.227429509375
0 0.7214702265625 0.21232247656249997 0.710895625 0.2137062484375 0.7033935890625 0.22107970625 0.7080025046875 0.2300642265625 0.716715115625 0.2314808234375 0.7249940015625 0.23103663124999999 0.72857341875 0.224815646875 0.7214702265625 0.21232247656249997
0 0.6974627812499999 0.2531754125 0.7067536750000001 0.2570730015625 0.7155028531250001 0.25145389218749997 0.713478828125 0.242770284375 0.7082010625 0.23451245312500002 0.696180728125 0.229693653125 0.683863028125 0.2248468859375 0.6832023749999999 0.2243610515625 0.6737303609375 0.22687887031249998 0.679676975 0.23441001250000001 0.6879192921875 0.24100152656249998 0.6974627812499999 0.2531754125
0 0.8153073093749998 0.143795678125 0.814023609375 0.149077084375 0.818487921875 0.15744136250000001 0.8333282718749999 0.1599735953125 0.8405951484374998 0.155187621875 0.8424937124999999 0.14535154687500002 0.8375051203125 0.13833420624999998 0.82501450625 0.1386903703125 0.8153073093749998 0.143795678125
0 0.8306180093750001 0.1411529859375 0.842385759375 0.1376955359375 0.844573471875 0.129100003125 0.8313964875 0.11931913593750001 0.8197192937499999 0.11956885625 0.813175278125 0.1274561140625 0.81644646875 0.1378940203125 0.8306180093750001 0.1411529859375
0 0.7839856578125 0.070554125 0.795192540625 0.0754793703125 0.8056226031249999 0.0734753484375 0.808858853125 0.06218584687499999 0.7971642984375 0.051571873437500006 0.7827576015625 0.0509003921875 0.7783647359375 0.057227823437500006 0.7797199734375 0.0666381140625 0.7839856578125 0.070554125
1 1 0.359375 1 0.13973048593749998 0.9868214609375 0.1373310828125 0.9752523015625 0.1452367546875 0.9746548984375 0.1606551546875 0.9591996875 0.162677590625 0.94855360625 0.14936965625 0.9221266468749999 0.1438794140625 0.9041405953125 0.149428909375 0.8856302640625 0.1563253421875 0.8713507484375 0.14541041875 0.8654407031249999 0.13084356875 0.8522080921875 0.145997840625 0.8572507140625 0.156843153125 0.8518998421875 0.1626567828125 0.834438071875 0.166859290625 0.8396792515625 0.1821528328125 0.8488796015624999 0.18925819375 0.8398952843749999 0.1974647859375 0.8266818062500001 0.19471966406250002 0.8176800421875001 0.19206252343750002 0.805442028125 0.2006949359375 0.7924271218750001 0.20239803906249998 0.7732479109374999 0.210021165625 0.75775615 0.219079309375 0.74112525 0.23403910468750003 0.7182322828125 0.25237505625 0.7176348796875001 0.26779345625 0.708216865625 0.2741393015625 0.7140728828125 0.284878128125 0.7142349140625 0.2963621046875 0.6917479796875 0.30058303125 0.69928489375 0.314936990625 0.6864145718750001 0.3172603390625 0.66725448125 0.3069840765625 0.6400140593750001 0.301600234375 0.63950724375 0.3138109015625 0.634698128125 0.32914127187500003 0.64494700625 0.3335527125 0.6571119125 0.3389917609375 0.6563159421875 0.349961884375 0.6439699 0.350938296875 0.6440889234375 0.359375 1 0.359375
0 0.023926223437499998 0.5923108546875 0.0204699203125 0.599952625 0.030408724999999998 0.606640371875 0.0486380046875 0.5994619343750001 0.049993703125 0.5873020546875 0.03504004375 0.5860635343749999 0.024219978125 0.5890770890624999 0.023926223437499998 0.5923108546875
0 0.0327764328125 0.7381377640625 0.021934203125000003 0.72757408125 0.0047214171875 0.7346195 0.00695725625 0.7487058937500001 0.012039728125 0.7480408125 0.0271740734375 0.7500545203125 0.033679859374999996 0.7420137015625 0.0327764328125 0.7381377640625
0 0.1679780125 0.4688135875 0.16786494375 0.472822540625 0.1666223140625 0.4809734671875 0.1727888953125 0.48495951093750006 0.1846254578125 0.48181294062499996 0.1892113234375 0.4700291984375 0.1796338875 0.46489182968750004 0.17658440625 0.4652908765625 0.1679780125 0.4688135875
0 0.1187107296875 0.5136045234375001 0.1162709203125 0.5211132765625 0.12675178125 0.530126584375 0.139130396875 0.529305575 0.1452748140625 0.51971438125 0.140486096875 0.517145696875 0.136940009375 0.5064260859375 0.1288080546875 0.5074902171875 0.12139884375000001 0.511655096875 0.1187107296875 0.5136045234375001
0 0.27812300156249997 0.3841030546875 0.2898010421875 0.3937585359375 0.30319615 0.392804509375 0.3080303203125 0.38658009843749996 0.307307578125 0.3834793484375 0.2966460328125 0.37369085156250004 0.290479453125 0.369704809375 0.2770388890625 0.37945192968749997 0.27812300156249997 0.3841030546875
0 0.23294610312500003 0.3700440171875 0.2574317453125 0.3852130078125 0.2639597 0.3907494265625 0.27767072812500004 0.400138871875 0.2891459171875 0.3954419265625 0.2800429203125 0.3878459765625 0.26992343124999996 0.3803830453125 0.2586067609375 0.3722779390625 0.2423883046875 0.3656131046875 0.23294610312500003 0.3700440171875
1 0.3796875 1 0.3796875 0.3923809921875 0.36838701406249996 0.39385975 0.34069336875 0.391891859375 0.3228709109375 0.391827575 0.327320425 0.4064231234375 0.33145401875 0.4106752 0.321311240625 0.4255826 0.3097462703125 0.4119181671875 0.29181074375 0.4158628359375 0.30213308437499997 0.43767819531249996 0.31243325781250003 0.445916315625 0.29623696875 0.45282871875 0.28241287187499997 0.44744822500000003 0.26364153749999997 0.45230109843750005 0.24893617968749998 0.45662190625 0.217198721875 0.4687633203125 0.18482830625 0.496165365625 0.15711249375 0.4806202375 0.14369522031249998 0.467997025 0.1352927984375 0.4499245875 0.10721561875 0.4328290859375 0.11401403750000001 0.457502071875 0.1315870703125 0.48795459999999996 0.151057859375 0.5085728125 0.1693314703125 0.5285488515625 0.160385871875 0.5440984249999999 0.1550318125 0.5615745109375 0.1479839703125 0.56728976875 0.13104277343749998 0.5575241828124999 0.1064662265625 0.5599413859375 0.097385396875 0.565922675 0.0848482609375 0.579545734375 0.1075270515625 0.5869628453125 0.10617135312499999 0.5991227265625 0.1014048 0.610131278125 0.1046571328125 0.6240846546875 0.0749304984375 0.6223827984375 0.0913972578125 0.6346069640625001 0.0699378109375 0.6414092609375001 0.0473044703125 0.6251990515625 0.018413645312499997 0.6225889921875 0 0.6150718359375 0 0.624214509375 0.013172654687499999 0.6360561234375 0.0243540890625 0.6345929437500001 0.0427862203125 0.641766934375 0.0621672265625 0.644023765625 0.0657809296875 0.65952751875 0.0652832046875 0.68435643125 0.07666749218749999 0.697245678125 0.08136530625 0.7174005546875 0.0691895390625 0.7325739890625 0.0637678640625 0.7452659328125 0.0798732515625 0.7559397234375 0.0835545734375 0.7762276171875 0.0723953 0.791268034375 0.0828761609375 0.8002813421875 0.0950962578125 0.8122623843749999 0.074833990625 0.8197068515625 0.084139834375 0.841655228125 0.0998162375 0.8459945000000001 0.074539115625 0.8588881921875 0.0522438578125 0.8665986921875 0.0911865578125 0.8718875421875001 0.119896696875 0.8737224156250001 0.139232253125 0.8847723437500001 0.1452403140625 0.9015604374999999 0.155856409375 0.9201420312499999 0.1742430875 0.9361091171875 0.1847239484375 0.9451224249999999 0.2032236953125 0.95708055625 0.2174091609375 0.9640114234375 0.2333338640625 0.973910025 0.2472255765625 0.9840746593749999 0.262314471875 0.994881465625 0.2687142078125 1 0.3796875 1
0 0.063282084375 0.41541201718750004 0.0818272796875 0.4185770546875 0.09115641249999999 0.4181550953125 0.09138254999999999 0.4101371859375 0.081263059375 0.402674253125 0.07037537656250001 0.400903665625 0.063282084375 0.41541201718750004
0 0.3796875 0.6100055984375 0.380137459375 0.6107316781250001 0.3881563453125 0.613676503125 0.400648028125 0.608846540625 0.393623471875 0.5921914625 0.3796875 0.584066371875 0.3796875 0.6100055984375
0 0.4822966796875 0.909706521875 0.48390068125 0.9031059718750001 0.476943740625 0.891235034375 0.45839854375 0.8880700000000001 0.4496790828125 0.8956016640625 0.4490915765625 0.9020691968750001 0.453767225 0.9086468359375001 0.459097996875 0.913541084375 0.47154423125000006 0.9175042171874999 0.4822966796875 0.909706521875
0 0.51039826875 0.8684841171875 0.49926228437500003 0.8611542 0.49072350781249996 0.8694610515625001 0.49463096406249996 0.8817310375 0.4961895140625 0.883923584375 0.5062413875 0.886602375 0.5131085468750001 0.8801119296875001 0.51039826875 0.8684841171875
0 0.7070473796875 0.3954052828125 0.6945556953125 0.4002352453125 0.6965432328125 0.408762309375 0.6920704343749999 0.41653709375 0.71852145 0.42665590781249996 0.7359149203124999 0.4203856765625 0.73679618125 0.4106843765625 0.7286420609375 0.39817126875 0.7202618046875 0.39367606875 0.7070473796875 0.3954052828125
0 0.59360685 0.40306038906249997 0.6044945328125 0.40483097656249994 0.6108196359375 0.39601496875 0.612062265625 0.3878640453125 0.60404338125 0.3849192203125 0.59184545 0.3865154171875 0.5867175265625 0.3959735953125 0.59360685 0.40306038906249997
0 0.49014497031249993 0.5883480078125001 0.504262821875 0.5904947328125 0.5113106640625 0.5847794765625001 0.5162579015625 0.5745461125 0.50828446875 0.562808190625 0.49405354843750005 0.5646704203125 0.48610227968749997 0.5665097375 0.48510795 0.5802199921875 0.49014497031249993 0.5883480078125001
1 1 1 1 0.415768525 0.9809121890625001 0.40190598125 0.9651903390625 0.4063598046875 0.9590459203125 0.4159509984375 0.96516705 0.4287301390625 0.9524492296875 0.44157800937499997 0.9500770359375 0.45387090468749997 0.932006278125 0.448247290625 0.9172111375 0.4342067171875 0.8999307359375 0.4364679953125 0.8975585421875 0.448760890625 0.900562575 0.4571549375 0.8914141265625 0.4583520859375 0.8833276250000001 0.4506231203125 0.84368435 0.45581075625 0.8359813828124999 0.46320940312500003 0.83796891875 0.4717364671875 0.814589553125 0.47479584374999995 0.798144959375 0.4761489171875001 0.8039047203125002 0.48737768125 0.7800963656250001 0.484102540625 0.7586147546875 0.4773276 0.738171803125 0.48399687968750005 0.7227891546875 0.476423840625 0.710184403125 0.48526275781250006 0.69859614375 0.49396865781250004 0.708489496875 0.5094495 0.703542259375 0.5196828640625 0.6832799921875 0.527127334375 0.6786486734375 0.5477041703125 0.6573699125 0.5552816546875 0.6298115 0.56288205 0.6328831484374999 0.5760602390624999 0.619736340625 0.5825735937500001 0.61609935 0.589440175 0.5980962078125 0.588600703125 0.59107053125 0.6078931953125 0.5775401875 0.5992789375 0.5588819203125001 0.60012285625 0.5285001625 0.6001043906250001 0.5270313953125 0.6162732249999999 0.5449214671875 0.6211216515625 0.548761309375 0.6286074953125 0.5323388812500001 0.6435378078125 0.5181079625 0.6454000359375 0.511534559375 0.6486567125 0.48499264062499997 0.656124090625 0.4815585015625 0.6773430984375001 0.49574396875 0.6842739671875 0.4981604921875 0.6991355484375 0.5052981171875001 0.711781671875 0.5149886218749999 0.7129100875 0.5184216390625 0.7276386515625 0.5053202828125001 0.7253589093749999 0.4900274171875 0.7361472515624999 0.49508660156249995 0.757852503125 0.49219451875000003 0.7813970734375 0.500823075 0.7914516015624999 0.5121619109375001 0.8131339437499999 0.5149852578124999 0.820752803125 0.5132681875 0.8313623078125 0.51963761875 0.849700778125 0.521805840625 0.8590030296875 0.5263229703125 0.87838271875 0.5299366734375 0.8938864703124999 0.54881995625 0.9209722156249999 0.57174705 0.9339486562499999 0.5927087703125 0.9519752734375 0.6020146171875 0.9739236484374999 0.6236990796875 0.9950510140625 0.6278156421875 1 1 1
0 0.8434814984375001 0.44145833124999995 0.8425780734374999 0.4375823921875 0.8371120671875001 0.42311986093750004 0.8217970359375 0.42033096406250003 0.8066848578125001 0.4318944921875 0.8076559 0.4405545734375 0.8214799968750001 0.44593506562499996 0.8399575765625 0.4443159578125 0.8434814984375001 0.44145833124999995