0 0.4796875 0.1671203375 0.4765550796875 0.1704279828125 0.45536860625 0.184380778125 0.47910763125000005 0.1838967984375 0.4796875 0.1835573828125 0.4796875 0.1671203375
0 0.4402901265625 0.32321765 0.43133368125000005 0.3289034734375 0.4323412515625 0.34083821406250003 0.44298594687500004 0.3506788140625 0.455910103125 0.33945631249999997 0.4504377640625 0.3238172703125 0.4402901265625 0.32321765
0 0.3768967921875 0.20049775312499998 0.37467113125 0.1953719953125 0.3719215078125 0.1940996890625 0.356261178125 0.19750266875 0.3521098484375 0.20868863750000002 0.3533010390625 0.21497408281250002 0.3622440328125 0.2158354734375 0.3746442296875 0.2084664234375 0.3768967921875 0.20049775312499998
0 0.24286355468749998 0.300675396875 0.2373374109375 0.3112252125 0.24419801406250002 0.32095319375 0.25812974375 0.321665434375 0.2691551296875 0.31366023125 0.2612735046875 0.298544725 0.24286355468749998 0.300675396875
0 0.278608634375 0.31721538437499996 0.27428713125000004 0.3275034328125 0.2766695140625 0.340074325 0.28922643125 0.3401504125 0.30145645625 0.3318834421875 0.2942555140625 0.32035961875 0.278608634375 0.31721538437499996
0 0.388619615625 0.4 0.391799828125 0.39826257656249997 0.38838297499999996 0.3868513734375 0.3687683859375 0.3892438125 0.36600531406250003 0.39451871875 0.3670441015625 0.4 0.388619615625 0.4
0 0.0832784984375 0.0277714171875 0.0752132515625 0.0183052046875 0.0655761265625 0.0203993453125 0.0595260234375 0.0348026125 0.064841646875 0.042996518750000004 0.073614471875 0.042959987500000005 0.080501975 0.0395935390625 0.08446968906249999 0.0340568640625 0.0832784984375 0.0277714171875
1 0 0.4 0.2962730046875 0.4 0.3066644796875 0.3924550640625 0.3036014171875 0.3762924859375 0.291201221875 0.3836615359375 0.2845107859375 0.3748314765625 0.2936643 0.35694914375 0.27905189531249996 0.35264521875 0.2588998921875 0.365438325 0.23569828125 0.3555216390625 0.234874328125 0.33793760625 0.2295721578125 0.32319648437500004 0.2158374984375 0.3102877375 0.1831823796875 0.2968158984375 0.17980587812499998 0.26576305 0.16088541875 0.2651999609375 0.1586732078125 0.2535269875 0.1314769828125 0.26224140625 0.1153330421875 0.24985619374999998 0.1089963984375 0.23627476249999999 0.1169183734375 0.23174862499999999 0.1097443296875 0.20713037500000003 0.0885578578125 0.22108316874999998 0.0641381546875 0.2179754640625 0.036288150000000005 0.2100037703125 0.0127058453125 0.2179328859375 0.012732745312499998 0.20483845625 0.0500543890625 0.1238063828125 0 0.185771309375 0 0.4
1 1 0.4 1 0 0.4796875 0 0.4796875 0.148308640625 0.5268192546875 0.4 1 0.4
0 0.24623928125 0.6576698765625 0.24169813750000002 0.6618353203125 0.23904880468749998 0.6703576578125 0.24604890625000003 0.6791671734375 0.2592155421875 0.6755114078125001 0.2712250203125 0.6657497796875 0.2674299640625 0.662601121875 0.264080271875 0.6561770328125001 0.26247775 0.653346603125 0.24623928125 0.6576698765625
0 0.2745980796875 0.4472788828125 0.28115281406250003 0.45936383124999997 0.27834740625 0.47268806874999997 0.28508108593750003 0.468840853125 0.2906233078125 0.475583171875 0.2969344859375 0.463881125 0.2942091046875 0.4382494375 0.2957127125 0.4180561046875 0.29045977968750003 0.4128402515625 0.281678209375 0.417132471875 0.2745980796875 0.4472788828125
0 0.44436261093749996 0.7973905234374999 0.4493033921875 0.8122101765625 0.46333789375 0.81313380625 0.4735887734375 0.80534365 0.4746355828125 0.7939908828125001 0.4717312578125 0.7842913593749999 0.4634064890625 0.7797430140625 0.44979448906249997 0.7866742125 0.44436261093749996 0.7973905234374999
0 0.23380332343750002 0.732686625 0.2265024984375 0.727915778125 0.21407051875 0.729822575 0.2013263859375 0.7413331703124999 0.203374275 0.740888165625 0.21927772499999998 0.75729895625 0.23111969375000002 0.757904359375 0.23770872656250003 0.7532939109375001 0.24094807031249998 0.742259371875 0.23380332343750002 0.732686625
0 0.049070796875 0.7648822421875 0.057117707812499995 0.762338990625 0.06268279843749999 0.75795104375 0.0660553546875 0.7532448703125001 0.0643196203125 0.744086075 0.052778371874999994 0.7394420046875 0.041358904687499996 0.74669143125 0.03534845 0.7543548109375 0.0395660078125 0.7653582984374999 0.049070796875 0.7648822421875
1 0 1 0.4796875 1 0.4796875 0.8407724421874999 0.45813814375 0.8532022453125 0.45405379687499997 0.8485271234375 0.44370400625000006 0.83329351875 0.43013773437499997 0.8179641875 0.4329545765625 0.79907481875 0.4377964421875 0.7908707078124999 0.44192651875 0.7732853015625001 0.4465019609375 0.7524244625 0.4523906375 0.732867584375 0.45361638906249996 0.705582653125 0.42385340156250007 0.74542601875 0.41124247968749994 0.7632649796875001 0.406533825 0.77779745625 0.401101946875 0.7885137671875 0.39234324531250003 0.7816757234375 0.3720318625 0.7757587406249999 0.3414810359375 0.7720667828125001 0.3057990515625 0.775052471875 0.29072917187499997 0.779916475 0.27874255937500003 0.7785478375 0.2793554359375 0.7649053734375 0.28848345468750003 0.7343139562500001 0.2989018421875 0.71615676875 0.31459603125 0.6920851671875 0.34521545468750003 0.6623863296875 0.3045240953125 0.6839431609375 0.28004833906250004 0.71230698125 0.2565850953125 0.7460134328125 0.2470803046875 0.746489490625 0.2436734515625 0.767891059375 0.2356494046875 0.7593040484375 0.224397446875 0.7561864437500001 0.19822025468749999 0.7586960734374999 0.180512475 0.766517284375 0.17173090625 0.770809503125 0.1695040765625 0.7871866734375 0.152397740625 0.7869305484375 0.12826843593749998 0.7889951749999999 0.1337003140625 0.7782788640625 0.1124981984375 0.77891275 0.091296084375 0.779546634375 0.0750461828125 0.7894350390625 0.05747161562500001 0.8035846140625 0.0457742890625 0.8037424421875 0.032017645312499995 0.8099104078125 0.030970834375 0.821263175 0.0224671234375 0.8326469937500001 0.00036284531250000004 0.8453968796875 0 0.8451082312499999 0 1
0 0.3837406203125 0.7700357796875 0.39528186718749997 0.7746798500000001 0.403461990625 0.7784649625 0.40758063437500003 0.7664446874999999 0.40686884531249995 0.7570633921875001 0.398833365625 0.7540415125 0.3871246078125 0.7597644734375001 0.3837406203125 0.7700357796875
0 0.7882101203125 0.5319305156249999 0.7769467296875 0.53437804375 0.7642140296875001 0.54032350625 0.7621547062499999 0.5463336437499999 0.7613971875 0.559212875 0.7723484218750001 0.5663691484375 0.787707590625 0.5630316109375 0.796500590625 0.5531742578125 0.7956441562500001 0.543029728125 0.7882101203125 0.5319305156249999
0 0.772542775 0.4717619 0.76536373125 0.47888454999999996 0.757883965625 0.49004586562499997 0.770148434375 0.4985061 0.786386903125 0.4941828265625 0.7915180578125 0.4875051828125 0.78686656875 0.474211996875 0.7798550328125 0.4709676140625 0.772542775 0.4717619
0 0.8711953609374999 0.49164728437500005 0.8698592625 0.5014735859374999 0.871450353125 0.5098691468750001 0.8806544234375 0.5134317578125 0.8920624578125 0.5117474625 0.8948564343750001 0.5039883578125 0.8884463421875001 0.4926666421875 0.8785076187499999 0.490853 0.8711953609374999 0.49164728437500005
0 0.682207 0.6026447625 0.6721007671875 0.611198153125 0.6688614234375 0.622232690625 0.6725118359375 0.6246181156249999 0.695773271875 0.6179740921875 0.700759784375 0.6105332156250001 0.6985786812500001 0.60464985625 0.682207 0.6026447625
1 0.4796875 1 1 1 1 0.6706894203125 0.9908631625 0.67305085 0.9788308171875 0.69394274375 0.97038426875 0.6775009 0.9471228328125001 0.6841449234375 0.9357376640624999 0.674698953125 0.9299061500000001 0.6664301703125 0.9109080031250001 0.6618171515625 0.8730449171875 0.658919478125 0.8559614468750001 0.647533090625 0.833758253125 0.6372592140625001 0.829829984375 0.6277821921875001 0.8270817375 0.6132807687499999 0.8066142796874999 0.6121656859375 0.7490944390625 0.6405579890624999 0.723195103125 0.65015921875 0.7172189453125 0.6411272015625 0.6957161078125 0.645799753125 0.6852216734375001 0.629802915625 0.6615148703125 0.639722371875 0.642059921875 0.6439499203125 0.6350140890625 0.6574009359375 0.6225935421875001 0.6537426 0.618375984375 0.6427391109375 0.5967399375 0.6410833 0.5879355046875 0.656505784375 0.5738781375 0.6667124171875 0.56731196875 0.6601926015625 0.54890383125 0.6530673828125 0.5512753078125 0.6374534468749999 0.5314092921875 0.6282610296875 0.508547490625 0.6538901484374999 0.502715978125 0.6456213640625 0.4908625765625 0.6505810921874999 0.48527462187500003 0.666099303125 0.49281900468749995 0.6946571453124999 0.48096560468750005 0.6996168734375 0.4796875 0.70901665 0.4796875 1