0 0.03984135 0.515973646875 0.041599432812499997 0.5013307124999999 0.0363886625 0.4928869390625 0.029421114062499996 0.485188471875 0.022101425 0.48597764374999997 0.015717728125 0.49656091093750004 0.026373595312499998 0.512422575 0.0338097921875 0.5180692765625 0.03984135 0.515973646875
0 0.1478824984375 0.4770861421875 0.1441928734375 0.48282057187499994 0.146124415625 0.491729075 0.161172878125 0.4987786609375 0.172533021875 0.4976650484375 0.1803213578125 0.4948241125 0.18401098124999998 0.48908968281250004 0.17751208125 0.47933945 0.171714846875 0.480409196875 0.1661519359375 0.4804530609375 0.15777844375 0.47890989062499995 0.1478824984375 0.4770861421875
0 0.080429825 0.4250996515625 0.0806058953125 0.4208558328125 0.07562944687499999 0.4113861765625 0.0664364734375 0.40648478125 0.057125684375 0.40904514062499997 0.053552568749999994 0.42121544375 0.059993215625 0.427747740625 0.070357809375 0.4275197234375 0.0731101375 0.425888821875 0.080429825 0.4250996515625
0 0.044481328125000004 0.367159409375 0.038858857812499994 0.377882965625 0.0410829765625 0.388983521875 0.0492804 0.3947705125 0.0641541 0.3921662890625 0.071942434375 0.3893253546875 0.0746365078125 0.38447651562499996 0.0672003109375 0.378829815625 0.0602327625 0.3711313484375 0.0578325734375 0.3642746109375 0.0522696640625 0.36431847500000003 0.044481328125000004 0.367159409375
0 0.0464867921875 0.2125143203125 0.057143965625 0.21447835468749998 0.06065751874999999 0.21298774374999999 0.06434714375 0.2072533140625 0.0690323171875 0.2006332875 0.0688575546875 0.190979478125 0.06370503749999999 0.18575364218749998 0.054570317187499995 0.1840701828125 0.046489403125 0.184719065625 0.043853584375 0.1927858359375 0.044086603125 0.20565758281250002 0.0464867921875 0.2125143203125
0 0.0890081140625 0.1166512015625 0.0942784453125 0.11441528281249999 0.0996083375 0.1014996734375 0.0981454453125 0.0905394046875 0.09070924687500001 0.084892703125 0.07759232656250001 0.0867516203125 0.071619021875 0.0920651859375 0.06956836093749999 0.104516065625 0.07255370625 0.1157569109375 0.0797555796875 0.1224294953125 0.0890081140625 0.1166512015625
0 0.5809435828125 0.5390625 0.5854077515625 0.522955515625 0.5849986640625 0.5143275875 0.56977413125 0.511521821875 0.559349978125 0.5224295296875 0.5622686796874999 0.5390625 0.5809435828125 0.5390625
0 0.79727874375 0.39415825312499997 0.7902529406250001 0.38324184843750003 0.7890243703125 0.3712556984375 0.7786002171875 0.38216340781249997 0.7729777453125 0.3928869625 0.779066253125 0.407906896875 0.7891965234375 0.4087047609375 0.79727874375 0.39415825312499997
0 0.8024534578125 0.163124421875 0.79882339375 0.1581791625 0.7840092546874999 0.15010369375 0.7709505875 0.1551805484375 0.7725299890625 0.1725766875 0.787168059375 0.184895975 0.8017491796874999 0.1800996984375 0.7998176390625 0.1711911953125 0.8024534578125 0.163124421875
0 0.8178049453125 0.061185040625 0.81235985 0.05376715 0.7986577703125 0.0512419609375 0.7881766671875 0.0450341046875 0.7892291671875 0.0612640734375 0.7826694 0.0760911609375 0.787645846875 0.08556081875 0.7952581140625 0.0869637015625 0.80708690625 0.083798321875 0.820790290625 0.0724258859375 0.8178049453125 0.061185040625
0 0.7328631421875 0.42611868125 0.737838284375 0.4494859640625 0.7443397968750001 0.4314409421875 0.7415887734375 0.419174215625 0.7454544671875001 0.40919596562500005 0.7352659421875 0.4051801640625 0.7258373390624999 0.41520227812500005 0.7328631421875 0.42611868125
1 0.31875 0 0.31875 0.5390625 0.5220667625 0.5390625 0.5208769484375 0.53458244375 0.5109823078125 0.5188610687499999 0.525739496875 0.509820971875 0.5485776015624999 0.50013199375 0.57528009375 0.49436239375 0.5923183515625 0.5135384171874999 0.6067816578125 0.5162038953125 0.609590934375 0.531688559375 0.625634946875 0.5378525484375001 0.6290363203125 0.5390625 0.6487972265625 0.5390625 0.6324872921875 0.5252175171875 0.6268687390625 0.49424819062500003 0.63383759375 0.4880490296875 0.633604575 0.4751772859375 0.6071946625 0.48313893906249994 0.611939396875 0.46583922343750006 0.6272247953125 0.4440676703125 0.6489521453125 0.4149307859375 0.6577386437499999 0.3834090015625 0.6628342109375 0.371519275 0.66359674375 0.3577619359375 0.6775914015625 0.36247917812499997 0.6958012796874999 0.376525790625 0.7067523359375001 0.3667842515625 0.7013668015625 0.3486866703125 0.703124884375 0.33404373593750003 0.7203405171874999 0.3350783140625 0.7235045453125 0.314280084375 0.7131425625000001 0.286712846875 0.717711228125 0.2736569484375 0.7055898562499999 0.2746302734375 0.6995596046875 0.262828275 0.711154071875 0.26068878125 0.7064715093749999 0.23951355 0.7157836046874999 0.223055565625 0.72017489375 0.2281411125 0.7285496921875 0.2157866578125 0.7287853234375 0.2008631453125 0.7367497281250001 0.19377839375 0.7373957515625 0.17358518125 0.7263877453124999 0.1662111546875 0.7284966609375 0.1569782109375 0.7338848078125 0.1472805375 0.735466821875 0.1368814234375 0.72533785625 0.12218593124999999 0.7242866640625001 0.092058334375 0.7304360375 0.0825009484375 0.735767234375 0.0556877109375 0.7546231359375 0.0495411109375 0.7268681453125 0.03908074375 0.733896559375 0.0222018890625 0.7224842328125 0 0.31875 0
0 0.0028700031250000002 0.9475414859375 0.007436057812499999 0.96228084375 0.016746846875 0.9597204843749999 0.026235010937499997 0.939018678125 0.012943325 0.9312237875000001 0.0090206828125 0.9240864734375001 0.0025787312499999998 0.9314518046875 0.0028700031250000002 0.9475414859375
0 0.036022281249999996 0.8510207890625001 0.0424046734375 0.8543351484375 0.048318417187500004 0.8597012734374999 0.0551125078125 0.84384830625 0.0538839390625 0.83186215625 0.0465642515625 0.8326513249999999 0.03807294375 0.8385699093750001 0.036022281249999996 0.8510207890625001
0 0.2578618359375 0.5743913093749999 0.2622557390625 0.551681603125 0.25681064375 0.5442637125 0.24585958593749999 0.5540052515625 0.24603435 0.563659059375 0.250191315625 0.5697704890625 0.2578618359375 0.5743913093749999
0 0.0905576046875 0.6504650812499999 0.0819497890625 0.6499477921875 0.07703028906250001 0.6575937015625 0.07919615468749999 0.6654763203125 0.0844069265625 0.6739200953125 0.089032540625 0.677979759375 0.09664480625 0.67938264375 0.101740375 0.6674929171875 0.1004535515625 0.6522888296875 0.0905576046875 0.6504650812499999
0 0.13717110937500002 0.6269835953125 0.1450177 0.6273605953125 0.150814934375 0.6262908484375 0.154680628125 0.6163126 0.1545058640625 0.6066587906249999 0.1485921203125 0.6012926640625 0.1391052625 0.6080968437500001 0.1311991109375 0.6183995343750001 0.12522580781249998 0.6237131 0.13717110937500002 0.6269835953125
0 0.5387186078124999 1 0.5414802125 0.98790955 0.53984125 0.9811931015625 0.5334588578125 0.977878740625 0.5243241390625 0.9761952812499999 0.5200493578125001 0.9775456046875 0.5167105671875 0.988690025 0.5161241046875 0.9982035453125 0.5178953546875 1 0.5387186078124999 1
0 0.44316416406250003 0.9772741140625001 0.44972393125 0.9624470265625 0.450602971875 0.955125559375 0.44439665 0.9475673796875 0.4354962546875 0.9448580390625001 0.42876172500000004 0.950031315625 0.42436912812500005 0.9588433937499999 0.422787115625 0.969242509375 0.42395742968750005 0.9780107234375001 0.427060590625 0.9817898125 0.4367222125 0.9846394453125 0.44316416406250003 0.9772741140625001
0 0.6348845953125 0.9228051296875 0.6357623312499999 0.9293812906250001 0.6393923953125 0.9343265515624999 0.65004956875 0.9362905874999999 0.6622887546875 0.927855509375 0.6657440546875 0.9231469609375 0.6643989765625 0.9047249390625 0.6605345890625001 0.9008055609374999 0.6521610953125 0.8992623890625 0.6431428859375 0.9040148015625 0.6369935124999999 0.9135721875 0.6348845953125 0.9228051296875
0 0.7371311203124999 0.857192115625 0.7392982906250001 0.8511771093749999 0.7407042359375 0.8450218125 0.74082205 0.8375600578124999 0.734439659375 0.8342456968749999 0.7220839640625 0.8362449046875 0.7168718859375 0.841698759375 0.7175152984375 0.8493008015625 0.7197394171875 0.8604013578125 0.7294010390625 0.8632509890625 0.7371311203124999 0.857192115625
0 0.9331263328125001 0.8013728109375 0.9289680609375001 0.80915900625 0.9324220562499999 0.8183480843750001 0.9423180015625 0.8201718328125001 0.9479987265624998 0.8126662124999999 0.9445447328124998 0.8034771359375 0.938162340625 0.8001627734374999 0.9331263328125001 0.8013728109375
0 1 0.6977252328125 0.9990126609375001 0.696986884375 0.9851345125 0.6987055124999999 0.9834929390625 0.71978431875 0.9856588046875 0.7276669390625 1 0.724473159375 1 0.6977252328125
0 0.9871851750000001 0.6862546328125 0.9738934890625 0.678459740625 0.9655782515624999 0.6801345046875 0.9552719109375001 0.6835804609375 0.95117189375 0.6945845921875 0.9514049124999999 0.7074563375 0.958841109375 0.7131030390624999 0.9704355781250001 0.7109635453125 0.9819135375 0.7023881765625 0.9871851750000001 0.6862546328125
1 0.31875 0.5390625 0.31875 0.797831934375 0.321089690625 0.7997620265625001 0.3362546625 0.8132474843749999 0.3539376390625 0.826127925 0.3686935234375 0.8309854546875 0.3800523609375 0.8437694734375001 0.38836629375 0.855992334375 0.3944548015625 0.87101226875 0.40669268125 0.8764748171875001 0.4096197734375 0.8844977265624999 0.4256637859375 0.8906617171875 0.4410630828125 0.9031212921874999 0.44803063125 0.9108197593749999 0.45839391875 0.92448936875 0.473560196875 0.9240771984375 0.482111065625 0.907478925 0.49505191718749997 0.9098638265625001 0.49610702812500007 0.898298540625 0.51004343125 0.8997978484375 0.5222813125 0.905260396875 0.5406090046875001 0.9118452515625 0.5540754546875 0.9292939515625 0.5553648890625 0.9167027828125001 0.5596409765624999 0.90145483125 0.5653799562499999 0.8971671499999999 0.5722309953125 0.8984297437500001 0.571586278125 0.9047253281250001 0.5778508546875 0.9155014421875001 0.5877468 0.917325190625 0.60221010625 0.91999066875 0.614098459375 0.9061456 0.613456353125 0.8846459296875 0.6228253968749999 0.8853035078125 0.6246986828125 0.8909940734375 0.623643571875 0.9025593578125001 0.6332469390625001 0.902191053125 0.6396306359375 0.8916077859375001 0.6507564578125 0.8915200562500001 0.6652793234375001 0.8835058453125001 0.670607909375 0.8844878625 0.6870040625 0.8821642140625 0.6837843921875 0.8719492531249999 0.6889382140625 0.8632774624999999 0.7007683124999999 0.8462144578125 0.7131822624999999 0.8474331890624999 0.71903905625 0.8356837515625 0.731570821875 0.8294407249999999 0.7341483859375 0.8181560171875001 0.735613890625 0.8013210281250001 0.742523184375 0.8058015609375 0.7518339734375 0.8032412015624999 0.7514261906249999 0.78071565 0.7664177046875 0.77064966875 0.7814674734375 0.763801628125 0.794351378125 0.7490709640625 0.8100458640625 0.7359273375 0.8195340281250001 0.7152255328125 0.8260937937499999 0.700398446875 0.8314223796875 0.7013804640625001 0.8446584234374999 0.678162165625 0.853031915625 0.6797053375 0.8691354890625 0.6751896343749999 0.8778611203125 0.6682451703125001 0.8910958578125001 0.658924496875 0.89150755625 0.6397571671875 0.8857698828124999 0.6301472218749999 0.8888160953125 0.61681075 0.88378139375 0.60412315625 0.8908680624999998 0.5904622421875 0.8976608468750001 0.5885068999999999 0.904980534375 0.5877177296875 0.911482046875 0.5696727078125 0.9052174703125001 0.5588965921875 0.8966096531249999 0.558379303125 0.89772301875 0.5500319546875 0.9021156156250001 0.541219875 0.91804311875 0.5409479937499999 0.9189298906250001 0.5390625 0.31875 0.5390625
0 0.31875 0.8702399984374999 0.3245967171875 0.8677595515625001 0.331917709375 0.8530727531250001 0.33121604375 0.8422527750000001 0.3194468109375 0.8347384609375 0.31875 0.8349058890624999 0.31875 0.8702399984374999