0 0.3641382375 0.3329708484375 0.3678875171875 0.3270506328125 0.369630725 0.321693040625 0.37253606875 0.31276371875 0.3574386546875 0.3129406875 0.34941436875 0.31519117812499997 0.3418120515625 0.31894621875 0.34434385 0.327973540625 0.3551109171875 0.3355026484375 0.3641382375 0.3329708484375
0 0.240291009375 0.362024859375 0.250425128125 0.3672971390625 0.26029638125 0.367774446875 0.267476734375 0.36251485156249996 0.27017109375000004 0.3528332515625 0.261199115625 0.34398924375 0.2478967875 0.3428513171875 0.2342762578125 0.34829422499999996 0.2333251 0.35261823125 0.240291009375 0.362024859375
1 0.409375 0 0 0 0 0.34362741875 0.0095582359375 0.3455911984375 0.016423842187500003 0.3314939375 0.0441906359375 0.3301980640625 0.054539196874999994 0.3208041171875 0.055597571874999994 0.30914699843750004 0.0852113328125 0.3105789203125 0.0930280953125 0.2921576546875 0.100312209375 0.2949834484375 0.1127152625 0.30448807499999997 0.124751690625 0.30111234375 0.128289984375 0.29443985 0.1430726546875 0.285425215625 0.166035253125 0.286288171875 0.1946459796875 0.28800140625 0.20742257656250002 0.279549390625 0.21191202812499998 0.2685528921875 0.2138143359375 0.25990488125 0.21603485 0.244676034375 0.207643940625 0.23404616250000002 0.22453644375 0.23255429218749998 0.24443805312500003 0.2302184890625 0.264502225 0.20917376562499998 0.2716306953125 0.19987147656249998 0.293700940625 0.17826413125 0.3094866453125 0.16896818281249998 0.30489689375 0.156460790625 0.3157227625 0.137195590625 0.332034196875 0.137489584375 0.34011382343749996 0.12386328906249999 0.361492315625 0.1267934234375 0.3715745515625 0.1280230078125 0.38915534687500003 0.1174121609375 0.38799666718750003 0.1055653875 0.3676212109375 0.1023539421875 0.378236096875 0.082336465625 0.396346078125 0.0658970609375 0.40595446874999996 0.061579396875000005 0.409375 0.0582441046875 0.409375 0
0 0.8983164968749999 0.10903170312499999 0.8947816609375 0.10028569375 0.8820604031249999 0.09736190156249999 0.8647459328124999 0.09734921875 0.8597826359375 0.10279846875000001 0.8715527390624999 0.11004626718749999 0.8895001593749999 0.11231577968749999 0.8983164968749999 0.10903170312499999
0 0.83981530625 0.1627655828125 0.8486835234375001 0.1635242015625 0.8560748593749998 0.159016884375 0.8600351203125001 0.15384894531249999 0.8599832390625 0.14980625 0.8570813546875 0.14331707031250002 0.8453112515625001 0.136069271875 0.8342778593750001 0.1391636953125 0.82952554375 0.14536522031250002 0.8300512734375001 0.15495516250000002 0.8314762765625 0.15617840624999998 0.83981530625 0.1627655828125
0 0.9654714421874999 0.3060428890625 0.956710446875 0.29795115625 0.9535422375 0.3020855078125 0.9426160687500001 0.2978468171875 0.9544380515625001 0.309137309375 0.957180834375 0.31891690625 0.9589724609375001 0.333020509375 0.9689993593749999 0.34562590000000004 0.9838339093750001 0.34065395781249996 0.983200959375 0.338397128125 0.9798252281250001 0.32636070156249997 0.9768714609375 0.3158288265625 0.9654714421874999 0.3060428890625
0 0.6146753203124999 0.15855800312499999 0.61298399375 0.1679582921875 0.6201608859375 0.1781171984375 0.632038209375 0.178031884375 0.6424386515625 0.17268063281249998 0.6411208703125 0.1641242765625 0.6390110390625 0.156601509375 0.6351579984375 0.15443633750000002 0.6218556718749999 0.153298409375 0.6146753203124999 0.15855800312499999
0 0.515585778125 0.187160075 0.5193315937499999 0.1966583609375 0.52281455 0.20136167500000002 0.530468746875 0.20164932812499997 0.5382820500000001 0.1986465640625 0.5445665875 0.1863351671875 0.5418756859375 0.18059826406249999 0.537970765625 0.1743903953125 0.5288915624999999 0.17287950000000002 0.5156929984375 0.17982696250000002 0.515585778125 0.187160075
1 0.409375 0 0.409375 0.104284471875 0.4156765203125 0.1048235265625 0.42264588906249995 0.098811653125 0.4219610578125 0.0925121296875 0.4368993703125 0.09562557656250001 0.445712246875 0.10776000156250001 0.4647145828125 0.1137909 0.48434987031250004 0.12207862656249999 0.494539328125 0.11597509843750001 0.5105256375 0.15368693125 0.513012475 0.127834553125 0.542577815625 0.10980527968750001 0.5732464937499999 0.11499858593750001 0.5933037453125001 0.12479086718750002 0.61294249375 0.1176600921875 0.6133125765624999 0.1151219515625 0.6412350140624999 0.1259541609375 0.6548555453125 0.120511253125 0.6770814296875 0.1110319921875 0.6775068578125 0.09711804375000001 0.694347478125 0.0915834796875 0.713564259375 0.08294815 0.7263408578125 0.0744961359375 0.7292911640625 0.1004465125 0.7475049078125 0.09209249375 0.766085278125 0.09661883906249999 0.7731030671875001 0.1100681625 0.795062628125 0.1112124328125 0.811796028125 0.11301098125 0.799818403125 0.0895924046875 0.8078980281250001 0.0759661078125 0.8476424484375 0.0980888109375 0.8622660156249999 0.09236459218750001 0.841101965625 0.07476823437499999 0.8245345875 0.0388422640625 0.8234277890625 0.0310381859375 0.8787019703125001 0.008232965625 0.8883914781249999 0 0.409375 0
0 0.31473605625 0.7202962171875 0.32149098125000003 0.72895056875 0.33722134531250003 0.731030428125 0.3471998203125 0.7241746234375 0.34551195468749996 0.7181564093749999 0.34081498125 0.712982128125 0.33231685 0.70968536875 0.3196474734375 0.7108042703125 0.31473605625 0.7202962171875
0 0.3434159625 0.6489596343749999 0.343678825 0.65375460625 0.3534428578125 0.6615650265624999 0.36574214843749997 0.662984265625 0.384007775 0.65867294375 0.38026195625 0.6491746562499999 0.3655346265625 0.6468134859375001 0.3540273875 0.644360659375 0.3434159625 0.6489596343749999
0 0.3065699671875 0.6487446125 0.30910176875 0.657771934375 0.3229851640625 0.6571239984374999 0.3328045359375 0.653558609375 0.34040685625 0.6498035671875 0.3415689921875 0.646231840625 0.3432603203125 0.6368315499999999 0.3369792421875 0.633724446875 0.3311720125 0.6361645890625001 0.32657879843750004 0.6390756984375 0.3181325484375 0.6398216343750001 0.3065699671875 0.6487446125
0 0.2681952296875 0.40390073906249996 0.275320240625 0.41001695156249995 0.283870253125 0.41735640625 0.29168355625000003 0.4143536390625 0.301502928125 0.41078825312500006 0.295432834375 0.408433425 0.29479988437500004 0.40617659375 0.2888888921875 0.4005313484375 0.27579754843750004 0.40014569843750003 0.2681952296875 0.40390073906249996
0 0.22437640781249998 0.425116090625 0.2249021359375 0.434706034375 0.23207902812499998 0.44486494062500004 0.24073626250000002 0.44487128125000003 0.2502927703125 0.436510925 0.2528799109375 0.43416243750000005 0.2503481109375 0.4251351171875 0.2460731046875 0.4214653890625 0.23477684999999998 0.4197648390625 0.22437640781249998 0.425116090625
0 0.1909511078125 0.4718171953125 0.19749504843750001 0.4797192734375 0.20594130000000002 0.4789733375 0.21027164843750001 0.47126725625 0.211119040625 0.45885786250000005 0.20721412031250003 0.45264999375 0.196128846875 0.45170172031250005 0.189792428125 0.45997042343750005 0.189474225 0.4665512578125 0.1909511078125 0.4718171953125
0 0.136365178125 0.95614388125 0.13589133125 0.9505966328125 0.12079391718750002 0.9507736046874999 0.11466848125 0.9597945843750001 0.11561617500000002 0.970889078125 0.1248544796875 0.96910955625 0.1372091109375 0.9591529874999999 0.136365178125 0.95614388125
0 0 0.975403159375 0.0060777703124999995 0.9853812046874999 0.01832518125 0.98275775 0.0277225875 0.977687809375 0.03469195625 0.9716759374999999 0.039233287500000005 0.9647221328125 0.036753367187500004 0.9597375078125001 0.033481396875 0.9557864703125001 0.026989335937499997 0.9519270875 0.016115046875 0.9517310921875 0.0075096921875 0.9557674437500001 0 0.9688326953124999 0 0.975403159375
1 0 0.36875 0 0.8986378312500001 0.004144340625 0.8974755109375 0.01966718125 0.8833845921875 0.023049834375 0.864584015625 0.0328207859375 0.8415574328125001 0.04084853125 0.8238884421874999 0.06666459375 0.8117793828125001 0.0620229609375 0.7952292953125 0.094227321875 0.7788942296875 0.1041539171875 0.7679957296875 0.136199175 0.7549510828124999 0.1591617734375 0.7558140390625001 0.18582176718750001 0.7467140890625 0.1763759421875 0.73232283125 0.1662937046875 0.7310932484375 0.16376190468750002 0.7220659265625 0.169887340625 0.7130449484375 0.17960294999999998 0.701394171875 0.2036239265625 0.6906000125 0.2260607953125 0.681873028125 0.232452553125 0.66222851875 0.21788432656249998 0.65657693125 0.2104411125 0.6570415546875 0.20410815312500002 0.6498917546875 0.21915368750000003 0.645672090625 0.21741394062500002 0.63561118125 0.2029494734375 0.63804498125 0.20200178124999998 0.6269504859375 0.2035340046875 0.6208406156249999 0.2197416765625 0.613049221875 0.2235981765625 0.59979589375 0.220592528125 0.585221325 0.21610653906250002 0.5807993203125 0.22086231406249998 0.5591792921875001 0.21120550312500003 0.544035759375 0.1991725359375 0.5319929906249999 0.1966926171875 0.527008365625 0.1976991125 0.5113085515625 0.1920025640625 0.49099708125 0.186672640625 0.4835659703125 0.184037078125 0.46645326093749995 0.17512043906250002 0.4462334453125 0.1559624625 0.42807446406250005 0.1508988640625 0.4100198234375 0.1241869859375 0.41507708125000004 0.109200253125 0.3925024375 0.0946420796875 0.36875 0 0.36875
0 0.26446731562500003 1 0.27656188125000003 0.9931005671875 0.2754550859375 0.9852964890625 0.26648310468749997 0.9764524796875002 0.2510156046875 0.97916759375 0.24172195937500002 0.9923229234375001 0.239397684375 0.9994663796874999 0.24216915625 1 0.26446731562500003 1
0 0.922980796875 0.5255347859375 0.9339623078125001 0.5183976687499999 0.9358127374999998 0.5057069625 0.9227213937500001 0.5053213125 0.9145380062499999 0.51086221875 0.9120027453125001 0.5172534 0.922980796875 0.5255347859375
0 0.8107722500000001 0.441778996875 0.802958946875 0.4447817640625 0.79561949375 0.4533317765625 0.80416950625 0.46067123125 0.8102396015625001 0.4630260578125 0.815624865625 0.4590813609375 0.819533246875 0.44987072812499995 0.8176343968750001 0.4431002390625 0.8107722500000001 0.441778996875
0 0.8092781921875 1 0.8070056343750001 0.995432165625 0.7999325031250001 0.9933586468750001 0.78119303125 0.9921227218750002 0.7692084859375 0.9995411484375001 0.7692017765625 1 0.8092781921875 1
0 0.6083561796875 0.7963503359375 0.6100440453125 0.8023685484375 0.6154258484375 0.8138423546875 0.626192915625 0.8213714640625 0.6426081124999999 0.8297508468749999 0.641345671875 0.8098186859375 0.639765028125 0.7964673578125 0.6334839515625 0.7933602546875 0.61675055 0.79156170625 0.6083561796875 0.7963503359375
0 0.6084634 0.7890172234375 0.6163804640625 0.794099846875 0.6412972515625001 0.7903574890625 0.6415635749999999 0.779733959375 0.6352824984375001 0.776626853125 0.62604419375 0.7784063765625 0.61421875 0.7825343859375 0.6108395578125 0.785916459375 0.6084634 0.7890172234375
0 0.6199740984375 0.776051546875 0.6203441843749999 0.7735134078125 0.617601403125 0.7637338093749999 0.6121642578125 0.7636358109375 0.6023448859375 0.7672011984375 0.5999133859375 0.7816777687500001 0.6109986609375 0.7826260406250001 0.6199740984375 0.776051546875
0 0.7800620328125 0.856927934375 0.7916246124999999 0.848004953125 0.784447721875 0.8378460484375001 0.773151465625 0.8361454984375001 0.7602711046875 0.8365121234374999 0.7620627328125 0.8506157265625 0.769450609375 0.8615269093750001 0.7800620328125 0.856927934375
1 0.409375 0.36875 0.409375 0.7740329671875 0.42307475468749994 0.7760953421875 0.43136536249999996 0.763221325 0.43062865156249996 0.752879103125 0.4460408125 0.7615398 0.46451741875 0.757980753125 0.46130078750000003 0.7426539078125 0.46827015625 0.7366420359375001 0.478722478125 0.7353334796875 0.4936607921875 0.7384469250000001 0.50722944375 0.7289613218750001 0.518632921875 0.723328759375 0.52343365625 0.7365884296875 0.5413291953125 0.7348152484374999 0.5446530468749999 0.7428089812499999 0.5628633296875 0.7498734671875 0.572367959375 0.7374704140625 0.569784278125 0.7244003984375 0.5861510515624999 0.7133185859375001 0.578078346875 0.6961078781250001 0.5735404765625 0.6876431796875 0.5841000203125 0.679001509375 0.5945973046875 0.71257265 0.6177708859375001 0.714187884375 0.635033475 0.7101578749999999 0.6855968406249999 0.74385238125 0.6269676875 0.6621101625 0.6431234796874999 0.6502760750000001 0.6646645343750001 0.6344972890625 0.6955476562499999 0.6250243687499999 0.6909060234375 0.60847428125 0.6913314500000001 0.5945603328125 0.6874265296875001 0.5883524640625 0.6953470515625 0.5780165875 0.7024755234375 0.568714296875 0.7187316171875 0.5803840984375 0.733621509375 0.5640363484375 0.7188422984375 0.557632484375 0.7193714859375 0.551803925 0.7326738125000001 0.552941853125 0.7426522890625 0.546086046875 0.7610216750000001 0.549860115625 0.7670952296875 0.5367964421875 0.761291459375 0.5238180828125 0.74323681875 0.52888168125 0.7328917171875 0.5228571265624999 0.7261367906249999 0.5142027718750001 0.7430292953125 0.5127109015625 0.7657324875 0.4933603875 0.7760326281250001 0.46450524531250004 0.768696634375 0.45763675625 0.7392350546875 0.4837514203125 0.743779846875 0.4613791140625 0.760357603125 0.451049578125 0.7643732078125 0.4345058328125 0.788338840625 0.4350874796875 0.799531334375 0.42870264062499996 0.794837821875 0.408109859375 0.7672820109374999 0.410158009375 0.8078254031250001 0.4004101203125 0.80181065 0.386679484375 0.7823863484375 0.379144034375 0.779471240625 0.36875 0.409375 0.36875