0 0.026839971875 0.312598340625 0.0319104921875 0.3202716859375 0.0417330578125 0.3239153671875 0.049244625 0.30899346875 0.0489261515625 0.29729045468750004 0.035798828125 0.2896074046875 0.0273802 0.2916149625 0.0246206796875 0.3025071921875 0.026839971875 0.312598340625
0 0.24692475468750003 0.10544430625000001 0.2543496234375 0.11796295781249999 0.26299501406250003 0.11918398593749999 0.27218314062500004 0.117379125 0.2689675859375 0.1038566953125 0.2642588875 0.0941660875 0.25081559531250003 0.0927375125 0.24692475468750003 0.10544430625000001
0 0.44445653749999997 0.136351140625 0.455728896875 0.14988327031249998 0.46528134843749996 0.164018640625 0.47890805625 0.182396075 0.49905006875 0.1824203296875 0.493299253125 0.1650612265625 0.472339384375 0.14263957031250002 0.446446559375 0.12525621250000002 0.44445653749999997 0.136351140625
0 0.26378244375 0 0.257185821875 0.0078002203125 0.256734796875 0.0193005390625 0.2698162671875 0.022746373437500002 0.2884192828125 0.0223652359375 0.298466109375 0.0112800109375 0.297469846875 0.0078487296875 0.290396934375 0 0.26378244375 0
0 0.8489552734375 0.388805384375 0.8524842921874999 0.3781158515625 0.849903178125 0.3700419625 0.8475488296875 0.36519666093750003 0.8405316359375 0.35489796406249996 0.8273609625 0.3609351890625 0.8232892109375 0.3746506140625 0.8331576312500001 0.3825315078125 0.8420297890625001 0.3869811203125 0.8489552734375 0.388805384375
0 0.7483558640625001 0.4296875 0.7478425468750001 0.42237913593750004 0.7445377890625 0.418339765625 0.739105446875 0.41268367812499995 0.7341266359375 0.4134847609375 0.724395778125 0.418315509375 0.7258492921874999 0.4296875 0.7483558640625001 0.4296875
0 1 0.27120625625 0.9951832515625 0.2699374609375 0.9919702015624999 0.2743725203125 0.987852596875 0.2838507296875 0.9893482437500001 0.297976396875 0.995957759375 0.3060551359375 0.9975884656249999 0.31493495781249997 1 0.31744581875 1 0.27120625625
0 0.8982848499999999 0.338422409375 0.904756803125 0.3337895046875 0.9067926796875 0.32693179375 0.9088285546874999 0.32007408125 0.89846325625 0.319456290625 0.8905415078125 0.31420074375 0.8856085499999999 0.31923904062499997 0.8855193484375 0.32872210156250004 0.8881004625 0.336795990625 0.8982848499999999 0.338422409375
1 0.5390625 0 0.5390625 0.3955762140625 0.547686303125 0.3971186890625 0.562849503125 0.3979440265625 0.575704209375 0.3981612765625 0.602636646875 0.40525564062499997 0.6199732859375 0.41193490937500005 0.6335974890625 0.4123548546875 0.641427528125 0.40913597343749997 0.65564031875 0.41076724374999996 0.6658247078125 0.4123936640625 0.690084325 0.40293971093750003 0.6932540265625 0.41222492343750006 0.7038002359375 0.41183408593750004 0.727924796875 0.40762597500000003 0.7310919921875 0.39895369999999997 0.7462551921875 0.3997790375 0.7645397359375 0.3876948859375 0.7739087703124999 0.38488139375 0.779157696875 0.373588621875 0.7841798578125 0.3590672640625 0.79078686875 0.3491885140625 0.7984359968750001 0.3469782609375 0.8100701796875001 0.358493134375 0.81921245 0.3524510578125 0.8298937171875 0.3468143734375 0.8461882390625 0.3458251484375 0.848904409375 0.348653190625 0.8584110078125 0.358551346875 0.8669213421874999 0.3650182171875 0.8766088515625 0.3739077421875 0.8918637593750001 0.3832075109375 0.9082499875 0.3906927140625 0.912413446875 0.38545172031249997 0.908382540625 0.3674893796875 0.8922230765625001 0.3632327609375 0.8859753828125001 0.35313676250000003 0.8666003640625 0.33535771406250003 0.8754241640625 0.317612621875 0.8873718078125 0.3049155296875 0.8995003640625001 0.2912098078125 0.908370015625 0.27770193125 0.9149311734375001 0.2635859671875 0.920269303125 0.242810134375 0.9273731921875001 0.22566827968749997 0.9294549234374999 0.223047784375 0.943848625 0.22367042656249997 0.9557987749999999 0.2289308234375 0.9664800421875 0.2232941390625 0.9638989296875 0.2152202515625 0.9637613671875 0.20250860624999997 0.960003078125 0.1920120671875 0.953892946875 0.1946277109375 0.9442054375 0.1857381859375 0.9561530812499999 0.17304109375 0.9650710937500001 0.1817279234375 0.9745776906250001 0.19162607812500002 0.9820000546875001 0.1861872375 0.9849404859374999 0.17428637656249998 0.9835798953125 0.154914865625 0.9755664390625001 0.141184890625 0.97828010625 0.12605544375 0.9591343578124999 0.1294624703125 0.9584999171875002 0.1240139296875 0.966691778125 0.11877778593749999 0.9707635296875001 0.1050623640625 0.9735230500000001 0.0941701328125 0.9755130734375002 0.0830752046875 0.9767794484374999 0.0760147984375 0.9867829265625 0.0786498484375 1 0.0801668359375 1 0.0787742734375 0.9857841593749999 0.057261074999999995 0.99533410625 0.0534389546875 0.998908978125 0.0469866375 0.9971407124999999 0.025395168750000002 0.9863218828125 0.018320209375 0.9948297109375 0.0068295921875 0.9960546890625 0 0.5390625 0
0 0.7678928515625 0.4139289609375 0.7744998625 0.40405020937499997 0.77744029375 0.3921493484375 0.7725506859375 0.3834673734375 0.7679336953125 0.38225119687500003 0.7579327234375001 0.3975736359375 0.758251196875 0.4092766515625 0.7678928515625 0.4139289609375
0 0 0.9255328421875 0.00083414375 0.9261666953125001 0.0057862781250000005 0.924985778125 0.0125489953125 0.924281796875 0.014890196875000001 0.9112289406249999 0.002587834375 0.9005322109375001 0 0.899850540625 0 0.9255328421875
0 0.51734293125 0.77391859375 0.5091953015625 0.7717724 0.5072258265625 0.77746705 0.505684971875 0.8019149125 0.5127144718750001 0.8050092624999999 0.5215006109375 0.8035955874999999 0.5252267234375 0.7933929125000001 0.5230954109375 0.784132684375 0.51734293125 0.77391859375
1 0 0.4296875 0 0.8238972859375 0.008061746875000001 0.8224421328125 0.00955455 0.835262228125 0.013604337499999999 0.8549693031250001 0.0216980203125 0.852130540625 0.0352774015625 0.85570753125 0.0531164609375 0.8566785156249999 0.0677090265625 0.8704638890624998 0.084376009375 0.8673980734375 0.1078086578125 0.8847547296875 0.128309646875 0.88145615625 0.1266069546875 0.89094914375 0.133744346875 0.904013409375 0.1490234734375 0.8769709593750001 0.14993171249999998 0.8983358828124999 0.16782471875 0.9042918249999999 0.1853401015625 0.875353059375 0.2020070859375 0.8722872421875 0.21340415625000003 0.88274550625 0.22799377187499997 0.875404421875 0.2234163125 0.8903535890625001 0.21575125 0.9119455671875001 0.240353028125 0.9122125671875001 0.2499905125 0.9060523984375 0.2581891390625 0.8920570953125001 0.27288370156249997 0.8735594703124999 0.279433584375 0.8740421109375 0.29977568125 0.876915115625 0.311382640625 0.8650603 0.31750390156249997 0.8467897265625 0.321334959375 0.8254305078125 0.3183493546875 0.799790315625 0.3334725375 0.8000459031249999 0.34273534687499996 0.7801174828125 0.3557782171875 0.7549713421875 0.362061315625 0.7516556484375 0.3786714078125 0.7224784124999999 0.38617758125 0.7070580203125 0.4091786609375 0.68453500625 0.423501496875 0.6733955875 0.42658910156249996 0.6667527812499999 0.441763284375 0.6508668671875 0.44010864375000003 0.6230918953125 0.45011490781249996 0.5884470640625 0.45533087656250004 0.569938025 0.4612393 0.552854078125 0.47396438906249994 0.5400511015625 0.47444106093749994 0.521536353125 0.4676753953125 0.5011138796875 0.4789645734375 0.501602225 0.49792176250000003 0.5016250531249999 0.4901429140625 0.4709941953125 0.4739555484375 0.476671725 0.4808202625 0.4436847421875 0.48627455468749997 0.4296875 0 0.4296875
0 0.4902469546875 0.8351289468750001 0.4733131890625 0.8343964296875 0.465699125 0.8398469046875 0.46378359687500004 0.8505265140624999 0.46793832812499997 0.8590770484375 0.48061241718750003 0.8624155734375 0.49371217968750003 0.8633808515624999 0.494830309375 0.8624326953124999 0.4980768015625 0.8496183046875 0.4902469546875 0.8351289468750001
0 0.9505644671875 0.7075211734375 0.9544524171875001 0.7122733718750001 0.9637721203125 0.7184563671875 0.9711733453125 0.714192515625 0.9758047515625 0.7042283031250001 0.9727681468749999 0.6947296125 0.96462051875 0.6925834171874999 0.9490716625000001 0.6947010765625 0.9505644671875 0.7075211734375
0 0.9232076015625001 0.80718610625 0.9248053484375 0.8088496609375 0.9275212249999999 0.8095650593749999 0.9369458734375 0.8045915156250001 0.93587874375 0.7893981734375 0.9229378718750001 0.7822613125 0.9188910296875001 0.7836806953125001 0.9167626640625001 0.795546925 0.9175090671875001 0.8019569750000001 0.9232076015625001 0.80718610625
0 0.909436915625 0.57738965625 0.9102343140624999 0.5676582046875 0.9049614531250001 0.5600558265625 0.892554146875 0.5605156375 0.8876559578125001 0.5666815125 0.890746509375 0.5811651624999999 0.8968707171875 0.5840210499999999 0.9045387265624999 0.58355553125 0.909436915625 0.57738965625
1 0.5390625 0.4296875 0.5390625 0.9002948703125 0.5498820624999999 0.9064344281250001 0.559678440625 0.8941026765625001 0.5818311234375 0.8974526140624999 0.5963128484375 0.8801416140625001 0.605524659375 0.8763546921875001 0.618624421875 0.87731996875 0.62645426875 0.8918093265625 0.6358789171875 0.8868357843750001 0.6438166562500001 0.9112950609375 0.6564907453125001 0.9146335859375 0.671769871875 0.8875911312500001 0.6816741390625001 0.8852292984375 0.7095763546875 0.8776668703125001 0.7202780234375 0.8655735875000001 0.72389624375 0.8454009906250001 0.7381111875 0.8242916546875 0.73219686875 0.7991226875 0.7449219578124999 0.7863197140625 0.7620656125 0.7647391515624999 0.77079780625 0.7583405171875001 0.782722546875 0.734142534375 0.7879924625 0.7206184546875 0.8017817328125 0.7018823624999999 0.814030146875 0.707594134375 0.8282990390625 0.6914697546874999 0.8403826703125 0.6611001921874999 0.8532666484375 0.6421256359375 0.8585875609375 0.61246005625 0.8623646718749999 0.58611588125 0.8652904390625 0.564518196875 0.875566434375 0.5547981609375 0.8829676609374999 0.5505343078125 0.8859473734375 0.5339215796875 0.8893527578124999 0.5149356125 0.8969128749999999 0.504500175 0.903354865625 0.4950128953125 0.899305078125 0.47530582031249996 0.8879080078125 0.46484755624999996 0.8914722828125001 0.43969000312500006 0.8975425453125 0.4375609296875 0.90920345 0.430691071875 0.9183103171875 0.43806069062499997 0.9272043468750001 0.4466169328125 0.9384935234375 0.4471052796875 0.9485566828125 0.438571865625 0.9484605375000001 0.4296875 0.5390625 0.4296875
0 0.8759794171875 0.8432103703125 0.8791239125000001 0.86267898125 0.893767475 0.8603228546875 0.9000505765625 0.8570071578124999 0.8981320984375 0.8465603093750002 0.8844987734374999 0.8379983609374999 0.8759794171875 0.8432103703125