0 0.4467789015625 0.025447489062500002 0.45772650625000005 0.022543637499999998 0.461592121875 0.013938826562500001 0.456822215625 0.0018285375 0.44430893281249995 0.004850453125 0.43885942031249997 0.0104572046875 0.44046153437499996 0.01657138125 0.4467789015625 0.025447489062500002
0 0.6294741859374999 0 0.6291136500000001 0.0002674125 0.6252844703125 0.015104459375 0.6253755578125 0.0306850578125 0.630096884375 0.034485693750000004 0.641809109375 0.0284066921875 0.6534545375 0.01090191875 0.64244620625 0.0034187046875000003 0.6331036671875 0 0.6294741859374999 0
0 0.0098159703125 0.30260106875 0.0028372171875000003 0.314558121875 0.0076071234375 0.3266684109375 0.013105215625 0.3293713125 0.022487140625 0.3265855234375 0.031013356250000002 0.31139428750000003 0.0246838453125 0.300440765625 0.0175897109375 0.292662396875 0.0098159703125 0.30260106875
0 0.192193228125 0.2846919375 0.19681132031249998 0.2708345640625 0.19207177656250002 0.263917809375 0.1701279875 0.261415859375 0.16393814375 0.2743525875 0.1710322765625 0.2821309578125 0.1804567109375 0.2866161140625 0.192193228125 0.2846919375
0 0.251513428125 0.384135234375 0.21784526718750002 0.385634875 0.217899921875 0.3949832328125 0.254013759375 0.40992580156249997 0.26809879531249997 0.40782453125 0.2617449921875 0.392716184375 0.251513428125 0.384135234375
0 0.27041695 0.4024539046875 0.2805270609375 0.390260725 0.275745009375 0.3760730234375 0.26635093906249996 0.3767814 0.24992953125 0.3811371765625 0.27041695 0.4024539046875
0 0.3001952046875 0.40540424531249997 0.2961777734375 0.3880413921875 0.2836948546875 0.3962568390625 0.27746250156249996 0.401922621875 0.2791071234375 0.41530774375 0.29165077031250003 0.41747936093750004 0.3001952046875 0.40540424531249997
0 0.534123428125 0.0957592875 0.5341962984374999 0.108223765625 0.5436328796875001 0.11478633437500001 0.5569350734375 0.11274409375000001 0.5576268234375 0.097104465625 0.5505326890625 0.08932609687500001 0.5434810640625 0.088818671875 0.534123428125 0.0957592875
1 0.7 0.459375 0.7 0.08244494218750001 0.69302158125 0.080659803125 0.6782144328124999 0.093207171875 0.668019303125 0.090858459375 0.6500140015625 0.0922161796875 0.64145135 0.1011751765625 0.6179601 0.10190740937500001 0.613196265625 0.0908358265625 0.5998454921875 0.0845684140625 0.596859875 0.10973349531250001 0.5913071296875 0.0976822375 0.5709472359375 0.098178346875 0.5648059734374999 0.1194247265625 0.5750557546875 0.131121796875 0.575140771875 0.1456636875 0.5610193015625 0.1415327203125 0.5525477390625 0.1660723125 0.53847485 0.17025099531250001 0.549307075 0.1476117203125 0.5405986828125 0.1316417640625 0.521039846875 0.1351949609375 0.5203966765625 0.15914424062500002 0.5008864203125001 0.1710070890625 0.51200405625 0.1971870171875 0.4994847015625 0.1991702265625 0.48377933593750005 0.192041203125 0.486012475 0.172128684375 0.4750345078125 0.1698390046875 0.45707778593750004 0.1795063765625 0.46661759687500004 0.20372695625 0.46905113125 0.2180917546875 0.4627884171875 0.2185640046875 0.452575071875 0.21309917343749998 0.443296378125 0.233542971875 0.4613684796875 0.243611021875 0.44657347812500003 0.25823580156250003 0.42082479843750004 0.274725728125 0.41369422968749997 0.26071511875 0.3957253609375 0.2683050796875 0.40684907031249995 0.2955237140625 0.389918090625 0.346680315625 0.3452112375 0.33550321250000004 0.3461944703125 0.3697214953125 0.380815503125 0.39724660312500004 0.3762034828125 0.41214268125000003 0.3690486234375 0.39397724843750004 0.35419289374999996 0.3982149640625 0.34647988125 0.4185407 0.327764609375 0.43242192968750004 0.3262839484375 0.447081884375 0.3427964421875 0.458306703125 0.343288671875 0.459375 0.7 0.459375
0 0.9692069140624999 0.11599948906249999 0.9597824796874999 0.1115143328125 0.9496602218750001 0.12163009843749999 0.94976345625 0.139288109375 0.9638970703125 0.145496490625 0.9740314718749999 0.13745813906249998 0.9747292953125001 0.122857215625 0.9692069140624999 0.11599948906249999
0 0.7 0.0809416046875 0.7098988687500001 0.10333896718749999 0.720087925 0.104648971875 0.72791024375 0.10301995156249999 0.7301858921875 0.0903783796875 0.7254402765625 0.08242291562500001 0.7215078625 0.079601953125 0.7151844234375 0.069687140625 0.7 0.0775683171875 0.7 0.0809416046875
0 0.7406360671875001 0.136352765625 0.7436763375 0.1205360421875 0.743633828125 0.113265096875 0.7404417453125001 0.10311415625 0.7380993 0.10432995625000001 0.7279648984375 0.1123683109375 0.7265206703125 0.13326050312499998 0.732831965625 0.14109790312499998 0.7406360671875001 0.136352765625
0 0.982241915625 0.068254165625 0.9689336468749999 0.0692576984375 0.9619609656250001 0.0822534578125 0.9815805265625 0.0890873265625 0.982241915625 0.068254165625
1 0.7 0.459375 1 0.459375 1 0.20749866250000001 0.9994891906250001 0.2051624671875 0.9775575468750001 0.2047379328125 0.9555651749999999 0.1939263328125 0.9375598734375 0.1952840546875 0.9258415750000001 0.2003243515625 0.9148514625 0.19595725625 0.8929198187499999 0.19553272187499998 0.8898552593750001 0.2071946171875 0.8796540578125001 0.20380720000000002 0.8678507453125001 0.1943056046875 0.8427998875 0.196194609375 0.8287087828124999 0.1972571734375 0.813853053125 0.2014948890625 0.7951074203124999 0.2101825875 0.793644975 0.22795865937499998 0.7756639625 0.23347120625 0.7732365 0.22014511718750002 0.7630717359375 0.2229899359375 0.7631385328125 0.23441570781249998 0.7545273015625 0.23506505312499998 0.7544665765625 0.2246779875 0.7379662265625 0.21553058125 0.7231287140625 0.222884415625 0.730338228125 0.250398209375 0.7194209859375 0.25849559375000003 0.722600925 0.26656911875 0.7101969484375 0.2882877515625 0.7079334453125 0.3030067359375 0.7 0.300103659375 0.7 0.459375
0 0.9422144015624999 0.1876589203125 0.9546973203124999 0.179443475 0.9530709171874999 0.169174471875 0.9436343375 0.162611903125 0.9381666093749998 0.1651025359375 0.9311574890625 0.1718660578125 0.9304475218749999 0.184389565625 0.9422144015624999 0.1876589203125
0 0.1439834921875 0.5092583375 0.1471877203125 0.521486690625 0.1526979578125 0.5262670015625 0.162092028125 0.5255586265625001 0.1682697265625 0.5105444859375 0.162692690625 0.4943384 0.1517450875 0.49724225468750005 0.146271284375 0.49869417812499994 0.1439834921875 0.5092583375
0 0.12413369375000001 0.597005790625 0.1257843890625 0.61142961875 0.1336552890625 0.61811025 0.1453553703125 0.609953834375 0.15313518125 0.6010538703125 0.14443893593749998 0.5871613234375 0.136616615625 0.5887903437500001 0.129577134375 0.59036033125 0.12413369375000001 0.597005790625
0 0.21408785937500002 0.7118048734375 0.2118000671875 0.7223690328125001 0.21340825468750002 0.7295219171875 0.222055921875 0.7351048109375 0.2267529578125 0.7347506218750001 0.22985395 0.7293209640625 0.2297689359375 0.7147790734375 0.22501117499999998 0.704746196875 0.21564139375 0.7096094 0.21408785937500002 0.7118048734375
1 0.7 0.459375 0.3356706734375 0.459375 0.31538278124999997 0.48905952499999994 0.306917290625 0.5146378265625 0.2897130453125 0.5190526359375001 0.28514960624999997 0.542258365625 0.2720295875 0.5754618 0.2737713703125 0.6054662265624999 0.25730745625 0.6025510578125 0.24889662031249998 0.637477715625 0.2630970328125 0.6551118687499999 0.26321848281250004 0.6758859984375001 0.25715009218749996 0.7095968562499999 0.24234901562500002 0.7231829296875001 0.24085620937500002 0.7357654703125001 0.2503535140625 0.7527151046875 0.256015565625 0.783463078125 0.243465846875 0.78025275625 0.23098900000000003 0.789506909375 0.2303397578125 0.8124174828124999 0.24684617968749997 0.8226035953124999 0.2570959609375 0.834300665625 0.24463733125 0.8466709390625 0.23137764375 0.8559841234375 0.222693540625 0.844168990625 0.20468216562500002 0.84448800625 0.20799569999999998 0.875413075 0.21513841406249998 0.8915010953125 0.20501615625 0.9016168609375 0.18935937187500002 0.9027974890625 0.179249259375 0.9149906671875 0.20360229218749998 0.9277025859375 0.2278824546875 0.9279500265625 0.22615281718750002 0.900023015625 0.2363054375 0.89510078125 0.2472894765625 0.8984291687500001 0.26772831406250003 0.9114362437499999 0.270155775 0.924762334375 0.26547695781249997 0.9282326421875 0.261659921875 0.9451471015624999 0.28205625156249997 0.9508832312500001 0.2797866765625 0.9645635109375 0.2924031921875 0.9791996062500001 0.3026711921875 0.9940127953125 0.3010978515625 1 0.5223334281249999 1 0.7 0.9854742812499999 0.7 0.459375
0 0.770854871875 0.541117753125 0.7810439265625 0.5424277609375 0.7872823515625 0.5378006828124999 0.7895337078125 0.5210042859375 0.787106246875 0.5076781953125 0.78081316875 0.5029569140625 0.7745443828124999 0.5023904578125 0.7659513687499999 0.506155921875 0.7597311625 0.5138991171875 0.7621889859375 0.532418740625 0.770854871875 0.541117753125
0 0.7053089140625 0.582431115625 0.723350653125 0.5873056328125 0.72636663125 0.567334084375 0.7200067546875 0.5511870296875 0.7106187562499999 0.5529341125 0.705181390625 0.560618278125 0.70214719375 0.5774737078125 0.7053089140625 0.582431115625
1 0.7 1 1 1 1 0.6118441390625 0.9921377828125 0.6137996703125 0.9937945499999999 0.6292622046874999 0.984400478125 0.62997058125 0.9702972265625001 0.6289557312499999 0.9538576015625001 0.6301953890625 0.9428796359374999 0.627905709375 0.9217551203125 0.6315769703124999 0.91782270625 0.6287560078125 0.90132235625 0.6196086000000001 0.8944103999999999 0.642991425 0.8943253828125 0.628449534375 0.8755311703125 0.6288275796875 0.8630543218750001 0.6380817328124999 0.8521856609375 0.6544887687500001 0.8498917953125 0.664014221875 0.8428583875 0.666622915625 0.8303451046875001 0.66964483125 0.8271590953124999 0.6605326 0.81547723125 0.671805134375 0.8153800703125 0.6551858296875 0.8036010453125 0.6498390625 0.7903049234374999 0.6529200078125 0.78097765 0.6650541546875 0.788150728125 0.686335709375 0.773301071875 0.6916121296875 0.7711165125 0.7198342999999999 0.768719415625 0.7117017421874999 0.7576928671875 0.701102409375 0.74285535625 0.7084562437499999 0.7453253265625001 0.7290532796875 0.7352395046875 0.745401284375 0.744797534375 0.7727379843750001 0.7276479421875 0.7865011515625 0.7168217890624999 0.81017913125 0.709133065625 0.8346596953125001 0.702997875 0.8569447828125 0.7 0.8577019874999999 0.7 1