0 0.4051895421875 0.061757371875 0.412436196875 0.06378689374999999 0.424066415625 0.055937259375000006 0.421203475 0.0440285625 0.41032318281249996 0.0360883359375 0.4020445203125 0.045816396875 0.4051895421875 0.061757371875
0 0.23896144375 0.42766248281249997 0.254274978125 0.42893926562500007 0.25075385 0.407621934375 0.23564528906249999 0.4040327625 0.23896144375 0.42766248281249997
0 0.1761510875 0.3712916921875 0.18787532812500002 0.3647861078125 0.1898274296875 0.347446803125 0.17673144062499999 0.3360629 0.1705191578125 0.348818459375 0.1761510875 0.3712916921875
0 0.12769772031249998 0.3460500296875 0.136166646875 0.3655528015625 0.1537108734375 0.38420870156250003 0.1684861859375 0.39230000781249996 0.1567100546875 0.36904725 0.1405606109375 0.3503535828125 0.12769772031249998 0.3460500296875
0 0.0404497125 0.41912937499999997 0.0467820484375 0.42259712031249996 0.0552931140625 0.4136857 0.0593006453125 0.39843015312499996 0.0515858984375 0.3840152953125 0.043072785937500004 0.39859154218750004 0.0404497125 0.41912937499999997
0 0.33371876093749997 0.24429988906250003 0.355202434375 0.261235275 0.3510489921875 0.24538845625 0.3425800671875 0.22588568437499998 0.338708696875 0.2140710890625 0.32688245312499997 0.22138738125000001 0.33371876093749997 0.24429988906250003
0 0.3037239453125 0.23627592812499998 0.30672312343749997 0.2211144515625 0.2947848078125 0.210052684375 0.2778306828125 0.214340471875 0.2890426546875 0.22952867187499998 0.3037239453125 0.23627592812499998
0 0.27453974531249997 0.16729710312499999 0.2631656640625 0.1642998859375 0.259884403125 0.175429034375 0.26467009531249996 0.1858054546875 0.2742404078125 0.1941783765625 0.28162421718749997 0.18151761718749998 0.27453974531249997 0.16729710312499999
0 0.2739201640625 0.2077330375 0.2618330203125 0.1887759 0.24853626874999998 0.18731099843750001 0.2401191515625 0.1975665015625 0.24499887031249998 0.209287 0.257851434375 0.21891060625 0.271242290625 0.22171962656250002 0.2739201640625 0.2077330375
0 0.24915224062500002 0.22513387968749998 0.2316595359375 0.2201296109375 0.22652405 0.23536265312500002 0.2392825859375 0.24364218124999998 0.25276747187500004 0.2477953296875 0.24915224062500002 0.22513387968749998
0 0.3352524953125 0.01958024375 0.32699749218749996 0.0176448671875 0.32749356875 0.0392444796875 0.334672065625 0.05480906875 0.349421434375 0.0480212171875 0.3487742203125 0.0266164578125 0.3352524953125 0.01958024375
0 0.31445295 0.0269326734375 0.31302628125 0.05006461250000001 0.3267096703125 0.055724985937500006 0.33612467968750004 0.046556264062500005 0.33086885625 0.029459410937500003 0.31445295 0.0269326734375
1 0 0 0 0.394162921875 0.0039086453124999995 0.390070403125 0.0027544546875 0.35906207343749996 0.010753246875 0.37184436249999997 0.031296659375 0.3753388390625 0.05080576875 0.36404817343749996 0.056642028125 0.34591630156250003 0.07230571875 0.33769025468749997 0.08827743906249999 0.3483756921875 0.10558172187499999 0.3345850734375 0.1149391 0.3377704546875 0.1277398578125 0.3176358140625 0.13423421875 0.30891253125 0.1526928484375 0.3261302546875 0.144950190625 0.3025011109375 0.16105807187500001 0.2861163828125 0.1795588390625 0.274919915625 0.189036115625 0.29432859218749996 0.20580225937500002 0.2873525421875 0.1968631234375 0.26112929687499997 0.1826261015625 0.24622338125 0.18616349999999998 0.22424737968750003 0.19990451874999998 0.2175536234375 0.20025468124999998 0.20805084218749997 0.21134668125 0.20701578125000003 0.22928328593749997 0.18775470625 0.24328044218749997 0.1702140921875 0.2618492921875 0.1454825703125 0.27005240937499997 0.11765967968749999 0.2773412015625 0.09127496093750001 0.27775944531249996 0.0682371234375 0.27095705625 0.058048942187499994 0.271495271875 0.051234365625 0.2840398890625 0.041946551562500003 0.30036176718749996 0.043129159375 0.299959715625 0.022873620312500002 0.3148031109375 0.0174298953125 0.3276351296875 0 0 0
0 0.22852763281250002 0.43810625156249994 0.21279049687499998 0.4399774234375 0.21270183281250002 0.4585232578125 0.22454604687500002 0.46824095625 0.239551553125 0.450606275 0.22852763281250002 0.43810625156249994
0 0.8199299109375 0.509375 0.83080569375 0.49433282968750003 0.84534255625 0.48878862968750003 0.8395686171874999 0.473623625 0.8223994546875 0.4752257796875 0.8176113765625 0.49661099062499997 0.8185042875 0.509375 0.8199299109375 0.509375
0 0.9602478265624999 0.3796556265625 0.9550759625000002 0.384325925 0.9526091609375001 0.3939784 0.9573843953125 0.4060958390625 0.9687268281249999 0.3998028078125 0.9717557578125 0.386957115625 0.9602478265624999 0.3796556265625
0 0.762584178125 0.394960025 0.7639466953125 0.40320824375 0.768212590625 0.4080447703125 0.7745286859375 0.40850229843749997 0.7813341453125 0.4047264796875 0.7849979656249999 0.3897277015625 0.77795424375 0.37886886875000003 0.772418565625 0.378338515625 0.7641978 0.3843402453125 0.762584178125 0.394960025
0 0.677697125 0.38298985 0.6728163125 0.3918206703125 0.6729090484375 0.40437506250000005 0.67349115 0.41269610468750006 0.6800982953125 0.4173141546875 0.6832927234375 0.418062984375 0.6948534453125 0.4148903453125 0.698517265625 0.399891565625 0.694231396875 0.38354078125 0.6877697765625 0.3810029921875 0.677697125 0.38298985
0 0.8729196578125 0.310332625 0.8748243312499999 0.3038733671875 0.8705584359374999 0.2990368390625 0.8607568624999999 0.29366996093750003 0.8551683953125 0.3036137375 0.85497008125 0.3120076078125 0.8585283234375 0.3179570890625 0.865552071875 0.3173016609375 0.8729196578125 0.310332625
1 1 0 0.4890625 0 0.4890625 0.23593558125 0.49480004843750003 0.23883131875000002 0.5076904718749999 0.2658952875 0.57013091875 0.30508617656250003 0.6039071140625 0.30507508125 0.6240196015625 0.323089753125 0.636797315625 0.326085071875 0.644403165625 0.3337506890625 0.6591583140624999 0.33132687656250004 0.6661292734375 0.3411455796875 0.675494271875 0.3402716765625 0.6949119453125 0.3258966546875 0.7158576390625 0.333364371875 0.7329340640625001 0.3192078265625 0.7542963593750001 0.321402065625 0.759031646875 0.310490984375 0.7863462234374999 0.3079421 0.7999970890625001 0.3234189828125 0.8149705265625 0.32411556406250003 0.8104991859374999 0.28265599531249996 0.8178539328125 0.3091896125 0.8388524125 0.30618319843749997 0.8411009265625001 0.29341033125 0.832476396875 0.2711828890625 0.846722209375 0.261478165625 0.8508753953125 0.24224604218749998 0.8704385968749999 0.2299512796875 0.855743365625 0.2669178703125 0.8646917609375 0.2713174453125 0.8884281203125 0.2513048203125 0.899022953125 0.22309622343750002 0.8947370843750001 0.20674543750000002 0.90517355 0.20995923125 0.9143402312500001 0.2174791953125 0.915649959375 0.2362015453125 0.92984298125 0.23697094999999999 0.9401139484375001 0.226590221875 0.9303651640624999 0.21074921406249997 0.9334668562499999 0.1989436515625 0.9279112046875 0.1868990375 0.93322859375 0.18430900156250002 0.9442471609374999 0.1958438375 0.954643678125 0.1760291109375 0.938162196875 0.16500405 0.9445310796874999 0.15498745 0.9516076171875 0.143857890625 0.9587768921875 0.145282725 0.9717529203125 0.13988417343749998 0.9889220812499999 0.13828201874999999 0.9874468546875 0.1059651484375 0.995065546875 0.080128115625 1 0.06339405625 1 0
1 0.4890625 0.509375 0 0.509375 0 0.9264682718749999 0.0187435859375 0.9360544765625001 0.0354433546875 0.9501999281250001 0.05065505625 0.9655311609375001 0.070476490625 0.9793853109375 0.0910055796875 0.99212650625 0.1197554359375 0.9988659703125 0.1223605296875 1 0.4387074828125 1 0.439216840625 0.9617267 0.44839636718750003 0.935744015625 0.45890559375000006 0.9399979406250001 0.4595604578125 0.9493591140625 0.47121391562500003 0.958740865625 0.484679309375 0.949108965625 0.4805189921875 0.9233241796874999 0.478356084375 0.9036345296875 0.45931506562499996 0.8897075515624999 0.47690082968749997 0.8828319171875 0.47366645468749996 0.8590545687500001 0.4847178375 0.848601015625 0.4890625 0.8461905015625 0.4890625 0.509375
0 0.9272135109375 0.509375 0.9325878671875 0.5192734734375 0.9473430171875 0.5168496625000001 0.953478465625 0.509375 0.9272135109375 0.509375
0 0.9116507734375 0.509375 0.9117877 0.51388601875 0.9222241656249999 0.517099809375 0.9253458312500001 0.516808509375 0.930680225 0.509375 0.9116507734375 0.509375
1 0.4890625 0.509375 0.4890625 1 0.8052573375 1 0.8109869734374999 0.9818434484375 0.8147635031250001 0.9909133203125 0.8252727312499999 0.9951672437500001 0.8327208609374999 1 0.8387520203125 1 0.8503915828124999 0.994917096875 0.8512247875 0.98437014375 0.8389164656249999 0.9656272187500001 0.8387509671875 0.9520326953125 0.85167420625 0.9571082750000001 0.85355890625 0.93913475625 0.8481487812499999 0.9291704031249999 0.8591074265625 0.9061624593750001 0.8765676390625 0.908720825 0.8865076078125 0.8711510562499999 0.8948739015625 0.8672295875 0.9009845484374999 0.8310640734374999 0.9102767828125 0.8291500390625 0.9161363281250001 0.8118525265625 0.9253558 0.8088983609374999 0.9338875921875001 0.8185714125000001 0.9391850093749999 0.8044671156250001 0.9301966671875 0.7770390203125 0.93522300625 0.7702884609374999 0.9509040984375 0.7698720859374999 0.95954146875 0.758596878125 0.936161790625 0.7387932453125 0.9473586968750001 0.73041995625 0.9475570140624999 0.7220260859375001 0.9427817781249999 0.7099086453125001 0.9304606140625001 0.724668371875 0.9216377703124999 0.7108347984375 0.93515595625 0.6907287703125 0.9190711031250001 0.662915971875 0.9210285656250001 0.6459825828125 0.9321726828125 0.648083421875 0.9400296375 0.6368810390624999 0.9221128765625 0.61656763125 0.9352344296874999 0.6132493390625 0.9406773718749999 0.601225303125 0.9306903250000002 0.5707496421875 0.931940134375 0.554929209375 0.9249163859374999 0.5555846375 0.904387296875 0.54284344375 0.9050022140625 0.5291760953125 0.9027068640625 0.509375 0.4890625 0.509375