0 0.3890625 0 0.362905815625 0 0.362212828125 0.0008988859375 0.37318698906250003 0.0145767453125 0.3890625 0.0120918640625 0.3890625 0
0 0.0729022984375 0 0.078782121875 0.00432703125 0.09372171875 0.025016754687499997 0.09167655 0.0060597984375 0.0872130875 0 0.0729022984375 0
1 0.3890625 0 0.3890625 0.1890625 0.9097939499999999 0.1890625 0.9096893578125 0.1799178796875 0.884740425 0.16996042656250002 0.8868584406250001 0.1420016984375 0.8716388687500001 0.12347595156249999 0.87115489375 0.10114332968749999 0.877162371875 0.1068570375 0.8905771968749999 0.10746458125 0.8865295343749999 0.0866030546875 0.8733946843750001 0.0838315375 0.8721925625000001 0.078637771875 0.879639459375 0.07032888125 0.8830418203124999 0.0614135796875 0.8741492515625 0.0432348375 0.865055809375 0.020814617187500002 0.847995071875 0.0078285046875 0.845241584375 0 0.3890625 0
0 0.3890625 1 0.3890625 0.9821733015625 0.3847732640625 0.9803507093749999 0.3824907984375 0.9806101140625 0.3779258640625 0.9811289249999999 0.3752843265625 0.9899577578125 0.3799924140625 1 0.3890625 1
0 0.30464383906250003 1 0.305328240625 0.9947101171874999 0.29107036875 0.9803393812500001 0.2822204765625 0.979213028125 0.2772964703125 0.9883012656249999 0.27801774375 0.9914175234375 0.280004196875 1 0.30464383906250003 1
1 0.3890625 0.19513870312499998 0 0.237607775 0 0.7348499140625 0.012094225 0.78710301875 0.0216258390625 0.794548359375 0.029836684375 0.8064081171874999 0.0373658078125 0.8119488875 0.050141584375000006 0.8232898343749999 0.0597522984375 0.8243297187499999 0.06932346406249999 0.8285723296875 0.08133841875 0.8399997453125 0.08558382812500001 0.8448476375 0.0973188109375 0.8584390265625 0.10681087656249999 0.8690870937499999 0.118104559375 0.8773982484375 0.128156571875 0.88371836875 0.13900895625 0.8867492921875 0.1521042578125 0.8927235359375001 0.1652391078125 0.8954950546875 0.174849821875 0.8965349390625 0.1947925234375 0.901730971875 0.196554590625 0.9025967874999999 0.2204231765625 0.9180074093750001 0.22594980781250001 0.9216436125000002 0.235560521875 0.9226834968750002 0.24260879531250001 0.9261467624999999 0.251899984375 0.9325533484375 0.26147115 0.9367959625000001 0.2748464234375 0.9406062328125 0.2874608765625 0.944502971875 0.299314509375 0.9484861812500001 0.3110068140625 0.9450251796875001 0.311965384375 0.9289250765624999 0.3213356734375 0.9289262109374998 0.32321639062499996 0.9201838468750001 0.3275804484375 0.9154235546875 0.3354686421875 0.9123948984375 0.3407548484375 0.914992346875 0.35312887656249997 0.9178503328125001 0.35981494999999997 0.9096279109375001 0.36506160625 0.9154280875000002 0.37863775624999996 0.9234798390625001 0.3765134875 0.9109283359375 0.38071622031249996 0.8987238359374998 0.38504072968749997 0.897166275 0.3890625 0.8967091968750001 0.3890625 0.19513870312499998
0 0.6830295796875 0.9632299484375 0.6677704625 0.947906928125 0.6639663515625001 0.9483392703125 0.6624873828125001 0.9655645953124999 0.6681753390624999 0.9766450046875 0.6725425234375 0.9921398296874999 0.6833949078125 0.9951707515624999 0.6875976406250001 0.9829662546875 0.6910395515625 0.9708482265625001 0.6830295796875 0.9632299484375
0 0.6516651671875 0.8985655984375001 0.6585947921875 0.9116370453125 0.6671251609375 0.9181301015625 0.672250040625 0.9132833421874998 0.674091209375 0.907743703125 0.6709261453125 0.8974426421875 0.6598333359375 0.8933729687499999 0.6516651671875 0.8985655984375001
0 0.58210145 0.8510355734375 0.5921139125 0.8605584203125 0.599560809375 0.852249528125 0.6011615515625 0.8456711390624999 0.5985564359375 0.8310421296874999 0.5902269421874999 0.828790553125 0.5810970765625 0.8298281734374999 0.58210145 0.8510355734375
0 0.4805988390625 0.9084127953125 0.4739096375 0.8963801015625 0.4668613640625 0.8929168359374999 0.45893362031249996 0.8991482187500001 0.45929581875 0.9108339078124998 0.462220459375 0.920096215625 0.47507533750000003 0.9250317078125001 0.48104013749999996 0.9136930265625001 0.4805988390625 0.9084127953125
0 0.640306915625 0.7314162484375 0.6391443453125 0.7230197578124999 0.6323760453125 0.71739251875 0.623845678125 0.7108994625 0.618559471875 0.7083020140625 0.6116329734375 0.7154856828125 0.6140372140625 0.7258732125 0.6237697046875 0.7375600312499999 0.6338612671874999 0.740677425 0.640306915625 0.7314162484375
0 0.663603046875 0.670134359375 0.6599175859375 0.6609585203125 0.65090636875 0.652387959375 0.6429786234374999 0.6586193437500001 0.6423791281250001 0.66615001875 0.645784615625 0.6774898328125001 0.6493087515625 0.6792214640625 0.6599998109375 0.67480818125 0.663603046875 0.670134359375
0 0.713159496875 0.5536301609375001 0.699701996875 0.535970228125 0.6868075703125001 0.5342374624999999 0.6848082046874999 0.5525880093750001 0.6959010140624999 0.5566576859375 0.7072342453125 0.5617661140625 0.7290212406250001 0.581677621875 0.7351473671875001 0.5777831484375 0.713159496875 0.5536301609375001
0 0.6734291671875 0.5101720765625 0.682601709375 0.5261868453125 0.6967773562499999 0.5267079203125 0.7019417859375 0.5186584359374999 0.6965733546875 0.502211325 0.6857605203125 0.49597767499999995 0.6746281625 0.4951107265625 0.6734291671875 0.5101720765625
0 0.772019646875 0.524553009375 0.7614867875 0.516155384375 0.7576431265625001 0.5197904531249999 0.754201215625 0.5319084828125 0.76061044375 0.54610515 0.7724640734375 0.5500883562500001 0.778030253125 0.5505218328125 0.78351420625 0.5371056453125 0.772019646875 0.524553009375
0 0.6286280390625001 0.3031143765625 0.6161749125 0.30666184375 0.6132534 0.31765465156249995 0.624188009375 0.334535234375 0.6346386453124999 0.3290831984375 0.648211665625 0.316879834375 0.6286280390625001 0.3031143765625
0 0.6290172796875 0.230576875 0.6425143312499999 0.2450340796875 0.647958734375 0.2348206203125 0.65116021875 0.2216638390625 0.643710196875 0.20971761406249997 0.6310561953125 0.2090236015625 0.6254109171875 0.21499558125 0.6290172796875 0.230576875
0 0.6324623171875 0.23871396250000002 0.6292972546875 0.2284129015625 0.62505184375 0.22356501093749997 0.6174436234374999 0.22442969375000002 0.6148020843750001 0.2332585265625 0.6275778625 0.24459947343750002 0.6324623171875 0.23871396250000002
0 0.6029880015625 0.22607259218750003 0.6110375234375001 0.23048814062499998 0.6168836750000001 0.2287576421875 0.6220481062500001 0.22070815625 0.6198842875 0.21135938125 0.6095127515625001 0.21040596250000002 0.603386625 0.21430043593749998 0.6029880015625 0.22607259218750003
1 0.3890625 0.1890625 0.3890625 0.861248621875 0.391013321875 0.8620921921875 0.411397321875 0.8725684546875 0.41431883437500006 0.8615756484375 0.425971590625 0.8613173749999999 0.444112671875 0.8688503171875 0.45440198125000003 0.8559540734375 0.470379246875 0.8541382390625 0.491682265625 0.8517171250000001 0.5102219703124999 0.8474779109374999 0.517507540625 0.8317248124999999 0.52655518125 0.8168375328125 0.5348815484375 0.7988339921875001 0.5586314859375 0.8238527953125001 0.5436096640625 0.7893134125 0.553780325 0.7860253484374999 0.5607068234375 0.7788416796875001 0.565630828125 0.7697534421875 0.57187873125 0.776505903125 0.5841341109375 0.7889720687499999 0.59486471875 0.7813560578125001 0.601870315625 0.7677669359375 0.5962614609375001 0.7502810734375001 0.59217425 0.732622275 0.578357675 0.7235317703125 0.5860449953125 0.7162616328125 0.5940122890625 0.706827521875 0.6033794515625 0.6865735390625 0.6149926578125 0.68951799375 0.6383803968749999 0.7028511109375 0.6564819296875 0.713586778125 0.67918794375 0.720600909375 0.707858759375 0.7162763609375 0.66188365625 0.68632093125 0.6371751484375 0.67740223125 0.6233585749999999 0.6683117281250001 0.6344878046875 0.6489235609375 0.64012995625 0.6226964671874999 0.6414475984375001 0.598026934375 0.6383220828124999 0.5845231468750001 0.6428047906250001 0.5701546765625001 0.6450841281249999 0.54964015625 0.6291464140625 0.5482532625000001 0.626781721875 0.5346630078125 0.6406773937500001 0.5373480578125001 0.6568555328125 0.5397737031250001 0.6683865140625 0.528868496875 0.66041609375 0.5180474921875 0.6465204203124999 0.51536244375 0.652284346875 0.49978228125 0.6713444484375 0.4944178453125 0.6709822484375 0.48273215937499997 0.664734346875 0.4759796984375 0.660966659375 0.45295420000000003 0.65459698125 0.4355548046875001 0.63797754375 0.42784892656249995 0.6218785015625 0.41901782812500005 0.6198728828125001 0.3968581453125 0.6310447890625 0.394522365625 0.6318815843750001 0.367775328125 0.6277943734375 0.350116528125 0.6116557828125 0.34448815625 0.6083293921875 0.32674288906250004 0.602200140625 0.310382246875 0.5918286046875 0.30942883125 0.58722099375 0.2928952515625 0.5717610000000001 0.2733307515625 0.57340129375 0.2635496328125 0.5723969203125 0.242342234375 0.5690705312500001 0.22459696562499998 0.5534918890625 0.2146406453125 0.5471222109375 0.1972412515625 0.5380322984375 0.1890625 0.3890625 0.1890625