0 0.264658053125 0.308886225 0.2602287828125 0.313941553125 0.2553639765625 0.32316863281249997 0.2608175515625 0.3307241765625 0.26703331406249997 0.33097915625 0.2755799859375 0.3313297515625 0.275565203125 0.3239973140625 0.2773369109375 0.32197518281250004 0.2768718078125 0.311482059375 0.2749764328125 0.307214690625 0.264658053125 0.308886225
0 0.199492053125 0.245463571875 0.1900890921875 0.2607889171875 0.20763275625 0.2646507953125 0.21405150312500001 0.255487459375 0.21758013593749997 0.24411075937499999 0.21689726562499997 0.2357035125 0.21134959062499997 0.23652334375 0.199492053125 0.245463571875
0 0.2134977 0.200999709375 0.212844396875 0.20725733750000003 0.21752100156249998 0.214781009375 0.21773876875 0.21269513281250002 0.233510725 0.2185791421875 0.24415575625 0.2137787921875 0.2503419515625 0.19936889687499998 0.2447794921875 0.192856290625 0.2275772640625 0.1931980375 0.2134977 0.200999709375
0 0.2911799390625 0.1968545078125 0.287047753125 0.1841161453125 0.276046503125 0.1773804328125 0.2681827 0.1854370859375 0.26443629999999996 0.198899659375 0.2643422 0.2072750375 0.270681628125 0.213819515625 0.27890165 0.217298925 0.28589438125 0.2175857765625 0.2913183890625 0.21047644375000002 0.2911799390625 0.1968545078125
1 1 0.46875 1 0 0.4855672015625 0 0.48891444218749996 0.0037913953124999998 0.4956100890625 0.0218719359375 0.4954071046875 0.03129025 0.48320813281249997 0.036026853125 0.47723970624999995 0.048350873437500004 0.4822429625 0.0527457328125 0.465273284375 0.05833404062500001 0.44372110156250005 0.048023301562499995 0.4390625 0.050148234375 0.4390625 0.0772487140625 0.4504463171875 0.0807687140625 0.4656590703125 0.0845349765625 0.47589813281250004 0.09857125312500001 0.46105638281249994 0.11367349375 0.45617679375 0.11556813437499999 0.4521387078125 0.0944543984375 0.4390625 0.0948897375 0.4390625 0.171425925 0.449520096875 0.17185490781249999 0.461733853125 0.17445074375 0.4594177265625 0.1816875625 0.44232438125 0.1809863703125 0.4390625 0.1859989734375 0.4390625 0.21565703281249998 0.44017627187499997 0.2165100046875 0.450276884375 0.2169243453125 0.4525136953125 0.22539533750000001 0.4473222375 0.2377512296875 0.4390625 0.23878027500000001 0.4390625 0.2651331984375 0.4404975234375 0.2657511921875 0.44029454062499995 0.27516950625000003 0.4390625 0.281192221875 0.4390625 0.36299983281250003 0.45103765781250005 0.374066221875 0.4612323703125 0.3661051875 0.4619448078125 0.389177309375 0.482240134375 0.3816306140625 0.4885795625 0.38817509375000003 0.46997662812499996 0.4094074703125 0.47967127343750005 0.42865843750000004 0.49272113281249996 0.4606158953125 0.49777717500000007 0.46875 1 0.46875
0 0 0.5088959859375 0.005227971875 0.5113175234375 0.0195400875 0.5087624125 0.022400632812499998 0.4963109015625 0.0213911125 0.49103246875 0.0181447796875 0.477283040625 0.011929018750000001 0.47702806249999996 0.0024964921875000002 0.4776885328125 0 0.48027577499999996 0 0.5088959859375
0 0.024652226562499997 0.5121143328125 0.033852203125 0.5062073 0.0414834546875 0.49290408750000003 0.0354706765625 0.4832307953125 0.0238161234375 0.48275271093749994 0.019510520312499998 0.49409753749999996 0.024652226562499997 0.5121143328125
1 0.4390625 1 0.4390625 0.46875 0.050810323437500006 0.46875 0.05020354375 0.46917149374999995 0.0488028375 0.490062125 0.0402857328125 0.5043764046875 0.0383258234375 0.5231492875 0.0168179921875 0.5348358609374999 0.010087378125000001 0.5544604468750001 0.013224825 0.5692528109375 0.0083895875 0.5931447640625 0.0113092671875 0.6100230062499999 0.0065976968750000005 0.640204459375 0.015159153125 0.6478874953125 0.0197416578125 0.6637865406250001 0.0084285390625 0.66751208125 0.0026926625 0.6850826624999999 0.00670118125 0.6915315234375 0.0079728203125 0.7167213953125 0 0.7340459328125 0 0.782588603125 0.0017812265625 0.78350129375 0.01732063125 0.784138740625 0.026644273437499998 0.784521209375 0.0370217890625 0.8121794234374999 0.033196071875 0.8413498125000001 0.0439943375 0.8575038390625 0.057029415625 0.8821288578125 0.06282442499999999 0.8938880250000001 0.0656056546875 0.897144328125 0.07683945625000001 0.909126603125 0.076992690625 0.9300809781249999 0.0831143515625 0.9387113328125001 0.0840297734375 0.9523651421875 0.0679755171875 0.9716072609375 0.073008340625 0.99066699375 0.0839948078125 0.99007026875 0.092759246875 0.9883349890625001 0.09843059062500001 0.99380465625 0.11342557499999999 0.9996567921875 0.12085384218749999 0.9957718937500001 0.12156489374999999 1 0.4390625 1
0 0.6635443109375 0.9676823765624999 0.6576552 0.9642985828124999 0.6469012843749999 0.9701418687500001 0.6416157265625 0.9908731390625001 0.6520577750000001 0.9954911031249999 0.6568284796875 0.9946394 0.664256746875 0.9907544984375001 0.6663403234375 0.978271115625 0.6635443109375 0.9676823765624999
0 0.8534383078125 1 0.8538374843749998 0.9985313515625001 0.8471566203125 0.9877832484375 0.8374122249999999 0.9989049718749999 0.836975465625 1 0.8534383078125 1
0 0.6853895921875 0.8481269859375 0.6967174937499999 0.8517338859375 0.7064618890625 0.8406121625 0.7003402265625001 0.8319818078125 0.694124465625 0.8317268312499999 0.6829202296875 0.8344094312500001 0.6853895921875 0.8481269859375
0 0.8748023109374999 0.8276170265625 0.86836878125 0.8294479234375001 0.8689427671875001 0.8388981093750001 0.8675272781250001 0.8524563015625001 0.868754565625 0.855648859375 0.8796321500000002 0.856095071875 0.8867189828125 0.8480065484375 0.891692671875 0.83773653125 0.8882285718750002 0.8260729796875002 0.8833489828125 0.827967621875 0.8748023109374999 0.8276170265625
0 0.9885961828125 0.8438064484375 0.9893583687499999 0.836505884375 0.9880074125 0.8270238265625001 0.9791193046875 0.82246960625 0.9721265734374999 0.8221827562499999 0.96659368125 0.8303350234375 0.9606252546875 0.8426590453125 0.964307121875 0.8522367203125001 0.9740810828124999 0.855779875 0.977965934375 0.8559392359375 0.982068553125 0.8540127234374999 0.98561196875 0.8499684593750001 0.9885961828125 0.8438064484375
0 0.544799759375 0.5878405203125 0.5498971156250001 0.583860003125 0.5507681875 0.5755165015625 0.5470863203125 0.565938825 0.5409794421875 0.5646409078125 0.5354317656250001 0.5654607390625 0.530240309375 0.5778166328125 0.534248828125 0.58426549375 0.537138940625 0.586478859375 0.5409149078125 0.587681159375 0.541691878125 0.5877130328125 0.544799759375 0.5878405203125
0 0.442913175 0.5323381796875 0.451459846875 0.532688775 0.460115403125 0.5319964328125 0.47142852187499995 0.528270896875 0.47262624375 0.5167985765625 0.46973613125 0.5145852140625 0.4598532859375 0.512084996875 0.45029709218749997 0.5064559656250001 0.44808984843750005 0.5126498484375 0.4413296671875 0.5176095609375 0.4402260453125 0.520706503125 0.4395727421875 0.5269641296875001 0.442913175 0.5323381796875
0 0.49956783437499996 0.46875 0.48764141250000004 0.47761315 0.511603821875 0.47231169375000004 0.52171921875 0.48005847187499995 0.528820834375 0.4793023859375 0.5342448421875 0.472193053125 0.5346043015624999 0.46875 0.49956783437499996 0.46875
0 0.540191203125 0.46875 0.5405694875 0.47140509531249997 0.542697415625 0.4809190265625 0.5474681203125 0.480067321875 0.5500167984375001 0.47807706406249995 0.5567769796875 0.47311735156249995 0.5583987578125 0.46875 0.540191203125 0.46875
1 1 0.46875 0.669963803125 0.46875 0.6785287546875 0.47287475 0.68070103125 0.5043859921875 0.6881884328125001 0.52983084375 0.70061995625 0.5303408000000001 0.7106856031250001 0.5684602671875 0.721048334375 0.5887860437500001 0.72786765 0.6131560828125 0.7347514984375 0.6144858734375 0.7355580359375 0.6291826203124999 0.741585596875 0.64618835 0.751592109375 0.6549780671875001 0.7615986218749999 0.6637677828124999 0.76419165 0.6837748375 0.7638797828125 0.6942360875 0.777771146875 0.703185165625 0.7827891859375 0.7149124609374999 0.7810322624999999 0.7242670296875 0.7716145187500001 0.7322599375 0.769422059375 0.7457862578125 0.7759940390625 0.7575773 0.790429821875 0.7613116874999999 0.7970515515625 0.7427300406249999 0.7978137390625 0.7354294734375 0.8111311171875 0.7349283640625 0.81989555625 0.7331930859375 0.8253343484375 0.733416190625 0.8311441421874999 0.752507796875 0.8471338656250001 0.7563059296875 0.8505683984375001 0.7533046062500001 0.8665433374999999 0.7497703015624999 0.8747485749999999 0.745917275 0.8816472078125 0.7545795 0.8803553843749998 0.7744271921875 0.9041941281250001 0.7628362359375 0.91584868125 0.7633143203125 0.9282802046875 0.763824278125 0.9375097468749999 0.7725821234375 0.9445024796875 0.7728689734375 0.9457593359375001 0.7907264062499999 0.9675145015624999 0.7916188328125 0.9793720390625001 0.7826786046875001 0.9932338359374999 0.77696280625 0.99977625 0.774088971875 1 0.7738967000000001 1 0.46875
0 0.7312524328125 0.640527446875 0.7239330484375 0.643369409375 0.7209488359374999 0.6495314203125 0.7247543703125 0.6653985953125 0.7332069421874999 0.67412456875 0.7398582390625 0.6702077953125001 0.74548523125 0.6536801484375 0.738027396875 0.6429001750000001 0.7312524328125 0.640527446875