0 0.10534268124999999 0 0.11491516093750001 0.02143138125 0.11660992031249999 0.03030605625 0.1221595359375 0.0348449015625 0.12756778124999998 0.033835228125 0.1324534640625 0.029608298437500003 0.13283465781249998 0.02727703125 0.1231331359375 0.0096513671875 0.116668384375 0 0.10534268124999999 0
0 0.1815001 0 0.181211828125 0.00076730625 0.183796040625 0.0042023609375 0.1928193203125 0.0067366421875 0.2019553609375 0.002168225 0.2067439796875 0 0.1815001 0
0 0.196688484375 0.0087264203125 0.193229125 0.017056593749999998 0.20110882343749997 0.026584671875 0.21025916875 0.0283418640625 0.21539898124999998 0.02256075625 0.220397421875 0.011231129687499999 0.20994781875 0.0045936046875 0.196688484375 0.0087264203125
0 0.4998506921875 0.085022403125 0.4963627234375 0.0807013578125 0.4884973296875 0.07749888906249999 0.4798695484375 0.07895895 0.47176433125 0.08363626874999999 0.46675158593750005 0.0886402875 0.47026816718750003 0.10561254843750001 0.487919228125 0.1066867671875 0.49499362187499996 0.10190055 0.4979447203125 0.09667873125000001 0.4995965625 0.086576578125 0.4998506921875 0.085022403125
0 0.49175977968750006 0.096025328125 0.4827365 0.0934910484375 0.479531271875 0.10026704374999999 0.4801952046875 0.10903282031249999 0.4813674 0.114690240625 0.48253959375 0.1203476609375 0.49632149062500003 0.11943210156249999 0.4997951546875 0.1174275359375 0.49989360937500005 0.103999228125 0.497563528125 0.09900999687499999 0.49175977968750006 0.096025328125
1 0 0.4890625 0.5468280828125 0.4890625 0.5912018406249999 0.2061353359375 0.575583815625 0.1926276984375 0.561674853125 0.19432034843749998 0.5577913828125001 0.18600496093750002 0.5652040546875 0.15991065 0.504102734375 0.142388484375 0.480238121875 0.128009646875 0.4727682296875 0.1288015203125 0.4434953703125 0.11543235781250001 0.43087135937500004 0.1156797296875 0.422087903125 0.1052656625 0.4045496 0.09708874687499999 0.371944446875 0.0912726671875 0.3660279421875 0.095390696875 0.3419235046875 0.08889164375 0.3356114984375 0.08901533125 0.33422809375 0.1038889140625 0.3205875640625 0.11035299531250001 0.29748533906249996 0.091311625 0.274962903125 0.1007899453125 0.2715876921875 0.089366203125 0.263199734375 0.08294648125000001 0.25082985468749996 0.0816396765625 0.24293585156250003 0.06578598906250001 0.23018477656249997 0.06681045 0.21926982968750003 0.08225810624999999 0.20098344375 0.0850693296875 0.175452684375 0.07446703437499999 0.1592422515625 0.0838216703125 0.1624760890625 0.089696890625 0.1546393078125 0.099145640625 0.1692122046875 0.10621876562499999 0.15752056406249998 0.12000334531250001 0.14540481562500002 0.11714236250000001 0.09673059843750001 0.1262294390625 0.093144175 0.13533670312499999 0.082708875 0.1350247875 0.063250296875 0.13217859062499998 0.059932309375000006 0.146057284375 0.0652421015625 0.15847591562500002 0.06306769375 0.1653608140625 0.040432496875 0.18194183125000002 0.0299542828125 0.1626530890625 0.0054972625 0.17113652031249998 0.0158198015625 0.17855113281249999 0.0109484234375 0.1891036734375 0 0.18430497343750002 0 0.4890625
0 0.8175813828124999 0.2480560421875 0.8200099171874999 0.2396169671875 0.8015678562499999 0.2305540625 0.7961739140625 0.237889346875 0.7954115265625 0.242551878125 0.8008340781250001 0.24786781093750002 0.8088265375000001 0.2502931921875 0.8175813828124999 0.2480560421875
0 0.8922912484375001 0.131047765625 0.8883934734375 0.11640676875 0.8729025125 0.10212204375 0.87307249375 0.12032178281250001 0.8697688109375001 0.1405260859375 0.8719861328124999 0.1526180171875 0.8871943546875001 0.1558057 0.8894958234375 0.1481437140625 0.8922912484375001 0.131047765625
0 0.923598828125 0.1896910828125 0.9174138890625001 0.18903767968750002 0.913177834375 0.19570477656250002 0.9093229765625 0.20004060625000003 0.9169485453125 0.2111228609375 0.9333146546875 0.21364235625 0.9366612546875001 0.21241488125000002 0.9381860312500001 0.20308981875 0.9339213687499999 0.1971056953125 0.923598828125 0.1896910828125
0 0.93125469375 0.271132125 0.938964409375 0.262460465625 0.9404891875000001 0.253135403125 0.9302937109375 0.2449437015625 0.906584775 0.24243899062500002 0.9031111109375001 0.24444355624999997 0.9012051390625 0.25609988437500003 0.9036622859375001 0.2603120296875 0.912318678125 0.271503184375 0.93125469375 0.271132125
0 0.8410235687500001 0.3034968890625 0.8388634703125 0.31670739531250003 0.8525326078125 0.32289453125 0.8669498296875 0.318093528125 0.8735159640625 0.3164156640625 0.8688558000000001 0.3064372 0.8608490375000001 0.297686209375 0.8490017203125 0.299596659375 0.8410235687500001 0.3034968890625
0 0.0688264921875 0.9410986859375001 0.0626701609375 0.9530965015625 0.06758445468749999 0.961520790625 0.07648067187499999 0.9648321593750001 0.08897761562499999 0.9653618765624999 0.0883136828125 0.9565961015625 0.0894572640625 0.949602303125 0.0809279359375 0.9376340593750001 0.07358510625 0.9376488453124999 0.0688264921875 0.9410986859375001
0 0.127116396875 0.9116836218749998 0.1356314171875 0.9173262546875 0.14322837500000002 0.9157572921875001 0.1536493671875 0.9097435984375 0.15079672187499998 0.9015371125 0.1445974765625 0.8945581 0.136350890625 0.893686896875 0.12914943125 0.899250203125 0.127116396875 0.9116836218749998
0 0.178244390625 0.7913935484375 0.1809699703125 0.8003771234375 0.19208350937500002 0.8157804234375 0.204057890625 0.8130928859375001 0.2072631203125 0.8063168890625001 0.2024758921875 0.7971155109375 0.1964037109375 0.7893594109375 0.1822263140625 0.786280628125 0.178244390625 0.7913935484375
0 0.2493106109375 0.6581900984375 0.24404373437500002 0.6647482953124999 0.2391723578125 0.6753008328125001 0.24062729374999997 0.6920552953125 0.24823855468749997 0.6968119406250001 0.254804690625 0.6951340781249999 0.25645653125 0.685031925 0.25785424375 0.6764839515625 0.25977452031250003 0.67115323125 0.2627256203125 0.6659314125 0.25587674531250004 0.6565122359375 0.2493106109375 0.6581900984375
0 0.28423491093750003 0.7780849406250001 0.28023868125 0.7768722515625 0.27703345156250003 0.783648246875 0.274590609375 0.7857617125 0.2708771234375 0.7956460625 0.2747605921875 0.8039614515625001 0.2872575359375 0.80449116875 0.2927785421875 0.7963787953125 0.2913379140625 0.7859499421875 0.28423491093750003 0.7780849406250001
0 0.31055666875 0.7966759234375 0.30528979375 0.8032341203125 0.29784851093750003 0.8166772124999999 0.300447028125 0.8264378765625 0.30999287343750004 0.8321894125 0.3218401890625 0.8302789624999999 0.327107065625 0.8237207671875 0.329027340625 0.8183900484375 0.323477725 0.8138512015625 0.318690496875 0.8046498249999999 0.31596491718749997 0.79566625 0.31055666875 0.7966759234375
0 0.49350804375 0.864224903125 0.484611828125 0.860913534375 0.47688780468749997 0.8632595843749999 0.47032167031250005 0.8649374468750001 0.467751765625 0.8678280015625 0.4659728578125 0.8787072421875 0.471522475 0.8832460875000001 0.48338409687499995 0.887661246875 0.49175774843750003 0.8877553609375 0.49509004218749997 0.8802022749999999 0.4966148171875 0.8708772124999999 0.49350804375 0.864224903125
0 0.596576075 0.8687893328125 0.5869031640625 0.8638148859375001 0.573121265625 0.8647304468750001 0.5692664078125 0.8690662765624999 0.560779996875 0.8760748609375 0.5645364015625 0.8851673375000001 0.57395518125 0.8916959625 0.5861979984375 0.8937798546875001 0.5931453265625 0.8897707265625 0.59930165625 0.8777729093750001 0.596576075 0.8687893328125
0 0.7686269109375 0.792000271875 0.7705758 0.7993207703125 0.7775517375 0.8079628609375 0.7906983125 0.8109327421875001 0.802531325 0.8026966828125 0.796967403125 0.7918322296875 0.78689899375 0.7828634375 0.7795561640625 0.7828782249999999 0.772862965625 0.7853331765625 0.7686269109375 0.792000271875
0 0.883486721875 0.8270593875 0.8943032140625 0.8250400375 0.8994430265625001 0.81925893125 0.9010948671874999 0.809156778125 0.8978610265625001 0.80328155625 0.8867617937500001 0.794203865625 0.8738836546875 0.796005415625 0.87029723125 0.805112678125 0.8686310828125 0.8088892203124999 0.8674875015625 0.8158830171875 0.8730371171875 0.8204218640625001 0.883486721875 0.8270593875
1 0.6 1 0.9677773375000001 1 0.9757416296875 0.949058309375 0.9691611890624999 0.9444105640625 0.9672123015625 0.9370900656250001 0.9571581984374999 0.934446884375 0.9477394171875 0.9279182609374999 0.9418229124999999 0.932036290625 0.9374168781249999 0.9205036468750001 0.9326153453125 0.9049766609375001 0.92126198125 0.8974531484374999 0.912619896875 0.8925875999999999 0.9022973562499998 0.8851729875000001 0.89371080625 0.8479023078125 0.88881081875 0.8458036281249999 0.8878086078124999 0.8583459453125 0.8870462187499999 0.8630084765625 0.8834597953125 0.8721157390625001 0.8660628625000001 0.8694873453125 0.8512501421875001 0.8702940046875 0.8417186031250001 0.8708680781249999 0.8230081046875 0.8570337406250002 0.808195384375 0.8578404015625001 0.8094660328125001 0.8500695140625 0.7880585640625 0.8399028218750001 0.7769736375 0.8371507390625 0.7706473265625 0.8309488171874999 0.746288759375 0.8260039406249999 0.7277339390625001 0.8240437343749999 0.71407910625 0.8241822062499999 0.7147430406249999 0.8329479796874999 0.707668646875 0.8377341984375001 0.6943950078125 0.8355414031249999 0.6745409296875 0.828700865625 0.67000783125 0.8179453109375 0.6590499703125 0.8144161406249999 0.6443643109375 0.8144457125000001 0.639464325 0.8123470328125 0.633900403125 0.801482578125 0.621741734375 0.7796447703125 0.619085996875 0.74458166875 0.6042732765625 0.745388328125 0.6 0.7542855578125 0.6 0.7940922890625 0.6069719296875 0.7994282578125 0.6073960406250001 0.81607381875 0.6166877578125 0.82337953125 0.6 0.8267390890625 0.6 1