0 0.042333175 0.1335885640625 0.042386579687499995 0.13912320625000002 0.0574695203125 0.1382415546875 0.0642659625 0.1289193375 0.0641591546875 0.11785005 0.0548033015625 0.120063640625 0.041718396875 0.130613675 0.042333175 0.1335885640625
0 0.1709224171875 0.1279538234375 0.1816016078125 0.11103888125000001 0.17459155312500002 0.0982225265625 0.1621683171875 0.10142188593749998 0.15240478125 0.1069389515625 0.1449935609375 0.1132862828125 0.13993465624999998 0.120463875 0.1420329828125 0.1253413390625 0.1450000765625 0.129146490625 0.15118825 0.13270959375 0.1620276515625 0.132398578125 0.1709224171875 0.1279538234375
0 0.1270242734375 0.057991240624999996 0.128407528125 0.0646847375 0.1340343265625 0.07080759375 0.133573240625 0.0685764296875 0.152184653125 0.068940171875 0.15755095 0.06325002187499999 0.15156335781250002 0.050105078125 0.14481380625 0.04910173125 0.13617302656250002 0.0494992859375 0.1270242734375 0.057991240624999996
0 0.2667459921875 0.1431595328125 0.2741038078125 0.1312775578125 0.2797240890625 0.12154020937500001 0.2682165078125 0.11334169218750001 0.257223415625 0.11290898437500001 0.2531869703125 0.11975798906249999 0.2548307265625 0.1382644921875 0.2667459921875 0.1431595328125
1 0.46875 0.31875 0.46875 0.0556565703125 0.46764998125 0.0548012640625 0.4614149171875 0.061563725 0.44337139687500005 0.07450043437500001 0.42838874843749997 0.070591165625 0.413105221875 0.0810546609375 0.4111671046875 0.09278112656250001 0.4108128265625 0.10161924687499999 0.401664071875 0.11011120156250001 0.401871171875 0.1163895671875 0.381729321875 0.12444881249999999 0.37968440000000003 0.12510599218750001 0.373957309375 0.1237740546875 0.3833600515625 0.1112349015625 0.37522724375 0.1035380578125 0.3588144484375 0.10326085625 0.34659830937499997 0.1127385828125 0.3525859015625 0.125883528125 0.3467116328125 0.1396680765625 0.34252149374999996 0.1457733578125 0.33432876718750004 0.1166816640625 0.329169571875 0.128650178125 0.3032472296875 0.1298428453125 0.2920535515625 0.1389919796875 0.292568040625 0.1467577875 0.2873554390625 0.153191659375 0.2484015953125 0.17046900468749998 0.25423549218749997 0.182870228125 0.22503866718749999 0.1787703 0.19891574218750002 0.1895448078125 0.1872544640625 0.18060256875 0.16987261250000002 0.18618859999999998 0.15331263906249998 0.20102788437500002 0.1485142359375 0.22001848750000003 0.13701968281250002 0.2435403859375 0.12767034531250002 0.2616141828125 0.10098604375 0.274948446875 0.1043673359375 0.291310328125 0.0709868859375 0.3091758890625 0.061957684375 0.31875 0.46875 0.31875
1 0.5289549203125 0 0.522523665625 0.012893103125 0.53121785 0.0180301921875 0.519255696875 0.0234607171875 0.4932799515625 0.0191187390625 0.4740133875 0.041965881249999996 0.494876821875 0.047950809375 0.5007107171875 0.0603520328125 0.49738934375 0.0653850015625 0.472850259375 0.0732711640625 0.46875 0.0748363890625 0.46875 0.31875 1 0.31875 1 0 0.55053003125 0 0.54665506875 0.00831041875 0.5361818359375 0 0.5289549203125 0
0 0.0677215921875 0.562964603125 0.0534540140625 0.5572393 0.0424140296875 0.56713215625 0.0488093046875 0.5769736234374999 0.0535673359375 0.58416879375 0.06149304531250001 0.5855872718749999 0.07417026875 0.5783407140625 0.0677215921875 0.562964603125
0 0 0.6530990828125001 0.0080905828125 0.6543017796875 0.0192842609375 0.6451526453125 0.020046221875 0.633011046875 0.01119834375 0.6271302375 0 0.633402084375 0 0.6530990828125001
0 0.046897246875 0.6521409203124999 0.04709783125 0.6425590781249999 0.039426109375000004 0.6370934 0.0235278046875 0.6445820078125 0.0194913609375 0.6514310109375 0.0213357 0.660355671875 0.0283926421875 0.6628464640624999 0.0441372515625 0.6546141343749999 0.046897246875 0.6521409203124999
0 0.1453584140625 0.864777746875 0.14719623906249998 0.8578422031249999 0.14064727187499998 0.8472570125000001 0.12218955312499999 0.847636990625 0.11319449374999999 0.8568726671875 0.1123791328125 0.863479621875 0.1168297734375 0.8691873484375 0.121995484375 0.873079040625 0.13431843125 0.874670603125 0.1453584140625 0.864777746875
0 0.049761484375 0.9034310265624999 0.0463333046875 0.8973947109375 0.036155575 0.890355046875 0.0240397265625 0.8950418499999999 0.0189274171875 0.8966847999999998 0.026599137499999998 0.902150478125 0.0273676140625 0.9058690890625 0.0338631796875 0.910919634375 0.049761484375 0.9034310265624999
0 0.17494337499999998 0.817993575 0.164050571875 0.8127699453125 0.155209209375 0.8227493453125 0.15869079218749998 0.8343203031249999 0.1601743375 0.8362228796875 0.1701449703125 0.8369841781249999 0.1772488 0.829149403125 0.17494337499999998 0.817993575
0 0.3770742109375 0.31875 0.3774689109375 0.3206599296875 0.3727173953125 0.32932496875 0.398846834375 0.334410665625 0.41648267343749995 0.324777434375 0.41722651875 0.31875 0.3770742109375 0.31875
0 0.2732406421875 0.31875 0.267952165625 0.3288895796875 0.274601428125 0.334683846875 0.285440825 0.3343728328125 0.292083571875 0.32430689375 0.29309324375 0.31875 0.2732406421875 0.31875
0 0.16450119218749998 0.5405866625 0.1785616734375 0.5400335999999999 0.18581919687499998 0.5329425484375 0.191132090625 0.5217177546875 0.1835606609375 0.5114611546875001 0.16924619375 0.5160614171875 0.1612201953125 0.5194338593750001 0.15974316093750002 0.5333914921874999 0.16450119218749998 0.5405866625
1 0.46875 0.3797271109375 0.458483075 0.3802807140625 0.437211959375 0.3775992625 0.41650873437499997 0.388218265625 0.4013723890625 0.3835652734375 0.3884411765625 0.3948590328125 0.376532428125 0.4058242015625 0.3858947953125 0.4194708203125 0.3805819015625 0.4306956125 0.360032371875 0.44205833749999995 0.354672590625 0.46360869375 0.33310059999999997 0.47530000625 0.3052401421875 0.4882191390625 0.3078529578125 0.5008624125 0.2944606609375 0.5099250046874999 0.2905779109375 0.5175177296875 0.2725812796875 0.5201288749999999 0.2648691859375 0.54084896875 0.25162406718749997 0.534795075 0.23291236249999997 0.5392222531249999 0.20249249374999997 0.5450327578125 0.200454084375 0.5615501453125 0.21819672968749998 0.5629862 0.22177860468750002 0.5697662390625 0.20481095 0.5879090015624999 0.1904964828125 0.5925092609375 0.183800334375 0.597040559375 0.15696233906249998 0.6096311 0.15277871406250002 0.631596590625 0.1667389046875 0.6358344484374999 0.1686366453125 0.6502937546875 0.1753393109375 0.6616226656249999 0.1850025515625 0.6608965203125 0.1879227578125 0.6750272359375 0.17488474062499998 0.6752517078125 0.15919353281249998 0.6890186796875 0.16349699374999999 0.7098428921875 0.1597744546875 0.734039546875 0.1680609578125 0.7424801125 0.178652884375 0.76207650625 0.181212296875 0.7691851328125 0.179120484375 0.7801678796875 0.1848540875 0.7973600234375 0.1866984296875 0.8062846859375 0.1905408046875 0.8248777328125 0.1936147046875 0.8397521687499999 0.2115709640625 0.8633267968750001 0.23407164218749998 0.871958021875 0.254427103125 0.8860373484374999 0.26297410625 0.906290921875 0.2839443484375 0.9233451359375 0.293714396875 0.9336882765624999 0.3099800109375 0.9490819640625 0.3226637484375 0.9576956124999999 0.3507847109375 0.9565894875 0.3732919 0.9810809218750001 0.380402246875 0.9891063531250002 0.3993210484375 0.990957540625 0.46875 0.9686450546875001 0.46875 0.3797271109375
0 0.46875 0.5929992765625001 0.46911688281249997 0.5931933125000001 0.4809406890625 0.591297253125 0.48601061406249996 0.5820527249999999 0.4789681234375 0.5690855328125 0.46875 0.565479690625 0.46875 0.5929992765625001
0 0.46875 0.5581272765625 0.4778613265625 0.563729803125 0.48829470312499995 0.5635498218749999 0.497295 0.5606573828125001 0.49782459218749997 0.5547757640625 0.49684077968749996 0.5500151499999999 0.4869370234375 0.5443135015625 0.47642331406249994 0.5483269 0.47376539375000004 0.5523540875 0.46875 0.55766905625 0.46875 0.5581272765625
0 0.556184503125 0.38117781562499997 0.5615151765624999 0.39085010000000003 0.5788959171875 0.389744053125 0.5860515234375 0.377925421875 0.5808111031250001 0.36945588125 0.5707039859374999 0.3669926453125 0.5557303390625 0.3705355140625 0.556184503125 0.38117781562499997
0 0.594991175 0.42962819375 0.5901245890625 0.43563436875 0.5888403171875 0.443931553125 0.5998676125 0.4490028671875 0.6128785921875 0.448629159375 0.6170073687500001 0.439052446875 0.61328030625 0.42946201093749997 0.605301546875 0.42885314999999996 0.594991175 0.42962819375
0 0.5910756203125 0.46134738750000004 0.5927973015625 0.46967851875 0.6041718171875 0.46983067343750007 0.6154611125 0.4611258328125 0.6104665875 0.45384650000000004 0.59904941875 0.44926581250000003 0.590295115625 0.453348428125 0.5910756203125 0.46134738750000004
0 0.8205461828124999 0.3793522984375 0.8104817000000001 0.381317503125 0.7976790031250001 0.39114334843750004 0.7937158421875 0.40574361875000003 0.8031703374999999 0.41349346875000004 0.8192885171875 0.4070443109375 0.82178085625 0.39799355312499995 0.8263589015624999 0.3863686859375 0.8205461828124999 0.3793522984375
0 0.8897108984375001 0.31875 0.8811213359375 0.3262512671875 0.8812869640625 0.331274871875 0.8786716546874999 0.3397305578125 0.8762170062500001 0.3405194109375 0.882847921875 0.3472728546875 0.895366975 0.3445187703125 0.9018700140625 0.3379866890625 0.9080844500000002 0.32583593125 0.906731703125 0.3192900578125 0.9027609515624999 0.31875 0.8897108984375001 0.31875
0 0.882233034375 0.344297453125 0.8814181140624999 0.350698503125 0.8836710765625 0.359700346875 0.895740871875 0.3589944671875 0.8956555765624999 0.3501374453125 0.8939338953124999 0.341806315625 0.8873456328125 0.339481403125 0.882233034375 0.344297453125
0 0.9014682984375 0.357153834375 0.9084681374999999 0.36569249375 0.9137840453125001 0.35763809687500003 0.9119393859375 0.3487118921875 0.9095224921875001 0.3412388234375 0.896227821875 0.34868435937500003 0.9014682984375 0.357153834375
1 1 0.42912682343749997 0.9814855453125 0.4183789625 0.9660199921875 0.4195415515625 0.9592234625 0.407764546875 0.9361857671875 0.40184158437499995 0.9190034624999999 0.40736348749999995 0.9087307718750001 0.39987658281250005 0.8915483765625 0.40539851406250005 0.873344475 0.41442173593750004 0.8608681234375 0.4216042890625 0.8458517375 0.42071870312500004 0.8421296375 0.423818703125 0.824124178125 0.4169131140625 0.7934815765625001 0.42485695156250003 0.78447638125 0.4150589328125 0.7629570296875 0.4207054546875 0.764063825 0.42606118593750003 0.747453725 0.4301299671875 0.746271534375 0.44129814375 0.7309715390625 0.44748431093749996 0.7186131687499999 0.4425715078125 0.7048643421875 0.4393747890625 0.6868211390625 0.44073116875 0.6547503859375 0.45865299375 0.6471782703125 0.4515674328125 0.6449646765625 0.44085597343750005 0.629172828125 0.4446618390625 0.6311830656249999 0.4586116609375 0.6326587890625 0.465752603125 0.6219417859374999 0.4730043421875 0.610240909375 0.47549548750000004 0.6131923640625 0.48977742031249993 0.622973134375 0.4948839515625 0.6151222765625001 0.50756060625 0.6085766265625 0.5096641921875 0.6017850265625 0.5105776359374999 0.5944588640624999 0.504682215625 0.5787096093749999 0.512916584375 0.575399071875 0.5222303375 0.55343045 0.52992501875 0.5338275484375 0.53812865625 0.5241369625 0.55456955625 0.5097781765625 0.561087884375 0.49317300781249995 0.5778471109375 0.4798832984375 0.5979830843749999 0.47616609531250004 0.6137735421875 0.48275931875 0.628788890625 0.46875 0.635653340625 0.46875 0.6437206421875 0.46946960937500004 0.6489248609375 0.46875 0.6493361828124999 0.46875 1 0.904367209375 1 1 0.9694157687499999 1 0.42912682343749997