0 0.257956103125 0.019492025 0.23695289062499997 0.0242372796875 0.247764371875 0.038829254687499995 0.26077211875 0.0372067265625 0.25914257812499997 0.0214694359375 0.257956103125 0.019492025
0 0.26894156874999997 0.1275802 0.27121530625 0.11560684531250001 0.2665808390625 0.092805453125 0.252652990625 0.0860411234375 0.23610756249999998 0.093418446875 0.25960469062499997 0.1202432140625 0.26894156874999997 0.1275802
0 0.4084768921875 0.146307090625 0.4253104484375 0.14420734531249998 0.427218590625 0.1227152640625 0.42426938437499995 0.1082052875 0.4144215 0.1253742203125 0.400726059375 0.13133334375 0.4084768921875 0.146307090625
0 0.5286656921875 0.0505498046875 0.537138190625 0.042054057812500004 0.5361406234375 0.0294260484375 0.5359133265625 0.02855816875 0.519865246875 0.0274359765625 0.519096409375 0.030489365624999997 0.5194620046875 0.04000809375 0.5217792375 0.051408790625 0.5286656921875 0.0505498046875
0 0.3011626515625 0.24364656875000001 0.3056761515625 0.2388327609375 0.30684088125 0.229123146875 0.30048718281250003 0.2171632390625 0.2900630453125 0.22377701874999997 0.288765128125 0.23669135625 0.3011626515625 0.24364656875000001
0 0.49538052343750005 0.22260879218750002 0.4929301 0.21441281874999998 0.4880510046875 0.2097079 0.4817190546875 0.209435015625 0.475464571875 0.2134032828125 0.4738228078125 0.2284859171875 0.48226133281249994 0.23912306874999997 0.4878281234375 0.239491396875 0.4951916140625 0.233259390625 0.49538052343750005 0.22260879218750002
0 0.5812553140625 0.2320885125 0.584926184375 0.22312899531250002 0.58316345625 0.21059642968749998 0.5814781953125 0.2023050140625 0.5743036140625 0.19788642343750001 0.5710323109375001 0.19723176874999998 0.5599762 0.20073626562500002 0.5583344375 0.2158189 0.5647656046875 0.232019959375 0.57151886875 0.2343656953125 0.5812553140625 0.2320885125
0 0.397093284375 0.31032065625 0.3960617453125 0.3168255453125 0.400940840625 0.3215304671875 0.411386728125 0.3266037125 0.41561210156249995 0.3165123265625 0.414692003125 0.3081254671875 0.41036741093750007 0.302288678125 0.40348095624999997 0.30314766406250004 0.397093284375 0.31032065625
0 0.193050703125 0.622701959375 0.183769546875 0.6079190999999999 0.1781252875 0.6033096234374999 0.16553885468750001 0.60700500625 0.14725244531249998 0.6135367875 0.16223357968750002 0.6254832515625 0.1738659421875 0.6325339078125001 0.1865298421875 0.6330796750000001 0.1926511359375 0.63231613125 0.193050703125 0.622701959375
0 0.2004699125 0.609024078125 0.19780883437500002 0.5997916796875 0.192164575 0.5951822046874999 0.1828494484375 0.5995322421875 0.190965875 0.624024715625 0.199116275 0.6293842921875 0.2007797875 0.6259886828125001 0.20223264375 0.6215566453125 0.2004699125 0.609024078125
0 0.21738093906249997 0.6111654859375 0.2074338375 0.61240624375 0.20534900937499997 0.613729 0.2036297765625 0.6245704828124999 0.20956216093750002 0.6344575375 0.2213059640625 0.6266164468750001 0.21996454999999998 0.616156734375 0.21738093906249997 0.6111654859375
0 0.07493308125 0.4854688453125 0.062613025 0.48275478125 0.059995442187500005 0.49689643281249996 0.060782353125 0.508488015625 0.07386756875 0.5111066359375 0.0872191640625 0.507315809375 0.0816306265625 0.49526045781250005 0.07493308125 0.4854688453125
1 0.6 0.6390625 0.6 0.2755052328125 0.598309053125 0.2735321421875 0.5891271140625001 0.2746774578125 0.5717608000000001 0.2895960984375 0.5499706796875 0.28274977031250004 0.5348998515625001 0.29738208125 0.51339785625 0.29581333125 0.5101483015625 0.3068457015625 0.48336764218750006 0.310186203125 0.46775453593750005 0.29513045937500004 0.45279515000000004 0.29487102187500003 0.462751775 0.33613721406249997 0.451918546875 0.3098582140625 0.431469840625 0.3134715984375 0.4309370828125 0.32629049375 0.44245800625 0.3482329 0.42960519374999995 0.35833773125 0.4280408984375 0.377661515625 0.410253271875 0.3905073015625 0.4199244703125 0.353169040625 0.410454403125 0.349036778125 0.389550409375 0.369710209375 0.3827849203125 0.3981843953125 0.38921608750000003 0.4143854546875 0.3784263546875 0.4114805046875 0.3683243171875 0.4042389625 0.36453248125000004 0.38558327812500004 0.35033825625000004 0.3852283984375 0.3415219109375 0.395892440625 0.353309209375 0.411425396875 0.35180063437500003 0.42330330937499994 0.3589194953125 0.43516777500000003 0.3539846796875 0.43790872968750005 0.3415096875 0.4267123640625 0.3338240984375 0.44679969374999995 0.351655221875 0.45732795781249996 0.3466646859375 0.46751478593750007 0.3411196453125 0.47883348437500006 0.3338118734375 0.4776196171875 0.32164675625 0.483387853125 0.3048132 0.4854875984375 0.31057842343750003 0.5177122765625 0.3064522640625 0.5437318359375001 0.3033576453125 0.5632465078125 0.2038213859375 0.5405930125 0.2569709109375 0.574346103125 0.2613172515625 0.59186991875 0.2733926765625 0.6126804531250001 0.3080356078125 0.60942195 0.3052073671875 0.6225271734375 0.2956041125 0.621599634375 0.2766082609375 0.620780984375 0.274415278125 0.6390625 0.6 0.6390625
0 0.732915628125 0.21411796718749998 0.7410442796875 0.20779051875 0.740523746875 0.18978948906249998 0.7321069703124999 0.1908393609375 0.72034141875 0.1869934265625 0.7127455234375 0.18050198281250002 0.7093627781249999 0.194739075 0.7137648390625 0.204817015625 0.7165033875 0.2182905671875 0.72486444375 0.22468656875 0.732915628125 0.21411796718749998
0 0.826900021875 0.1322563390625 0.8211008265625 0.1191645625 0.8173307390625 0.11219590156249999 0.8108995718750001 0.0959948421875 0.8066307 0.08271217812500001 0.8054877203125 0.104108815625 0.8059307828125 0.11786869687499998 0.8050541812500001 0.1328558875 0.810853375 0.14594766718750002 0.826156609375 0.1440388078125 0.826900021875 0.1322563390625
0 0.829248528125 0.1978510109375 0.8235485499999999 0.20068740625 0.8216743796875001 0.2030465890625 0.8212748140624999 0.21266076093750003 0.82686335 0.2247161109375 0.835435065625 0.23214854062499998 0.847677653125 0.23062145625000002 0.8491305062500001 0.2261894171875 0.8460481124999999 0.214884165625 0.8413579265625 0.199528646875 0.8320985171874999 0.1964328125 0.829248528125 0.1978510109375
0 0.738504165625 0.22617331875 0.7408213984375001 0.237574015625 0.7449353328124999 0.24237437812499998 0.74918245625 0.24397001718750003 0.759262746875 0.2395245359375 0.7551270640625 0.2230371484375 0.7509356609375 0.21399563437500002 0.7459233765625 0.2124954390625 0.7389037328125 0.21655914843750002 0.738504165625 0.22617331875
0 0.6823347906249999 0.2895029234375 0.6813807187500001 0.3002489640625 0.6884995796875 0.312113428125 0.6941438390625 0.3167229078125 0.7044347859375 0.31331385156249997 0.7013523906250001 0.3020085984375 0.695553196875 0.28891681875 0.6903302531250001 0.286380196875 0.6838651140625001 0.2893120375 0.6823347906249999 0.2895029234375
0 0.6 0.39453938593750004 0.60105779375 0.3952843703125 0.605859421875 0.3957481375 0.61337785 0.3979984328125 0.6206638718749999 0.387525275 0.6154191796874999 0.3733016265625 0.6097749234375 0.3686921515625 0.6008036406249999 0.370873890625 0.6 0.3718855046875 0.6 0.39453938593750004
0 0.683840665625 0.3509518859375 0.6790172906249999 0.33880109062499997 0.6689152515625001 0.3315595484375 0.6593677171875 0.3231861359375 0.6549316828125 0.3322410921875 0.660653409375 0.341091721875 0.6685374328125 0.35286074375 0.6770316796875 0.35605202343750003 0.683840665625 0.3509518859375
1 0.6 0.6390625 1 0.6390625 1 0.327325953125 0.998975828125 0.3265211515625 0.9830963421875 0.31787485625 0.9639455515625001 0.308573903125 0.9401480718749999 0.307291484375 0.9145878625 0.293476496875 0.89641289375 0.2851165296875 0.8814317578124999 0.273170065625 0.862491625 0.264905540625 0.841931478125 0.28341067343750004 0.8112475437500001 0.28298724218750004 0.802908234375 0.2882782640625 0.77863371875 0.2923688640625 0.7663911328124999 0.29389595156250004 0.7389785015625 0.294127171875 0.7174207859375 0.3000042984375 0.708183125 0.3085954875 0.7144811046874999 0.32800126875 0.6964828203125 0.3398106265625 0.6854484578125 0.35500215 0.660774375 0.368706921875 0.649108040625 0.38078916406249996 0.6630576359375 0.39924051718750003 0.6472773671875001 0.4065223953125 0.6186007906250001 0.40053505468750006 0.6132106875 0.42033605625000003 0.6 0.41314290624999994 0.6 0.6390625
0 0.1307462203125 0.8589326312499999 0.1325211734375 0.8406452734375 0.1226855125 0.82699428125 0.114191265625 0.823803003125 0.11094171093750001 0.8348353718749999 0.1216200015625 0.852632071875 0.1307462203125 0.8589326312499999
0 0.1090988140625 0.89138853125 0.10456356250000001 0.8845153124999999 0.0946721828125 0.878310196875 0.084192325 0.89236985 0.089359546875 0.902352346875 0.0957689671875 0.9068663796875001 0.1057935359375 0.9098667734375001 0.11371153281249999 0.902502896875 0.1090988140625 0.89138853125
0 0.224423440625 0.6867795265625001 0.21713741718750001 0.697252684375 0.2190333359375 0.7065805265625 0.2364431453125 0.7150359359375 0.24617958906249998 0.7127587515625 0.2473443171875 0.7030491375000001 0.24341929375000002 0.6875981765625 0.2342930734375 0.6812976187500001 0.224423440625 0.6867795265625001
0 0.1951896609375 0.7552509296875 0.19096428593749998 0.765342315625 0.2012769828125 0.773620284375 0.21053639062500001 0.776716121875 0.2142072609375 0.7677566046875001 0.2141855125 0.7560695796875 0.20965026406249998 0.7491963625 0.198938 0.7505325640625 0.1951896609375 0.7552509296875
1 0.2782148 0.6390625 0.273117884375 0.644573678125 0.2782293859375 0.6620020484375 0.27421466875 0.6731298625 0.27618805625 0.6866988546874999 0.284360203125 0.70374545625 0.274413103125 0.7049862140625 0.26815862031250004 0.7089544796875 0.257257446875 0.720941278125 0.24161036875000003 0.7250184359375 0.23082063593750002 0.722113484375 0.21306698124999998 0.7158263703125 0.2102944609375 0.7214857203125 0.1935940921875 0.720380740625 0.175341653125 0.707779621875 0.1532076859375 0.7031015921875 0.159428196875 0.718266225 0.1809519390625 0.7315219984375 0.1930056171875 0.7406455109375 0.20672280625 0.7463734109375 0.217933853125 0.7513512140625 0.222202725 0.7646338781249999 0.21652449375 0.7791573015625 0.2143282265625 0.79537180625 0.20769592499999998 0.82064126875 0.206841071875 0.847315484375 0.21424805781249998 0.8644575281249999 0.209257521875 0.8746443562499999 0.1961723046875 0.872025734375 0.177253921875 0.8754482359375 0.1478679046875 0.8621104640624999 0.1577253125 0.8874484796875001 0.1832298015625 0.9087093390625001 0.1820650734375 0.918418953125 0.1590327546875 0.9170410921875 0.1392499921875 0.9046308562500001 0.13816273125 0.9185816234375 0.11779149375 0.9264361593749999 0.14828651875 0.9375101921875 0.1669602734375 0.9521841625 0.19020325 0.9545984546875002 0.18814017031250002 0.967608234375 0.1952807796875 0.9911597249999999 0.2183905671875 0.9967787375 0.219518059375 1 0.6 1 0.6 0.6390625 0.3067794046875 0.6390625 0.3052546734375 0.6405650765625001 0.2949637265625 0.64397413125 0.29121611718749996 0.6390625 0.2782148 0.6390625
0 0.6 0.6390625 0.6 0.6657223671875 0.607288665625 0.6661436640625 0.6124898609375 0.6569932625 0.6087754921874999 0.6425787281249999 0.60282025625 0.6390625 0.6 0.6390625
0 0.6977028328125 0.871657296875 0.711708146875 0.882662775 0.718882728125 0.8870813656250001 0.7376679218750001 0.8868635890625001 0.7423146125 0.8788450593749999 0.7369924546875 0.8603802609375 0.7307936921875 0.8569026531249999 0.7173089078125 0.8638982015625001 0.71445891875 0.8653164015625 0.7024827109375 0.860434040625 0.6977028328125 0.871657296875
0 0.7366676562500001 0.9475624546875 0.72608858125 0.9456939312499999 0.7164853265625 0.9447663937499999 0.7062935953125 0.9641036234375001 0.7125915734375 0.9835094062499999 0.7252337265625 0.9723681484375 0.736766871875 0.963490628125 0.7366676562500001 0.9475624546875
1 1 1 1 0.6390625 0.7292127734375 0.6390625 0.730879259375 0.6411631828125001 0.7409812984374999 0.6484047265624999 0.739262065625 0.659246209375 0.730080125 0.660391525 0.7133022890625 0.6550453953125001 0.6988199374999999 0.649412934375 0.6867880093750001 0.65197645 0.7097088859375 0.6682460625 0.7216850953125 0.673128421875 0.7207310234375 0.6838744640625001 0.7108613921875 0.689356371875 0.699916721875 0.6779691203125 0.6860445953125 0.6637589171875 0.6702643265625 0.6710407968750001 0.685056553125 0.6936378578125 0.692042225 0.7087070468750001 0.7049385312500001 0.7219762656250001 0.7039844609375 0.7327223078125 0.717435271875 0.7448596578125001 0.7301548953125 0.73795955 0.7401794640625 0.740959940625 0.735188928125 0.7511467703125 0.738348790625 0.766693175 0.74013326875 0.7909127640625 0.7289439703125 0.7976219875 0.7325808687500001 0.8077953687499999 0.7309391046875 0.8228780046875 0.737237084375 0.8422837874999999 0.751796903125 0.8521573984374999 0.7532932546875 0.871099409375 0.764792428125 0.8813547906250001 0.77351908125 0.8972695218750001 0.789553503125 0.91439811875 0.78393099375 0.92147566875 0.7888535859375 0.9495546375 0.7600098484375 0.9659049203125001 0.79570606875 0.9678285515624999 0.8066507375 0.979215803125 0.816285734375 1 1 1