0 0.3906517328125 0.1577438625 0.39217023281249996 0.16638409999999998 0.41318163124999996 0.1693921078125 0.414884415625 0.1609039390625 0.41351204218750004 0.156302859375 0.4061545609375 0.15293134218749999 0.39771695937499996 0.1530370609375 0.3906517328125 0.1577438625
0 0.392088934375 0.2796875 0.3904418703125 0.27416548125 0.383020865625 0.2634824921875 0.367600640625 0.2650227 0.3688904125 0.27289609062500003 0.37091609999999997 0.2796875 0.392088934375 0.2796875
0 0.3190082296875 0.2440796046875 0.3249933375 0.24285004375 0.32592733125 0.23533364687499997 0.32754751249999997 0.2301177875 0.3155963765625 0.221993125 0.2994073609375 0.22450510625 0.296872265625 0.226653578125 0.2996170125 0.235855734375 0.306205703125 0.24019902656249997 0.3190082296875 0.2440796046875
0 0.27572752968750003 0.169959803125 0.27248716875 0.1803915203125 0.2752319140625 0.189593678125 0.288263171875 0.19424110156250002 0.31120608125000004 0.1895277875 0.31351245 0.18661246874999998 0.31008151562499997 0.17510977187500001 0.3059453171875 0.1718903203125 0.2929966625 0.16397058281250002 0.27572752968750003 0.169959803125
1 0 0 0 0.1809782546875 0.0212715859375 0.18642560625 0.0343219203125 0.180489246875 0.027834910937500002 0.1622898578125 0.0457902328125 0.15860117812500002 0.0530206625 0.1473497546875 0.0803285015625 0.14662273750000002 0.094376353125 0.14048145 0.08872165625 0.1286217625 0.0970957328125 0.12120457031250001 0.1131830671875 0.1325486859375 0.137415746875 0.1357087625 0.1398873203125 0.1262488171875 0.1337751640625 0.1128554359375 0.15794432187500002 0.10870404062500001 0.177272015625 0.1096164390625 0.2111050203125 0.10592124218750001 0.23972170625000003 0.102483834375 0.257677028125 0.09879515312500001 0.2688149296875 0.089996334375 0.28425423437499997 0.07787234374999999 0.29025841875 0.0660589984375 0.2962626046875 0.0542456546875 0.30519581875 0.034506059374999995 0.31065994531249996 0.024431334375 0.3171215890625 0.014151684375000001 0.342370865625 0.00652305 0.3441616625 0 0 0
0 0.34440384687500003 0.1127178796875 0.3405154546875 0.09968149062500001 0.3251778328125 0.0979493859375 0.3140399296875 0.106748203125 0.308741009375 0.1102783046875 0.3174708640625 0.1182509 0.3287358125 0.124075025 0.33879359375 0.11875344531250001 0.34440384687500003 0.1127178796875
0 0.7086240953124999 0 0.7083449156249999 0.001016925 0.7133829453125 0.0095564671875 0.7273683703125 0.010513162500000001 0.7306340312499999 0 0.7086240953124999 0
0 0.6509679687500001 0.04248531875 0.6733401625 0.0465063359375 0.67245815 0.0351980859375 0.6659774765625001 0.025997464062499996 0.655512703125 0.0243174953125 0.646931578125 0.028952734375 0.6509679687500001 0.04248531875
0 0.5890625 0.6639939015625 0.5821799171875 0.6588349203125 0.5708958890625 0.6635945796875 0.5594466578125 0.6748988640625 0.5641864390625 0.68369116875 0.576220178125 0.68854351875 0.5848229828125 0.681893171875 0.5890625 0.6769415765625 0.5890625 0.6639939015625
0 0.5050597109375 0.6771197421874999 0.48687566093749995 0.6800415765625 0.483781428125 0.694512453125 0.50026269375 0.7000787890625 0.50709919375 0.69460514375 0.5061207546875 0.6842262875 0.5050597109375 0.6771197421874999
0 0.42597633906250004 0.6355840296874999 0.4035734875 0.6385587234375001 0.4001043984375 0.64822359375 0.406839215625 0.6566060453125 0.422176840625 0.65833815 0.4264147171875 0.64770150625 0.42597633906250004 0.6355840296874999
0 0.420633184375 0.4934466234375 0.4067505359375 0.4930432859375 0.39769027343749996 0.4981599375 0.40103860312500006 0.512934946875 0.4146099203125 0.5158437515625 0.4202201703125 0.5098081859375 0.42759672968749995 0.5025959203125 0.42753320781250004 0.49528444999999993 0.420633184375 0.4934466234375
0 0.33806121875 0.727704065625 0.3355452015625 0.7192687546875 0.32320013125 0.7169218703125 0.3095271359375 0.7278691625 0.3147243734375 0.7381951578125 0.32461695 0.739418203125 0.3365871640625 0.7369590828125 0.33806121875 0.727704065625
0 0.2288231578125 0.9470938078125 0.22821957187500003 0.94152095625 0.22516349687499998 0.9348242640625 0.20783083750000003 0.9335020140625 0.20037167500000003 0.9439865906249999 0.206337703125 0.9533408156250001 0.21492143125 0.957274253125 0.22358776093750002 0.9579353796875001 0.2288231578125 0.9470938078125
0 0.28897948281249997 0.7654576671875 0.279004303125 0.767506934375 0.2716277453125 0.7747191984375 0.273457575 0.7808539703124999 0.276284925 0.786783815625 0.287257621875 0.784529621875 0.2948629078125 0.7780842015625 0.2950281125 0.771539578125 0.28897948281249997 0.7654576671875
1 0 0.2796875 0 0.8847891078125001 0.012095109375 0.884191375 0.02161283125 0.880608415625 0.037261784375 0.8798350546875 0.0365946765625 0.86695073125 0.03254108125 0.8604589671875 0.056792842187500005 0.8530352609375 0.0721304625 0.8547673640625 0.0792782921875 0.846788253125 0.0953847046875 0.8475485828124999 0.08453905625 0.8644257203125001 0.11076677343750001 0.8671759437500001 0.1275402953125 0.880820596875 0.1439580375 0.8790754625 0.16498851718750002 0.8714996890624999 0.16087139687500002 0.8576964546875001 0.14461885624999998 0.8528969640625 0.13942161718749999 0.8425709671875001 0.1474017609375 0.840931553125 0.15621421562499999 0.8456318375 0.1669391046875 0.85319458125 0.20156626718749998 0.87700665 0.2067635046875 0.8873326468750001 0.22133234062499998 0.8900365234375001 0.2348655 0.9141128953125002 0.242242059375 0.9069006312500001 0.235507240625 0.8985181812499998 0.26096616875 0.9022401765625 0.25377389375 0.8923240343749999 0.226942590625 0.884000959375 0.21661163593750002 0.8706604375000001 0.2062616015625 0.8679037000000001 0.160553775 0.8211390968749999 0.1565827828125 0.8113750203125001 0.16747287500000002 0.8123931390625 0.1742902984375 0.817503278125 0.18549172187500002 0.8160159312499999 0.19432325625 0.8101324312500001 0.23162535 0.7967723640625 0.249059690625 0.7842385203125 0.2640415359375 0.7705808359375 0.27571949687499997 0.7600433953125 0.281247146875 0.75728014375 0.3019281359375 0.773377403125 0.3115538265625 0.79500116875 0.3414412046875 0.8100209343749999 0.35073019843750003 0.8056711296875001 0.34898296875 0.7962640453125001 0.350539625 0.783736715625 0.32603377031249997 0.7619145375 0.316929059375 0.7491359359375 0.2963941984375 0.737077834375 0.290968228125 0.725984990625 0.29476772812499996 0.7032308703125 0.30353573906250003 0.6900359 0.3122211453125 0.6801132437499999 0.327082234375 0.6908954375 0.3417527484375 0.67974321875 0.36147437656250003 0.6748778390625001 0.3611186 0.65948805 0.3493135890625 0.6554025453125 0.3459652609375 0.6406275375 0.3472931859375 0.6273333609374999 0.36855239375000004 0.6205244328124999 0.350241296875 0.608823325 0.36191925625 0.5982858875 0.3854466734375 0.6097292078125001 0.40155308593749994 0.6104895406249999 0.4647969328125 0.6308642 0.40647715 0.602153434375 0.390078484375 0.593314784375 0.36738338125 0.5882111625 0.366570146875 0.57128768125 0.37733319375 0.5576828578125 0.3643210140625 0.5424516500000001 0.36741524999999997 0.5279807734374999 0.37044596093750004 0.506198425 0.368717809375 0.48620755937500004 0.366741853125 0.476033628125 0.3514042296875 0.474301525 0.34975868125 0.45103834374999996 0.3500890921875 0.43794909375 0.3578595828125 0.42495905 0.3496062671875 0.4079363625 0.34202005625 0.4037979984375 0.35646184375 0.39187893437500004 0.368057203125 0.3846138078125 0.389627740625 0.3752994140625 0.356893934375 0.36493358750000005 0.322438265625 0.373639715625 0.30150947031249997 0.36735939375 0.29668708593750004 0.361839403125 0.2873536484375 0.3482939546875 0.2818641546875 0.3298896390625 0.269372959375 0.3235035953125 0.2549058046875 0.3069436234375 0.233456028125 0.2918181359375 0.21215237656250002 0.28073180781249996 0.210398390625 0.2796875 0 0.2796875
0 0.8615702546874999 0.8025969249999999 0.8677014890624999 0.8054065218750001 0.87782279375 0.8073964140625 0.8829755875 0.79982715625 0.8811457562499999 0.793692384375 0.8786297390625 0.7852570734375 0.87187584375 0.7874584078125 0.8694233484375001 0.78633456875 0.8599056296875001 0.7899175281249999 0.8566017437500001 0.793037775 0.8615702546874999 0.8025969249999999
0 0.824757275 0.8850325437500001 0.8420073312499999 0.8896271078125 0.839739121875 0.8713748593750001 0.8291603593750001 0.8678512765625002 0.8175014749999999 0.8678049296874999 0.809978790625 0.8709780375000001 0.8125774109374999 0.876141034375 0.824757275 0.8850325437500001
0 0.7791192609375 0.8846422359375001 0.7851043671875 0.8834126765625001 0.7904858921875 0.8766102640625 0.7884908546875 0.8770201171875 0.7886751390625 0.859891709375 0.7807140734375 0.8509473390625001 0.76537645 0.849215234375 0.761221175 0.8565795656249999 0.767250728125 0.8732452609374999 0.7791192609375 0.8846422359375001
0 0.749492478125 0.810158928125 0.739123365625 0.8179859734375 0.7365691921875 0.8307182296875 0.7466078953124999 0.8359804343749999 0.7602618125 0.8356169250000001 0.768013228125 0.833210665625 0.7719397765625 0.8250794875 0.7724163125000001 0.8160293953124999 0.7703577515625 0.8091277796874999 0.762002753125 0.8059611859375 0.749492478125 0.810158928125
0 0.865713165625 0.5893346984375001 0.8683117859374999 0.594497696875 0.87720684375 0.59592566875 0.8846469265625 0.5960248734375 0.9033710359375 0.591364421875 0.9010202249999999 0.576384484375 0.8889864859374998 0.5715321343750001 0.8707198328124999 0.57772628125 0.8637372093749999 0.57916076875 0.865713165625 0.5893346984375001
0 0.9359842953124999 0.4983978765625 0.9270066328125001 0.5002422171875001 0.9200875328125001 0.5089881765625 0.9242872546875001 0.5195190984375 0.9301071578125001 0.5248341640625 0.9429096843749999 0.528714740625 0.9584951140625 0.520629909375 0.9644166984375 0.512088878125 0.9572244218750001 0.502172734375 0.948411965625 0.49747245000000007 0.9359842953124999 0.4983978765625
0 1 0.3820154765625 0.9921186796875 0.37781183125 0.9778420984375 0.3831862734375 0.9723144484375 0.385949525 0.9644804328125 0.39162809843749996 0.9558776296874999 0.39827844375000004 0.9590989109375 0.3984305109375 0.972670228125 0.401339315625 0.9957592640625 0.400665159375 1 0.397185225 1 0.3820154765625
0 0.9381956921875 0.2928569765625 0.936804240625 0.2988396828125 0.9381766140625001 0.3034407609375 0.9460741562500001 0.3050736578125 0.9578791656250001 0.3091591625 0.9708468968750001 0.306495115625 0.9775372687499999 0.2969823109375 0.9734201500000002 0.2831790765625 0.9545499124999999 0.2838003703125 0.9381956921875 0.2928569765625
1 0.5890625 0.2796875 0.5890625 0.7702930125 0.600538409375 0.7650728296875 0.5968787484375 0.7528032859375 0.6166003765625 0.74793790625 0.6181823984375 0.7638896140625 0.6358073125 0.7732901828125 0.6407504546875 0.7543702953125 0.6567298203125 0.7405076828125 0.6678486421875001 0.7422926484375 0.6788213390625 0.7400384546875001 0.6845586390625 0.7486258328125001 0.7036576046875 0.7487713828125 0.7216955281249999 0.741810390625 0.729713828125 0.719003409375 0.7328906640625 0.7012602218749999 0.7282970078125001 0.696507075 0.7535462875000001 0.6888784421875 0.7357117234375 0.6681272437500001 0.7655355796875 0.6758355390624999 0.7871251953125 0.6559373609375 0.8099410578124999 0.6366011046875 0.8170888875 0.6286219921875 0.8150494046875 0.6111365921875 0.8270386984375 0.5980936874999999 0.8499816093749999 0.5933803734375 0.8640294609375001 0.5872390859375 0.870408503125 0.580231746875 0.879780096875 0.5726096281249999 0.8792591125 0.5637644640625 0.888567184375 0.5488308749999999 0.9129015468749999 0.5381348546875 0.91046813125 0.5264272328125 0.9180098953125 0.5126703421875 0.9275657734375 0.4879198140625 0.9559918875000001 0.4625479921875 0.953869803125 0.448334903125 0.9400062343750001 0.43734778125 0.9205959374999999 0.4397076953125 0.9143821015625001 0.440170409375 0.9159578359375 0.4170592953125 0.928696840625 0.413628403125 0.9123807765624999 0.401517440625 0.92582504375 0.389803303125 0.9128954703125001 0.37129978281250003 0.9186074015625 0.351408121875 0.9075902593749999 0.335767059375 0.9335257234375 0.3304389671875 0.9367025625000001 0.31269577656249997 0.923836509375 0.30150372812500004 0.9032825687500001 0.3000294109375 0.8997690328125 0.29179902812499997 0.8891183 0.2796875 0.5890625 0.2796875