0 0.1070416453125 0.659375 0.10937595 0.651098603125 0.09613148437499999 0.6353421515625 0.08202769843749999 0.64294870625 0.07901393906250001 0.6474509375 0.0858674703125 0.658484 0.0890787796875 0.659375 0.1070416453125 0.659375
0 0.07214738125 0.604664715625 0.0613085640625 0.5971619015625 0.053998950000000004 0.5956957390625 0.050681134375000006 0.6065759046875 0.054468059375 0.6178819953125 0.0605549390625 0.6289833140625001 0.0720547140625 0.6279594656249999 0.0765489296875 0.6190915171875 0.07214738125 0.604664715625
0 0.12424712812500001 0.52064036875 0.11239045 0.52381295 0.11096284062499999 0.5324078703125 0.11613104062499999 0.546766415625 0.12461705625 0.5502447953125 0.13458352812500002 0.5493574578125 0.13831109218749998 0.5405577671875 0.13472904218749998 0.5302919125 0.12424712812500001 0.52064036875
0 0.15587169218750002 0.4871289234375 0.1424817125 0.49043801875000004 0.13763059375 0.5014546953125001 0.1441800703125 0.5188656953125 0.1519457671875 0.51076495625 0.156545678125 0.5103554171875 0.1649259984375 0.5053753875 0.16231547500000001 0.4960815140625 0.15587169218750002 0.4871289234375
0 0.21826802031249998 0.45934561875 0.2131526671875 0.44921627812500003 0.198275715625 0.4410145109375 0.1893336171875 0.44710303281249997 0.1868353015625 0.4621441421875 0.191441725 0.47761118125 0.197931840625 0.47491639843750005 0.2090747140625 0.476041278125 0.21551198125 0.46911728906250005 0.21826802031249998 0.45934561875
1 0 0 0 0.553843009375 0.0158980359375 0.5408717000000001 0.0712026484375 0.5444156265625 0.0986964140625 0.5334999765624999 0.1124831171875 0.5005181999999999 0.1588789390625 0.466750115625 0.164999125 0.43445090625000005 0.19147503125 0.43421065 0.1958635546875 0.41688429375 0.2145672484375 0.4088682 0.21006000625 0.3859829921875 0.2296875 0.36926129531249996 0.2296875 0.0004909265625 0.2294653484375 0 0 0
0 0.6227354125 0.5903557515625 0.6157298546875 0.582511653125 0.60121631875 0.5880377343750001 0.5992269328125 0.5977411499999999 0.60362848125 0.61216795 0.613799828125 0.6123208499999999 0.6206468453125 0.6074773359375001 0.625398784375 0.6038788281249999 0.624579284375 0.5997178828124999 0.6227354125 0.5903557515625
0 0.49698153125 0.659375 0.5012670890625 0.6509187734374999 0.4894567453125 0.6424439796875 0.476522846875 0.636186171875 0.470495328125 0.645190634375 0.4737204765625 0.65760521875 0.47499430625 0.659375 0.49698153125 0.659375
0 0.6397146984375001 0.4904056671875 0.6515250406249999 0.49888046093750005 0.6639963421874999 0.4988285890625 0.663989828125 0.4829520109375 0.6590793484375 0.47386290625000005 0.64747388125 0.46642835 0.6340839 0.46973744375 0.6397146984375001 0.4904056671875
0 0.790468553125 0.3012764984375 0.8038650468749999 0.31384398281250003 0.8092779406249999 0.3017188109375 0.8105535234375001 0.29631285625000003 0.806204821875 0.286115259375 0.7913807171875 0.282142696875 0.78739543125 0.285672946875 0.790468553125 0.3012764984375
0 0.6818609984374999 0.43902181249999994 0.6842072875 0.42716966718749994 0.6844584953124999 0.41656252968749996 0.6758667859374999 0.40462574218749997 0.675205828125 0.41315240624999994 0.6666206328125 0.417092196875 0.6656027718749999 0.42776759374999995 0.66627024375 0.43511750468750005 0.67419448125 0.4397043796875 0.6818609984374999 0.43902181249999994
0 0.666840753125 0.081535321875 0.6732316875000001 0.0862587078125 0.688359846875 0.0838533359375 0.7062042234375 0.099200246875 0.7048757953125 0.1003769984375 0.716838165625 0.10566282499999999 0.7072220828125 0.088524853125 0.6986832203125 0.0808172703125 0.703435159375 0.07721876250000001 0.714214615625 0.0646157953125 0.7066472796875 0.05788019062500001 0.6920345640625001 0.0708244421875 0.6827290500000001 0.0631851140625 0.67291460625 0.060883484375 0.6653009375 0.06579525625 0.66499688125 0.07217319062500001 0.666840753125 0.081535321875
1 0.2296875 0 0.2296875 0.5559365703125 0.2341689953125 0.558266615625 0.2567189765625 0.5816623937500001 0.2761958375 0.5894546203125001 0.2896915109375 0.594603934375 0.3038481421875 0.59122658125 0.32235347656249996 0.5980468296875 0.33656946875 0.614775259375 0.339027965625 0.6272581015625 0.3460236421875 0.659375 0.3646882859375 0.659375 0.365616078125 0.651352834375 0.3579893828125 0.6245114468749999 0.36979972656250004 0.632986240625 0.3884570875 0.636617521875 0.39606424375 0.615829171875 0.4022503046875 0.6195123234375 0.41334032968750006 0.6164079984375 0.4240206046875 0.6112232015625 0.43787318124999997 0.614223784375 0.446973821875 0.620822875 0.459954053125 0.61543330625 0.47646348750000006 0.6160803921875 0.4870909171875001 0.6066663890624999 0.49674681875 0.5962804078125 0.5124367546874999 0.59276654375 0.5201032703124999 0.5920839765625 0.5250072375 0.585296503125 0.5408492 0.5785936734375 0.5579797703125 0.59823804375 0.5743436921875 0.617950671875 0.622807196875 0.659375 0.623557446875 0.659375 0.5788379078125001 0.6090827234375 0.57187868125 0.5895912515624999 0.5482051484375 0.5684124609375 0.55668465 0.5560142609375001 0.5735574999999999 0.5703891921875 0.5631219187500001 0.5490902734375 0.57799235625 0.5414154625 0.581006115625 0.5369132328124999 0.59669605 0.5333993687499999 0.6062592859375 0.5463081375 0.618882615625 0.5430672999999999 0.6150363296875 0.5116554265625 0.6109916828124999 0.49507989375 0.6022479468749999 0.48633207343749996 0.6080705906249999 0.47628737499999996 0.616602940625 0.4681183796875 0.6349432187499999 0.4463744375 0.65309165 0.45534341562499997 0.67037425 0.4717988203125 0.6861698796875 0.47674336406249995 0.7043711578125 0.4899415453125 0.7206228703125 0.4853191875 0.73493153125 0.47875286875 0.7232732140625 0.4670891078125 0.7052239640625 0.450701959375 0.6782854609375 0.4446325375 0.6562509249999999 0.4317756390625 0.6583923375 0.4188832578125 0.6629857343750001 0.4025971390625 0.6689075609375 0.38513427031249997 0.6734481109375 0.36461894687499996 0.6675067453125 0.3344520828125 0.6720538078125 0.32981333749999997 0.6730716671875 0.31913794375000004 0.6679034671874999 0.304779396875 0.6543549453125 0.2954008828125 0.661763740625 0.2894488734375 0.672959459375 0.29480295624999997 0.6866071625 0.296763303125 0.7241332734375 0.3209426796875 0.741363025 0.3331688796875 0.780633828125 0.37412855624999997 0.785180890625 0.3694898125 0.763853646875 0.3364588765625 0.78409715625 0.344182846875 0.7869060421875 0.338640378125 0.75296198125 0.324726859375 0.7482035312499999 0.3124487875 0.7382370578125 0.313336125 0.6919672109375 0.280408928125 0.6849616515625 0.27256483125000003 0.691861515625 0.271950521875 0.708628671875 0.2778670453125 0.7125545984375 0.2542310109375 0.7094814781250001 0.2386274609375 0.68979974375 0.229794996875 0.6838120437499999 0.21127550312499999 0.6639319484375 0.2172793828125 0.6649498078125 0.2066039875 0.659266165625 0.18170656093749998 0.654706075 0.1545921484375 0.671010634375 0.1541989953125 0.6662985156250001 0.1302735484375 0.6667546 0.12070664687499999 0.662914828125 0.105171353125 0.643180246875 0.09210968593749999 0.6471126843749999 0.08435023124999999 0.637496603125 0.067212259375 0.6272195625 0.0586009515625 0.6092694921875 0.034795634375 0.6119667296875 0 0.2296875 0
1 0 1 0.2296875 1 0.2296875 0.659375 0 0.659375 0 1
0 0.8826086937500002 0.8121055546875 0.8764291484375001 0.8242989843749999 0.8805729750000001 0.8334563453125 0.8869639093749999 0.8381797328125 0.8960117015625 0.8405496187500001 0.8907378078124999 0.8177326656249999 0.8826086937500002 0.8121055546875
0 0.9065204093750001 0.790924053125 0.9122967203125001 0.7925267296875 0.9226729421875 0.7937198671875001 0.9222566796875 0.775762815625 0.91964615625 0.766468940625 0.9105983625 0.764099053125 0.90564155 0.7666573234375 0.901761959375 0.7786459828125001 0.9065204093750001 0.790924053125
0 0.7619461015625 0.9678597937500001 0.7672134828125 0.9748001671875001 0.7755474703125 0.9814675140624999 0.78152865625 0.9841104265624999 0.7891951734375 0.9834278609375 0.78903663125 0.9707402484375001 0.781568475 0.9565864749999999 0.7716020046875001 0.9574738125 0.7633737109375 0.9592648703125001 0.7619461015625 0.9678597937500001
0 0.8177401046874999 0.9184362859374999 0.8172246624999999 0.9078974046875 0.8130808343750001 0.8987400437499999 0.8053614703124999 0.89519340625 0.7993339515625 0.9041978687500001 0.7962210125 0.9161182703125 0.7928503484375 0.9227692296875001 0.8053216515624999 0.9227173609375001 0.8127832921875001 0.9209945562499999 0.8177401046874999 0.9184362859374999
1 0.2296875 0.659375 0.2296875 0.7546239765625 0.23414025624999998 0.8639024453124999 0.25010079375 0.9435710171875 0.2628826640625 0.9530177890625 0.2833838984375 0.9660112015625 0.28129533125 0.9831327859375 0.2897350125 0.998258540625 0.30071934375 0.9866958109375 0.30624444687499996 0.9989056250000001 0.309961484375 1 0.7369618265625 1 0.7370165265625 0.9997166906249999 0.7377766640625001 0.9837718546875 0.7241224484375001 0.9659349296874999 0.7348555703125 0.9649793359375 0.7454830015625 0.955565334375 0.758615259375 0.9469868 0.772414990625 0.9457581796875001 0.79695435625 0.95945054375 0.8099345875000001 0.9540609765625 0.8290545453124999 0.9640019328125 0.8557881734375 0.9690311203124999 0.8527678984375001 0.9576567718749999 0.8238334984375001 0.9454141859374999 0.8149840671875002 0.9282079578125 0.7911121703124999 0.9218655078125 0.7905967281249999 0.9113266265625001 0.7975429265625 0.899064940625 0.8049452078125 0.8772363546874999 0.8078467593750001 0.8483991390625001 0.8004184249999999 0.8067214093749999 0.8012842578124999 0.7992349843750001 0.8081841234375 0.7986206734375 0.8421745171874999 0.8008868187499999 0.8674276875 0.8102817234374999 0.859549784375 0.7940474765625 0.840885909375 0.774539615625 0.84665570625 0.760265715625 0.8679699249999999 0.76154349375 0.8630066 0.7482251859375 0.8595765765625 0.7347703640625001 0.8460280546875001 0.7253918484375 0.8321754796875 0.722391265625 0.8232268671875002 0.7126032062500001 0.8238813109375 0.6881999640625 0.79995656875 0.677628309375 0.7922911906250001 0.659375 0.2296875 0.659375