0 0.091165478125 0.22088827812499998 0.095400325 0.225685534375 0.099368484375 0.2263364140625 0.10951235625 0.2253335609375 0.1175622578125 0.2161922421875 0.12059701406250001 0.2023308109375 0.11616215156250001 0.1944237734375 0.102183465625 0.1968489328125 0.0941335640625 0.20599025312500002 0.091165478125 0.22088827812499998
0 0.164851815625 0.30436053125 0.1588761203125 0.309124046875 0.161683715625 0.316148775 0.170667021875 0.32151976875 0.17630935781249998 0.311573284375 0.1764229390625 0.3011302046875 0.171607809375 0.299519871875 0.164851815625 0.30436053125
0 0.1801465671875 0.1880980828125 0.17662534531250002 0.1821870890625 0.15627093281249999 0.1831562015625 0.14855438906250001 0.197480490625 0.15983167812500002 0.21409973125 0.16580737343750002 0.2093362140625 0.1712225484375 0.22027589062500003 0.1786921671875 0.21432149531250003 0.1850481296875 0.2032612765625 0.1801465671875 0.1880980828125
0 0.23291537187500003 0.0806490546875 0.22698658593749999 0.073932896875 0.2147018375 0.0782769609375 0.21126704843750002 0.085918828125 0.212067109375 0.098357953125 0.20595807187499998 0.1010482828125 0.219556490625 0.104919828125 0.22637915625 0.10111576250000001 0.23228817968749998 0.095315653125 0.23291537187500003 0.0806490546875
1 0.56875 0.4296875 0.56875 0 0.21987558906250002 0 0.21997867499999998 0.0016027609375 0.233977125 0.0116938671875 0.24139983593749997 0.0172191453125 0.244987728125 0.0241667328125 0.2336166203125 0.030506840624999997 0.228641 0.0508192640625 0.22723351093750002 0.06556300312499999 0.24440006093750002 0.06386586562499999 0.24752125 0.0635572953125 0.24724718124999998 0.09592313125 0.24383215468750002 0.11608126875 0.2426642046875 0.1589673265625 0.2497659328125 0.20833811562500001 0.2544205734375 0.2318712 0.27756281875 0.22541055000000002 0.2864794515625 0.22974495 0.2929218484375 0.232237590625 0.3029052296875 0.2531574921875 0.3125354890625 0.25637815625 0.31589621874999996 0.2842119015625 0.32806738750000003 0.29031091875000004 0.3354431859375 0.3073158734375 0.34692049062499997 0.3270448953125 0.35771131562499997 0.3238917125 0.3623190453125 0.35890447187499996 0.357676784375 0.38439986249999997 0.36746015 0.40220998281250003 0.3794115390625 0.3926829515625 0.39624473125000004 0.38580284531250003 0.4056947375 0.39842999687499997 0.4139175078125 0.4163944 0.41149706875 0.4296875 0.56875 0.4296875
0 0.35437311718750003 0.4296875 0.355014909375 0.4284768 0.3557754453125 0.4158833890625 0.34795270624999997 0.40413854687499995 0.34269063593750004 0.407788325 0.337228553125 0.408328325 0.332566528125 0.4213074484375 0.3354346375 0.4296875 0.35437311718750003 0.4296875
0 0.7007888687499999 0.4296875 0.70284638125 0.4220316609375 0.6994585046874999 0.4181938578125 0.6850131140625 0.4133628609375 0.6802844203125 0.425305390625 0.6807886796875 0.4296875 0.7007888687499999 0.4296875
0 0.6386100499999999 0.351186559375 0.6455660578125 0.34945568125 0.6541493328125 0.3486071125 0.6569840765625 0.3316359 0.6500749765625 0.321887103125 0.6415583734375 0.323772265625 0.6376766468749999 0.336674246875 0.6386100499999999 0.351186559375
0 0.7161805078125 0.299703934375 0.7074169796875001 0.30995898906249997 0.702554940625 0.31982833125 0.7026216125 0.320864925 0.7073231609375 0.3329183375 0.7252033359375 0.3301074640625 0.73657444375 0.3237673578125 0.737981934375 0.309023615625 0.7372485453125 0.297621084375 0.7261243625 0.2955912984375 0.7161805078125 0.299703934375
0 0.7276799656249999 0.2098963265625 0.732961796875 0.21876281562500002 0.738490553125 0.21925941093749998 0.7464935453125 0.22159776718750002 0.7499752421875 0.2024762234375 0.7459206468749999 0.1882724796875 0.7349964796874999 0.189352478125 0.7289541109375 0.1930793984375 0.727726875 0.1984166515625 0.7276799656249999 0.2098963265625
1 0.7385344140625 0 0.7182002109375001 0.013671532812500001 0.7144987374999999 0.0171670265625 0.7149654390625 0.024423184375 0.7247290421875 0.029717034375 0.72104733125 0.0457287984375 0.716205053125 0.0681144078125 0.7181656796875 0.074179684375 0.7246080765625 0.076672325 0.7329913375 0.0727139765625 0.744429115625 0.0674104625 0.7493109171875 0.0700573875 0.7557064046875 0.084029703125 0.7568200609375 0.0891355296875 0.7614549390625001 0.100152346875 0.75523231875 0.11328575468749999 0.7471157453125 0.12139047968750001 0.7450612999999999 0.1382845515625 0.7565188421875 0.1454973046875 0.7649687734375 0.14257555 0.7683566515625 0.1464133546875 0.7630476734375 0.161542809375 0.7598993359375 0.1858473203125 0.7631069593750001 0.19909161250000001 0.7721766999999999 0.2180154671875 0.777144934375 0.23421525468749999 0.7781919187499999 0.2382844875 0.7880419562500001 0.2571312 0.78877534375 0.26853373281250004 0.7798982359375 0.2892318671875 0.749933325 0.29949658437500004 0.7522273078125 0.31074483124999996 0.788501271875 0.30089956562500003 0.7845726359375 0.32528122187499997 0.7716606953125 0.3442918828125 0.7779895109374999 0.3572276046875 0.790474275 0.3559933234375 0.8155969078125 0.368114215625 0.8214392609375001 0.3612775109375 0.840292365625 0.3980114875 0.854777278125 0.4278750203125 0.8569969640625 0.4296875 1 0.4296875 1 0 0.76809990625 0 0.768386190625 0.000364515625 0.76517118125 0.023632434375 0.75681506875 0.0035948406250000003 0.743695575 0 0.7385344140625 0
1 0.56875 1 0.56875 0.4296875 0.177665846875 0.4296875 0.17516807031249998 0.43508855 0.157537309375 0.46260438906249995 0.13689399375 0.47200890937500006 0.161624734375 0.483063996875 0.13764642656249998 0.51243465 0.12972145 0.5328545625000001 0.13136863125 0.558464528125 0.11420849375 0.5932975 0.1073032 0.6295712 0.102602840625 0.6570359781249999 0.1122214984375 0.6916760703125 0.123629653125 0.6966846078125 0.12094540937500001 0.741131940625 0.125323334375 0.7517446140625 0.11823791875 0.77085425 0.1002701578125 0.778766978125 0.10933975468749998 0.80487041875 0.11867660312499999 0.806401903125 0.129425321875 0.8298847828125 0.1505392609375 0.8277973968750001 0.1277142640625 0.860735859375 0.083955453125 0.9129257765624998 0.15297081562499998 0.8656025812500001 0.1646694703125 0.8607641859375 0.16715621249999998 0.8850638734375 0.1793719875 0.9169926546875 0.18306722656250002 0.9313546515625 0.1802028609375 0.958637915625 0.19987299218750001 0.9628296531250001 0.2036001671875 0.9489611296875001 0.2405001859375 0.9624949562499999 0.22982121718749998 0.9831871359375001 0.2416215578125 0.9942932843750001 0.2532417734375 0.9882353687500001 0.2521117140625 0.9993925796875001 0.2519636578125 1 0.56875 1
0 0.08219765 0.52650741875 0.071048059375 0.5398824671875 0.07130661875 0.55826605625 0.089901878125 0.560109503125 0.099529225 0.5517940546875 0.10899969843749999 0.5410395609374999 0.0948927375 0.5227977921875 0.08219765 0.52650741875
0 0 0.8654009203124999 0.0033924375 0.86689030625 0.026946620312500003 0.8596525625 0.0328002890625 0.8357555953125001 0.021784321875000002 0.8368446671874998 0.0059663046875 0.8494539750000001 0 0.8547570703125 0 0.8654009203124999
0 0.027652553125 0.8706282609375 0.0421052015625 0.8655176000000001 0.0487432421875 0.8538158546875 0.0422940109375 0.8397261234375 0.028994674999999998 0.8484045953125001 0.0233530671875 0.861235109375 0.027652553125 0.8706282609375
0 0.05742934374999999 0.830866140625 0.0595790875 0.8355627171875 0.067315253125 0.840934278125 0.07465923125 0.8402082312499999 0.08795856875 0.831529759375 0.084184890625 0.8159482406249999 0.080356028125 0.81387221875 0.06781781406250001 0.8200208906249999 0.0597127125 0.8232767390625 0.05742934374999999 0.830866140625
0 0.05485121875 0.4296875 0.05955559218749999 0.433018303125 0.068735565625 0.43211074375 0.0710567484375 0.4296875 0.05485121875 0.4296875
0 0.6548155484375 1 0.6599493093750001 0.9829365390625 0.6538205078125 0.9731106 0.641669103125 0.97952785 0.640793646875 1 0.6548155484375 1
0 0.651914178125 0.9190534375 0.6611913171875 0.9045748640625 0.6542155453125 0.8937894749999999 0.6405504546875 0.8888813359375 0.6408369031250001 0.905543978125 0.651914178125 0.9190534375
0 0.6471607265625 0.8329390125 0.6497016343750001 0.8358173656249999 0.6515560640625 0.8158135124999999 0.6435999812500001 0.8019954859375 0.631648590625 0.811522515625 0.63329561875 0.8249210937499999 0.635836528125 0.8277994468750001 0.6471607265625 0.8329390125
0 0.6842964281249999 0.7510287812499999 0.6914524515625 0.7524076828125 0.696200909375 0.752981421875 0.701863009375 0.75555120625 0.7123673859374999 0.7357353796874999 0.7005098125 0.7223030609375 0.6888720187499999 0.7244967953125 0.683809965625 0.73125635625 0.682716071875 0.738666796875 0.6842964281249999 0.7510287812499999
0 0.8365409203125 0.7495388375 0.8259501109375 0.755801803125 0.8238956671875 0.7726958734375 0.8332123296875 0.7832498375 0.8430895140625001 0.7781006093749999 0.84509705 0.7726862109375 0.8458575843749999 0.7600928015624999 0.844610584375 0.7529137859375 0.8365409203125 0.7495388375
0 0.6189735890625 0.6510819078125 0.6276902062499999 0.652306528125 0.6362537203125 0.6389416921875 0.6319324390625 0.6205915734375 0.6184673625 0.618793215625 0.6136053234375 0.6286625578125 0.6146053968749999 0.6442114640625001 0.6189735890625 0.6510819078125
0 0.594799128125 0.5804489078125 0.590364265625 0.572541871875 0.578593128125 0.572662415625 0.5770522953125 0.5853329687500001 0.5824007984375 0.5952360515625 0.5894901484374999 0.5955783609375 0.5953991734375 0.5897782515625 0.594799128125 0.5804489078125
1 1 0.4296875 0.56875 0.4296875 0.56875 0.45235955624999996 0.5692986203125 0.45257182343749996 0.56875 0.454051471875 0.56875 0.49604854062500003 0.5689776390625 0.4964173328125 0.5724717125 0.526324265625 0.5894308625 0.5580295578125 0.6046294031249999 0.5867793546875 0.5863887203125 0.6084032 0.56875 0.6151725156250001 0.56875 0.6465073218749999 0.57396324375 0.6471862843749999 0.5895494375 0.633127165625 0.6092371328125 0.6217921140625 0.6263172484374999 0.606542115625 0.6408095484375 0.5998934375 0.6504595703125 0.61563036875 0.665485240625 0.6172744421875 0.6740882796875 0.6289421421875 0.664297528125 0.6476442328124999 0.67383396875 0.6738242453125001 0.6823036625000001 0.68341875625 0.69666261875 0.6746968921875001 0.7198912984375 0.6817890999999999 0.7293215421875 0.68189998125 0.7259731890625 0.7030947140625 0.7435002468749999 0.6825846046875 0.74884875 0.6924876859375 0.7384110453125 0.71334010625 0.733235409375 0.7305427484375 0.7021889828125 0.7972463828125 0.7432656984375 0.7399829734375001 0.75352315 0.728537040625 0.7607063203125 0.705920003125 0.777492603125 0.710519571875 0.78355473125 0.7193089171875 0.7897971140625 0.7186917765625 0.8009212968749999 0.7207215625 0.81717420625 0.7170283796875 0.8399559468750001 0.7293807015625 0.85692248125 0.7245737828125 0.867399709375 0.7287538984374999 0.872195078125 0.7178479624999999 0.8919025359375 0.719029178125 0.9004858125 0.718180609375 0.9092024296875 0.7194052296875 0.9230008656249999 0.7263865562499999 0.936332596875 0.7261117265625 0.940014309375 0.7100999640625 0.9542596828125 0.711821178125 0.9487506906250001 0.72384085 0.9478568109375001 0.7343610734375 0.958106878125 0.75942735 0.9705916421874999 0.7581930671875 0.9707595171874999 0.6997581046875 0.9845850984375 0.6827434875 0.9943289406249999 0.675521071875 1 0.6739603546875 1 0.4296875