0 0.633664290625 0.054438317187499995 0.633634865625 0.042061584375 0.6221649765625 0.039492090625 0.615797721875 0.04012738125 0.611463971875 0.054177415625 0.6198500203124999 0.0607685 0.633664290625 0.054438317187499995
0 0.6753719234375 0.1468383609375 0.668805090625 0.1400657640625 0.6618685328125 0.130854121875 0.651522540625 0.141790128125 0.6530161671875 0.1577346703125 0.6592132687500001 0.1620682234375 0.66921895625 0.1610699078125 0.67484675625 0.15555652656250002 0.6753719234375 0.1468383609375
0 0.5846906656249999 0.27349291875000004 0.599443971875 0.2794487125 0.6048869046875 0.27271581093749997 0.6004943046875 0.2620123796875 0.5922931203124999 0.25664081875 0.5853859859375 0.2598059078125 0.5846906656249999 0.27349291875000004
1 0.019541639062499998 0 0.0115973859375 0.007563854687500001 0.0030706109375 0.018318346875 0 0.0227735359375 0 0.3890625 0.5770999031249999 0.3890625 0.5761997140624999 0.37585338749999997 0.593637703125 0.3629718125 0.594673325 0.33934711093750003 0.58084434375 0.3394889296875 0.5793654312500001 0.3297327546875 0.5844239250000001 0.3143724390625 0.5829155890625 0.29223953125 0.573065340625 0.2820806359375 0.55539835 0.2751775890625 0.555494940625 0.23926691249999998 0.55162750625 0.2198453140625 0.547375634375 0.19179630625 0.542953609375 0.16871614375 0.5314395843749999 0.1475815484375 0.5113693609375 0.124824715625 0.4883854515625 0.10112062656250001 0.4719389453125 0.07181240156249999 0.461689546875 0.0468377296875 0.44926591406250005 0.0257938921875 0.437951465625 0.0120671875 0.43665734531249994 0 0.019541639062499998 0
0 0.8914112187500001 0.22448103281249998 0.8926182718750001 0.21173333749999998 0.9006266921874999 0.1972547640625 0.8920968468750001 0.1875831109375 0.8789780234375 0.19941475625 0.871089221875 0.19914959062499998 0.8627790390625 0.21681508593749999 0.869617921875 0.23086454375 0.8866275890624999 0.22916740624999998 0.8914112187500001 0.22448103281249998
0 0.9120028984375 0.2981900734375 0.9009964203124999 0.2877132546875 0.89499323125 0.299887209375 0.89193808125 0.315976115625 0.8978216515625 0.3185458984375 0.912656446875 0.312856671875 0.9120028984375 0.2981900734375
0 0.8790209765625001 0.282539946875 0.8753497953125 0.2997425875 0.8838921453124999 0.314674353125 0.8913095421874999 0.3118297390625 0.8954146125 0.281956546875 0.8790209765625001 0.282539946875
0 0.44472123124999996 0.4029987359375 0.43605926406249995 0.4028107109375 0.43003106406249997 0.40446444374999996 0.4301881984375 0.4055010375 0.421865509375 0.41790642343749995 0.42899364999999995 0.4235088453125 0.4389001890625 0.426729509375 0.44863708750000003 0.42365346875 0.44954237812500003 0.41409269687499994 0.44472123124999996 0.4029987359375
0 0.2445210734375 0.444019109375 0.24685307812500001 0.44904779375 0.2558418203125 0.45656911874999995 0.2618700203125 0.454915384375 0.26694290781249996 0.44178197656249996 0.25901658906249997 0.4257364734375 0.2520580890625 0.42643075625 0.248349390625 0.4278530640625 0.24634415937499998 0.43015767812499994 0.2424908296875 0.43580350156250003 0.2445210734375 0.444019109375
0 0.1500250921875 0.4471338 0.15329990468750002 0.458382046875 0.1591834765625 0.4609518296875 0.16923464375 0.4599489765625 0.176652040625 0.4571043640625 0.17833049843749998 0.44746644843750005 0.16963101249999998 0.43149808749999996 0.1614279421875 0.4291597328125 0.158335275 0.429468303125 0.15633004374999998 0.43177291718750005 0.15093038281249999 0.4375730296875 0.1500250921875 0.4471338
0 0.3665922453125 0.5244394 0.372777578125 0.5238222593749999 0.37802010625000004 0.5169855578125 0.376750525 0.5034326953124999 0.3702259109375 0.4914564265625 0.3663850875 0.5023623609375 0.36237462656249997 0.5069715921875 0.36099793281250003 0.5134225828125001 0.36195324375000004 0.5249022562500001 0.3665922453125 0.5244394
0 0.66913096875 0.6563035140625 0.6807034578125 0.6446261515625 0.6755805500000001 0.6367191140624999 0.6556353500000001 0.639761415625 0.6434343203124999 0.647292403125 0.642384403125 0.661076690625 0.6437986125 0.670406034375 0.65339088125 0.6715535125000001 0.661267178125 0.66655856875 0.66913096875 0.6563035140625
0 0.6809910859375 0.765608715625 0.6870317906250001 0.7692150921875001 0.6955366234375 0.7683665234375 0.704016446875 0.7569977328124999 0.698107865625 0.743907725 0.68496403125 0.7452191499999999 0.6773894984375 0.7470271687500001 0.6730647671875001 0.7495632125 0.6685954062499999 0.7563227734375 0.669079315625 0.7646926656249999 0.6809910859375 0.765608715625
0 0.68095356875 0.7498283796875 0.6810856921874999 0.7403447515625 0.6795268531249999 0.7352389265625 0.6739450453125 0.72948221875 0.661888646875 0.7327896859375 0.66005305625 0.7413910078124999 0.6616244 0.7517569453125 0.664113540625 0.7578222218749999 0.6733915406250001 0.7568965109375 0.68095356875 0.7498283796875
1 0.624725084375 1 0.629255246875 0.9938522796874999 0.6296641234375 0.9706615046875001 0.631474703125 0.9515399609374999 0.6248054609375 0.9437872078125 0.6144275203125 0.9374567625000001 0.613641846875 0.9322737937500001 0.6253839765625 0.9268931375000001 0.6214681203125 0.9062384046874999 0.6086385546875 0.9096230171874999 0.6049423609375 0.916305434375 0.5970035375 0.8949998203125 0.6048423171875 0.8742245421875001 0.5922519890625 0.8481216734375 0.6127882109375 0.8334454125 0.6088973656250001 0.8233109015625001 0.6133417156250001 0.8060311171875 0.604799365625 0.7910993515625 0.596137396875 0.790911328125 0.5813972078125 0.771336590625 0.5864325781249999 0.742422846875 0.573904775 0.7426205359375 0.5666445109375 0.74650174375 0.5497669671875001 0.73871525 0.519488409375 0.6891226953125 0.5034661328125 0.6507349859375 0.49511843437499997 0.6526201484375 0.497764709375 0.6597220187499999 0.47996936874999996 0.6562361875 0.46092945937499996 0.6497177171875 0.46104907656250005 0.634973975 0.470628840625 0.630861340625 0.4640917203125 0.6136249609375 0.4569885921875 0.6185427625 0.44879802656249995 0.6214645171875001 0.4487605109375 0.60568418125 0.453965521875 0.5830671437499999 0.446667740625 0.5711680171875 0.43475597187500004 0.57025196875 0.43261861562500004 0.5820402140625001 0.4360505640625 0.594325053125 0.4236924015625 0.6008194453125 0.4082040546875 0.591842075 0.4013651734375 0.5777926156250001 0.3959405015625 0.5730725031249999 0.41325193281250006 0.56818844375 0.3884855859375 0.5601367828124999 0.3856696703125 0.5467382078125 0.364781665625 0.54356094375 0.3645049125 0.5572680921875 0.3490415765625 0.5588109421875 0.3436169046875 0.5540908296875 0.3343389046875 0.555016540625 0.3412598890625 0.5385419234375 0.3327175375 0.5236101578125 0.31632390312499997 0.5241935578125 0.3146829625 0.54961180625 0.30801371875 0.5418590546875001 0.3123259453125 0.5340629 0.30594596093750004 0.5178631109375 0.2939020671875 0.5264306921874999 0.29175220625 0.532958825 0.26854469999999997 0.530012990625 0.25274208593749997 0.5189624328125 0.24037141874999998 0.5201967140625 0.22615265468749998 0.5247722046875001 0.2174656734375 0.5140639546875 0.2013863078125 0.51672054375 0.19041734375 0.5220240578124999 0.178228821875 0.53481515625 0.17140244531249998 0.526025809375 0.1432541734375 0.5267297546874999 0.1344600828125 0.5360253593750001 0.12874615312499998 0.5397522796875001 0.1077635375 0.5618389828125 0.079168875 0.5699533703124999 0.0573880828125 0.581596990625 0.0422890390625 0.6062534765625001 0.0210046625 0.6315271015625 0.016415684375 0.653030403125 0 0.66344080625 0 0.903791084375 0.0144093921875 1 0.624725084375 1
0 0.98395559375 0.3890625 0.9732847578125 0.39395225 0.9718955593749999 0.39514313125 0.9694439359375 0.4048581859375 0.9748811140625 0.4148384140625 0.9821538828125 0.416217315625 0.9929657125 0.409877209375 0.9852098078125 0.3890625 0.98395559375 0.3890625
0 0.9108637796875 0.5517074390625 0.908883559375 0.5645322765625 0.914295725 0.5639922796875 0.9240326234375 0.5609162390625 0.9298786781249999 0.5477056859375 0.9244164890625001 0.5272052390625 0.9347193984375 0.501975015625 0.9114172843749999 0.5242931453125 0.9044587828124999 0.524987428125 0.8979841921875 0.534051603125 0.90311960625 0.547218753125 0.9108637796875 0.5517074390625
0 0.9939318984375 0.55604659375 0.9824665218749999 0.5477201015625 0.978952471875 0.5659593375 0.9805238171875 0.576325275 0.9919766890625 0.5793916546875 0.9969049468750001 0.5704817656250001 0.996578171875 0.5631484656250001 0.9939318984375 0.55604659375
1 1 0.7175661343749999 0.9994174656249999 0.7164968625 0.9862611265625001 0.7125481765625 0.982106034375 0.7213809234375 0.9686604375 0.725879271875 0.9553344578124999 0.715633878125 0.94354230625 0.6999740890625 0.94565465 0.677665621875 0.9397085531249999 0.64879528125 0.9239184437500001 0.643004834375 0.9056767109375 0.6469294421875 0.9109942703125 0.6716534078125 0.8987307171874999 0.6528838374999999 0.8913258234375 0.6609885609375 0.8749446921875 0.666832075 0.8687343484374999 0.6569289921875 0.8546352015625001 0.6467607421875 0.838568340625 0.654677440625 0.8331686796875 0.6604775500000001 0.824337071875 0.653992821875 0.81857311875 0.6366792968749999 0.808798703125 0.623975003125 0.7980118859374999 0.640835334375 0.7950888593750001 0.6474406109374999 0.7884446265625 0.65020808125 0.7768471265625 0.65136521875 0.7681976625 0.65643730625 0.756141265625 0.6597447734375 0.7454740656250001 0.6618613640625 0.7390625 0.6638868796875 0.7390625 1 1 1 1 0.7512552687499999 0.9974747624999999 0.7451020359375 1 0.742103503125 1 0.7175661343749999