0 0.39588502187499996 0.45 0.39447682031250003 0.44347276406249997 0.3873899890625 0.43600333437499994 0.376947940625 0.4415334984375 0.3778399875 0.45 0.39588502187499996 0.45
0 0.5361407078125 0.18857262187499998 0.5401492265625001 0.1817735828125 0.5346311187499999 0.166770928125 0.5313054687500001 0.1651030625 0.5231943328125 0.170333984375 0.5237239671875 0.1828348453125 0.5290390921875 0.18843691875 0.5361407078125 0.18857262187499998
0 0.5875483953125 0.0636162234375 0.5768092640625 0.051378650000000005 0.5664908828125 0.050608509375 0.5604928890624999 0.0534733390625 0.5621261453125 0.068974728125 0.5712024546875 0.0803783703125 0.5775271 0.08061381875 0.5821889203125 0.08001533749999999 0.5873010609375 0.0762168296875 0.5875483953125 0.0636162234375
0 0.508574334375 0.0465223578125 0.4970286640625 0.0490519890625 0.49168397343750003 0.058117375000000006 0.493440896875 0.0673184609375 0.4974198484375 0.0751868796875 0.5037297109375001 0.082756059375 0.51072244375 0.0818583359375 0.5153842640625 0.0812598546875 0.5221592296875001 0.078295278125 0.5214118265625001 0.06372756874999999 0.5191104828124999 0.0493593515625 0.508574334375 0.0465223578125
1 0 0 0 0.36893096875000003 0.0050305203125 0.3646389359375 0.011340382812499999 0.372208115625 0.020758125 0.37937830625 0.029507781249999997 0.3876816703125 0.051668917187499996 0.40368991562499995 0.0793777265625 0.4200333578125 0.1053591796875 0.41250825312500006 0.11468282187500001 0.41131128749999996 0.12500120312500002 0.41208142812500004 0.1359876703125 0.411718396875 0.1486369609375 0.41218929531250004 0.1583961390625 0.41512603437499995 0.1700506921875 0.41362982812500004 0.1772611921875 0.41479895625 0.181799346875 0.420500778125 0.196641096875 0.43430646875 0.2029953109375 0.41987446093749997 0.20425216562499998 0.40190722812499996 0.21125968125 0.393675778125 0.2180198625 0.39804493124999996 0.2357665109375 0.40205105156250004 0.24700031249999999 0.38908741406249997 0.2505732953125 0.3781546703125 0.2681021765625 0.380093940625 0.277411034375 0.3862307046875 0.28466588593750003 0.3653986453125 0.28572515625 0.3904003640625 0.30459020937500003 0.39007328750000003 0.3185904578125 0.38094411093749997 0.31709565156249997 0.35180868906249996 0.3093703 0.330804971875 0.3169518015625 0.31307319218749996 0.3274086328125 0.3002093 0.3417207484375 0.30151413125 0.3480306109375 0.309083309375 0.359917715625 0.30232022812500003 0.3643913359375 0.28498743437499996 0.350762090625 0.27521570156249997 0.352113046875 0.2656156265625 0.3559333640625 0.2420822765625 0.360174434375 0.23001636093750003 0.3644302875 0.21061671875000001 0.36780028593749997 0.1902833953125 0.380682128125 0.18548741562499999 0.383507709375 0.1599869625 0.392752034375 0.1430891140625 0.394102990625 0.1334890390625 0.40867722500000003 0.114859534375 0.42188571875 0.113163834375 0.4308181765625 0.0858319796875 0.42909081875000005 0.061963434375 0.4252651015625 0.033127253125 0.4237555125 0.011325559374999999 0.41110846093750003 0 0 0
0 0.1118557828125 0.45 0.1164101796875 0.43517983281249994 0.10854637656249999 0.42781015 0.099222734375 0.4290071125 0.0944372453125 0.4359059 0.100079021875 0.44460825000000004 0.10673031875000001 0.447943978125 0.110829934375 0.45 0.1118557828125 0.45
0 0.8966779796875001 0.375816075 0.895044721875 0.36031468437499997 0.8775158421875 0.35837541562499997 0.8664057078124999 0.3650387515625 0.8703698750000001 0.3802409 0.8831132671875 0.38907895625 0.8966779796875001 0.375816075
0 0.9678459578125 0.191763021875 0.9670542046874999 0.1991964984375 0.9794561609375 0.212268003125 0.9866666609375001 0.21343713125 0.9925705546875001 0.20220514843749998 0.9807278015625001 0.18696704375 0.9678459578125 0.191763021875
1 0.7 0 0.7 0.45 0.7917227859375 0.45 0.7875808953125001 0.4390499140625 0.8019077937500001 0.43302101562499995 0.8201195437500001 0.42649338124999997 0.836638903125 0.433799275 0.8436612015625 0.41823409375000004 0.842136828125 0.40376613125 0.840285803125 0.3861978875 0.8297644390624999 0.376027165625 0.8453334109374999 0.3593647671875 0.8557902421874999 0.3465008734375 0.8708793281249999 0.347705959375 0.88718091875 0.352945 0.9070259265624999 0.36191875625000003 0.9269946015624999 0.3645922109375 0.9501800421875 0.367900103125 0.9676000375000001 0.368805946875 0.961755278125 0.3507030125 0.933487265625 0.33652616874999997 0.9133008234375 0.331785865625 0.9179774281249999 0.323853653125 0.9161264031249999 0.30628541249999996 0.899062625 0.2938123875 0.9081039671875001 0.26751395625 0.91392854375 0.24058109062500002 0.9159771531249999 0.21518038437499998 0.91909981875 0.207447665625 0.9170162421875 0.1951463 0.9061534421874999 0.18920903125 0.9136112765625001 0.17777755312500002 0.9309076062500001 0.1849836984375 0.9567506078125 0.191092628125 0.9469268968750001 0.1651212734375 0.9310756234374999 0.156682209375 0.9457439578125 0.146419859375 0.9501584453125 0.158421984375 0.9625456171875 0.1788272171875 0.9815343390625 0.1721998390625 0.9677168921874999 0.14569379531249999 0.968196778125 0.12782631093750002 0.9512566671875 0.109052984375 0.9397553484374999 0.0895814296875 0.9143330984375 0.094939934375 0.9164758078125 0.0779063828125 0.91776223125 0.04527169375 0.9238543265625001 0.0507740203125 0.9335341875000001 0.038009875 0.932024596875 0.0162081828125 0.9316038765625001 0 0.7 0
0 0.26510741250000003 0.92137355 0.2617965484375 0.91237195625 0.2514781671875 0.911601815625 0.24259005937499997 0.9169324859374999 0.2370276015625 0.9239310171875001 0.2483259359375 0.9340019921875001 0.24843482031250003 0.9350354187499998 0.25475946562499996 0.9352708671875 0.2631972546875 0.933140225 0.26510741250000003 0.92137355
0 0.057685928124999994 0.933338553125 0.05667640625 0.9387051765625 0.0567705078125 0.9470723328125 0.06197674843749999 0.9516409796874999 0.0645254265625 0.9534085890625 0.0685191609375 0.9539432812499999 0.07551189375 0.9530455578125 0.07920854375 0.9358125125000001 0.07090920625 0.9243091218749999 0.06458456093750001 0.9240736734375 0.057685928124999994 0.933338553125
0 0.15120864218750002 0.834397584375 0.153183334375 0.8456655218750001 0.1561675484375 0.8515668375000001 0.16126490468750002 0.8551020609375 0.167792534375 0.8647380890624999 0.17114775 0.8517384968750001 0.168955290625 0.8384037062499999 0.162086225 0.8330011265625 0.1558704640625 0.833799103125 0.15120864218750002 0.834397584375
0 0.40850804218750003 0.630638690625 0.399525834375 0.6276022046875 0.390419959375 0.6308660203125 0.3913999125 0.64016685625 0.395923284375 0.6532024046875 0.40978508125 0.657707259375 0.430095190625 0.6561472640625 0.43310897031250006 0.647381121875 0.41881163906249996 0.638742559375 0.40850804218750003 0.630638690625
0 0.668733934375 0.626558346875 0.6705204265625 0.6210919765625 0.671203296875 0.6126250734375 0.6682190828125 0.606723759375 0.6567970812499999 0.6029530890625 0.641722778125 0.5944142734375 0.63547745 0.609879709375 0.6495570140625 0.6164514171875 0.6521997921875 0.6265861828125 0.6636217953125 0.6303568546875 0.668733934375 0.626558346875
0 0.40772027343749995 0.525999378125 0.4027170171875 0.5308313109375 0.39128023125 0.53439436875 0.392928271875 0.5425620312499999 0.399020365625 0.5480643578125 0.4038999546875 0.5495327265625 0.41177854218750004 0.5495686828124999 0.4249870359375 0.547872984375 0.427456396875 0.533939709375 0.41626694531249997 0.5249021593750001 0.40772027343749995 0.525999378125
0 0.39748120937500003 0.540930121875 0.3881575671875 0.5421270859375 0.38725692968750003 0.5485271359375 0.3883457671875 0.558861396875 0.39232471874999997 0.5667298171875 0.40497400937499994 0.5672007156250001 0.408982528125 0.5604016765625 0.4092150796875 0.5551348 0.406681184375 0.5460334609374999 0.39748120937500003 0.540930121875
1 0 0.45 0 0.8781558125 0.012413271875 0.877353771875 0.01820828125 0.8650883593749998 0.033297367187499996 0.8662934453125001 0.045728890625000004 0.8646974921874999 0.05840775 0.8505009328125 0.0803954671875 0.8424411390625 0.08415665156249999 0.84824270625 0.09812733125 0.853780990625 0.10027004218749999 0.8367474390625 0.0940690640625 0.8302116843749999 0.098636784375 0.8212460484375 0.10668878749999999 0.8453500421874999 0.122896278125 0.842221928125 0.1274787828125 0.8259225625 0.1165218828125 0.8116181359375 0.1258455265625 0.810421171875 0.12996292812500002 0.804655559375 0.1455023328125 0.80266061875 0.1492487328125 0.8157959171875 0.16890554062500002 0.8080353625000001 0.16826702031250002 0.7945010781249999 0.1904872890625 0.78117440625 0.1722903234375 0.7803683109375 0.176407725 0.7746026984375 0.1795451734375 0.75953625 0.1924418 0.7474065453125001 0.20619471250000002 0.7508779750000001 0.205947378125 0.76347858125 0.21102995 0.77434753125 0.22246673593750002 0.7707844734375 0.22659892187500003 0.7576851328125 0.21576568906250002 0.737080403125 0.211801521875 0.7218782546875 0.2205659625 0.7228478890625001 0.2287712 0.7259841234375 0.2308050265625 0.707917146875 0.2203777609375 0.7061135796875 0.2165224765625 0.6919448562499999 0.233521721875 0.6813832671875 0.25007064843750004 0.6740217015625 0.24927889374999998 0.6814551765625 0.25793445 0.6813913859375 0.263897478125 0.6408244859375001 0.280985425 0.5862605203125 0.295544875 0.5749647453125 0.303641228125 0.577067553125 0.31596386875000004 0.5744381765625001 0.3037003625 0.5477326375 0.3131772390625 0.5255679109375 0.321615028125 0.52343726875 0.3261975328125 0.5071379015625 0.31746265937499996 0.4915008078125 0.3187047328125 0.48086730624999996 0.294865990625 0.471358859375 0.29923126875 0.45 0 0.45
0 0.5307948515625001 0.685115671875 0.5359863093749999 0.6970180484374999 0.5516345968749999 0.6960565328125 0.553079653125 0.6948236140625 0.5513227296875 0.6856225265625 0.5480118640625 0.6766209328125 0.529270478125 0.6706477062499999 0.5307948515625001 0.685115671875
1 1 0.45 0.7 0.45 0.7 1 0.96149656875 1 0.9615373890625 0.9797505515625 0.9764362999999999 0.9716766359375001 0.994042675 0.9805065046875001 1 0.9749986890625 1 0.45