0 0.18225000625 0.559375 0.18153041875 0.552118634375 0.1690387640625 0.5482933703125 0.16051696875000002 0.5499822125 0.1582598703125 0.559375 0.18225000625 0.559375
0 0.2627282640625 0.5517790312499999 0.212763034375 0.5196754296874999 0.1960111765625 0.5082933171875 0.17591621562499998 0.5238272796875 0.177754584375 0.5423655078125 0.2194422875 0.5498559968750001 0.2627282640625 0.5517790312499999
0 0.1978509359375 0.510028996875 0.20370940937499998 0.51201839375 0.211601665625 0.5115044546874999 0.2120385703125 0.49776602499999995 0.208698246875 0.491077015625 0.1981915234375 0.4900088046875 0.19242936718749998 0.49430117031250004 0.1920413171875 0.502779209375 0.1978509359375 0.510028996875
0 0.31038745156249997 0.36591013906250003 0.32249105624999996 0.378213440625 0.32980262968749996 0.3736140125 0.3374534 0.3657969375 0.33309688125000003 0.351958325 0.32321969375 0.349715209375 0.31082435468749997 0.352171709375 0.31038745156249997 0.36591013906250003
0 0.2918893703125 0.39267919375 0.28094713125 0.38854686875 0.27639519687499997 0.39574981875000004 0.2853511140625 0.41392763749999995 0.2896601703125 0.416224096875 0.3019089453125 0.42954877031249994 0.31779116875 0.418000109375 0.301329653125 0.4086607390625 0.2918893703125 0.39267919375
0 0.2294505671875 0.1383172453125 0.22354324062500003 0.1415882375 0.2232515078125 0.15634804062500002 0.23816360625000002 0.1659944734375 0.24801384531249998 0.1730193796875 0.237776946875 0.157669965625 0.2459595453125 0.15919876875 0.2667301171875 0.1708346 0.259419934375 0.15863148437500002 0.25331997500000003 0.14933895156250002 0.2294505671875 0.1383172453125
0 0.22108089999999997 0.057014734375 0.2350242640625 0.07105371875 0.24456364531250002 0.059711934375 0.23899690625 0.0429627359375 0.22645639687500002 0.0443978625 0.22108089999999997 0.057014734375
0 0.23579897187499999 0.0709001859375 0.216675525 0.048436510937499996 0.207379021875 0.0502788859375 0.20820119374999999 0.061667509375 0.214446325 0.0719814140625 0.22756751875 0.0746317734375 0.23579897187499999 0.0709001859375
1 0 0 0 0.559375 0.11166985 0.559375 0.10972539375000001 0.5568976250000001 0.115055096875 0.559375 0.13272926406250002 0.559375 0.145265675 0.5435534265624999 0.15616045 0.5361435984375 0.1706384265625 0.5259233703125 0.1791127578125 0.5126923734375 0.187151578125 0.49639726093750003 0.19557844687499998 0.471624109375 0.20264992343750002 0.4429190015625 0.200716628125 0.40129646562500004 0.2019282421875 0.38740450625 0.1905993453125 0.3749476734375 0.190503028125 0.3686659109375 0.20173560781250002 0.37484098125 0.215050825 0.373252321875 0.2281720171875 0.3759026828125 0.2425522859375 0.3762032375 0.242553678125 0.35940069218750004 0.2243487203125 0.354607403125 0.21795841718750003 0.3432721265625 0.227400090625 0.3424511234375 0.24381414375000002 0.340248340625 0.24459024375 0.3232922640625 0.245462659375 0.3126179515625 0.2223679625 0.3014427140625 0.220480740625 0.288164878125 0.22217672031250002 0.2720766421875 0.19806304531250002 0.2873568921875 0.19593294375 0.283578465625 0.201114415625 0.2752006125 0.2059566921875 0.2700404078125 0.19685560468750002 0.250841215625 0.198551584375 0.23475298125 0.20523362031249998 0.23132845781250003 0.21060911875000002 0.218711584375 0.204848353125 0.20620140468749998 0.2094002875 0.1989984546875 0.20794857812499998 0.188784734375 0.2031076921875 0.177142396875 0.1822882671875 0.17076695625 0.192312015625 0.157228896875 0.184711490625 0.1429830359375 0.1734789125 0.1368079640625 0.1580838375 0.1125552625 0.1589101828125 0.07353625 0.185783496875 0.060859521875 0.143611425 0.055565309375000004 0.14264408281250002 0.043155315625 0.1220675359375 0.027280465625 0.105558559375 0.006398940625 0.10379596718749999 0 0 0
0 0.9047355203125 0.3290013296875 0.901780465625 0.3474393703125 0.9107852359375 0.3603567984375 0.9191130062500001 0.3629069734375 0.9230842562500001 0.35161853593750003 0.913498803125 0.334615621875 0.9047355203125 0.3290013296875
0 0.92856024375 0.294875790625 0.9326752765624999 0.3014112703125 0.9422132671875 0.30687203125 0.9536412625 0.2920055375 0.94909071875 0.2824059421875 0.9429419046875 0.2783738015625 0.9330647171875001 0.27613068749999997 0.9246392374999999 0.28410129375 0.92856024375 0.294875790625
0 0.8513503421875 0.082296415625 0.8528020515625 0.0925101328125 0.8596767218749999 0.1016491375 0.8663099031249999 0.103485003125 0.8749768687499999 0.10281753125 0.8808367328125 0.0880043828125 0.8750759671874999 0.0754942046875 0.8673777359375 0.071769125 0.8566769859375001 0.07493993437499999 0.8513503421875 0.082296415625
0 0.7996041125 0.5084076125 0.8075940796874999 0.497372890625 0.8062875406250001 0.48818054375 0.7893416578125001 0.4810374484375 0.7794156171875001 0.48405472656250004 0.7776233203125 0.4938611984375 0.7805755921875 0.509028246875 0.7893388765625 0.5146425375 0.7996041125 0.5084076125
0 0.8333576609375001 0.43765970625 0.8382487921875 0.427239109375 0.8284204578125 0.41973560625 0.8193179796875001 0.417338959375 0.8150563875 0.4265846546875 0.8143291421875001 0.438280340625 0.818444171875 0.4448158203125 0.8292900937500001 0.44266638281250004 0.8333576609375001 0.43765970625
1 0.45 0 0.45 0.559375 0.7190121625 0.559375 0.726004009375 0.5565981671875 0.728072059375 0.559375 0.7433193906250001 0.559375 0.74798619375 0.5543420375 0.743968871875 0.537285778125 0.74871483125 0.5258438062499999 0.7476023171875 0.5124124421875 0.7404861593750001 0.49597030468750003 0.750557371875 0.4939743984375 0.7570942374999999 0.489528503125 0.768812575 0.47670475312500005 0.7847911140624999 0.47143785156250007 0.795443009375 0.4735274359375 0.8128732578125 0.47847425625 0.816020946875 0.47259974062500004 0.8327253421874999 0.4724397015625 0.8502519078125002 0.4836682828125 0.8721852375000001 0.48667254531250004 0.8669088390624999 0.47196609062499995 0.8461382671875001 0.46033025937499994 0.8346153453125 0.4521124453125 0.8212038109375 0.4474193421875 0.8102615734375 0.443287015625 0.8068249328124999 0.43031624218750003 0.8134595078124999 0.4153495625 0.816704903125 0.39895426562499997 0.8249866015624999 0.37315974218750003 0.8275549984375001 0.34639719375 0.8212135484375 0.32980152500000004 0.8268793875 0.319227396875 0.8398554109375 0.3208563875 0.8590779546875 0.315996734375 0.8877407828125001 0.327118625 0.8794632578125 0.3025055125 0.8552071937499999 0.2831593015625 0.8569994890625001 0.273352828125 0.880046725 0.272985909375 0.8991227078125 0.2839074328125 0.9011090281249998 0.269861940625 0.922075015625 0.2604562078125 0.8921531109374999 0.251684121875 0.8743362031250002 0.2384127953125 0.8511437984375 0.2377583390625 0.8540499984375 0.2245806890625 0.8483869421874999 0.201549728125 0.82553373125 0.197677625 0.8193863078125 0.176842940625 0.8210822875 0.160754703125 0.8305239625 0.1599337 0.8380295609375 0.1510952546875 0.8319784531250001 0.13654233124999998 0.8336255781249999 0.1257144859375 0.8304318171875 0.1032443015625 0.8164396 0.094465709375 0.8199264828124999 0.085373546875 0.8143597437500001 0.06862434843750001 0.8021584296875 0.066841828125 0.7949445640625 0.0609204734375 0.7907820703125 0.0428428421875 0.7856508421875 0.029157759374999998 0.7849779984375 0 0.45 0
0 0 0.9142706734375 0.003068309375 0.9161274671875 0.0161908921875 0.90197528125 0.014013328124999998 0.8866547015625 0 0.8860919171875 0 0.9142706734375
0 0.081038840625 0.713750075 0.0805056203125 0.7212067421875 0.093383934375 0.7333565109375 0.10064665312500001 0.734017475 0.10616732343749999 0.7224219749999999 0.093773375 0.7080759296875 0.081038840625 0.713750075
0 0.17032435937499998 0.6918549671875 0.1649991078125 0.6824089046874999 0.1540080140625 0.6835369703125 0.146792759375 0.694418159375 0.1525535234375 0.706928340625 0.157782459375 0.710092640625 0.1663042546875 0.708403796875 0.17119538437499998 0.6979832 0.17032435937499998 0.6918549671875
0 0.8016225953125 0.9594822734375 0.806561190625 0.9606038296874999 0.8132432265624999 0.9571793046874999 0.8117915171875 0.9469655843750001 0.8049168468750001 0.9378265828125001 0.7963950515625 0.9395154250000001 0.7941672421874999 0.9462577828125 0.7970231984374999 0.9551430671875 0.8016225953125 0.9594822734375
0 0.62136114375 0.952150540625 0.6142924484375 0.9472505578125 0.6120157859375001 0.9592533078125 0.60944878125 0.9692133093749999 0.6111908328125 0.9814697750000001 0.6148703515625 0.9849411374999999 0.6187438953125 0.9841734796875 0.622762609375 0.984427196875 0.6297349859375 0.9830454171875 0.6366599 0.97012148125 0.6271707640625 0.95940033125 0.62136114375 0.952150540625
0 0.5281126609375 1 0.5369639734375 0.997230140625 0.539870175 0.984052490625 0.5256364687499999 0.9679707624999999 0.5150808890625 0.9721629437499999 0.5122235421875 0.9800802015624999 0.5130945687499999 0.986208434375 0.5156113265625 0.9983113671874999 0.5184017546875 1 0.5281126609375 1
0 0.9375580593749999 0.66055594375 0.9382839140625 0.6656628015624999 0.9457881218749999 0.6736269015625 0.9557141640625 0.670609625 0.95808714375 0.6648886375 0.9552311875000001 0.656003353125 0.9501474218750001 0.653860425 0.9447244625 0.6549351421875 0.9375580593749999 0.66055594375
1 0.45 0.559375 0.45 0.9099423718749999 0.45393332500000005 0.9118213374999999 0.46908830156250003 0.9119683609375 0.47722204687499997 0.9187575546875 0.4866148671875 0.9231969421875 0.5019150140625 0.9243653390625 0.5115981781250001 0.9308474703125 0.5149385015625 0.9375364828125001 0.5312548453125 0.9458544796874999 0.54800809375 0.94043405 0.540020909375 0.9178636812500001 0.5511571734375 0.9177569890624999 0.562051946875 0.9103471609374999 0.577885315625 0.9040588890624999 0.5854383765625 0.906762596875 0.5952192484375 0.902723946875 0.611972496875 0.8973035156249999 0.622817025 0.911956625 0.61778350625 0.8877507609374999 0.62524025 0.8841727046875001 0.6403952281249999 0.8843197281249999 0.640878203125 0.8989259984375 0.6538542265625 0.9005549875 0.6721080374999999 0.900087884375 0.6791781234375 0.8881853218749999 0.6709969156250001 0.869853971875 0.6752585078125 0.8606082781250001 0.6825212265625 0.8612692421875 0.6987412546874999 0.8633054781249999 0.7125380578125 0.893125634375 0.729146134375 0.88668383125 0.7248384703124999 0.8675848281249999 0.7187873625 0.8530319046875 0.7082331749999999 0.8404215390625 0.7075561734375 0.8300542890625 0.7190316328125 0.8267299484375 0.730991459375 0.8212093328125001 0.726344596875 0.805327975 0.7383058124999999 0.783004815625 0.7496835640625 0.7902012578125 0.7704555265625 0.7850345421875 0.7748148265625 0.7652680671875001 0.7596123875 0.7535788906249999 0.75627345625 0.7300873328125 0.75617853125 0.7070030265625 0.7715763859375 0.6976506390624999 0.781648990625 0.6788521890625 0.7935627421875 0.6449868750000001 0.8025702953125 0.6242992109375 0.783252825 0.6060745546875 0.7893541765625001 0.5985645421875 0.8098832609375 0.6028972375 0.8097883343750001 0.57981293125 0.8202462046875001 0.58614153125 0.8339983265625 0.57081444375 0.84114460625 0.559375 0.45 0.559375