0 0.49819169687500003 0.36875 0.4988241875 0.3548264125 0.49203013437500004 0.351937759375 0.4873635671875 0.351392984375 0.48036371562499997 0.3505758203125 0.47409619843749995 0.358226209375 0.470161965625 0.366148984375 0.46968186875000006 0.36875 0.49819169687500003 0.36875
1 0 0.36875 0.406058796875 0.36875 0.40741453281249995 0.3483462703125 0.398320578125 0.321090709375 0.3850986390625 0.3195471796875 0.37041202968750003 0.301068546875 0.3690048328125 0.2914744546875 0.3596596546875 0.2746671390625 0.3566848921875 0.249173690625 0.343771646875 0.244522925 0.340282390625 0.2242082 0.3359124765625 0.2048384265625 0.33160003125 0.19280966093750002 0.3276417109375 0.16929690625 0.3262345140625 0.1597028140625 0.3398105765625 0.14976235468750002 0.33523486406249997 0.13246406875 0.323305178125 0.1258326109375 0.3170376625 0.1334829984375 0.3027292640625 0.13495590468750002 0.2921947296875 0.122200775 0.2845079734375 0.10453930468749999 0.29211317187499997 0.0834242328125 0.293438809375 0.054241785937499995 0.279381634375 0.0452664484375 0.26050956875 0.0451588359375 0.25959552656249996 0.07019830625 0.2522174640625 0.049429601562499995 0.2429418015625 0.055681060937500006 0.22541946093749998 0.05782653125 0.22178187968750002 0.04692430625 0.21046958437500002 0.034078378124999996 0.192741446875 0.0382953375 0.1860048640625 0.042747693749999996 0.1789475421875 0.0345895203125 0.177585771875 0.016618673437500002 0.1711458421875 0.0022460328125000002 0.1563804234375 0.016238675 0.151874225 0.021999165625 0.1446685765625 0.0232534921875 0.13300215937499998 0.0218915515625 0.1232574296875 0.02494498125 0.110607453125 0.0255637375 0.09961589843749999 0.0253283375 0.0892992046875 0.02621948125 0.0799660703125 0.025129929687500004 0.053933784375 0.0178998890625 0.0263125921875 0.034582778125000005 0.004238625 0.05086549218750001 0 0.0549629125 0 0.36875
0 0.07007474375 0 0.06890500000000001 0.0018357578125 0.0737319359375 0.0086857984375 0.083065071875 0.009775348437500001 0.09088811249999999 0.002306553125 0.090163809375 0 0.07007474375 0
0 0.8298459625 0.1169117828125 0.8327120609375 0.11601371406250001 0.8225793015624999 0.10620222500000001 0.8143441828124999 0.10524085624999999 0.8060556203125 0.1141344953125 0.808505103125 0.1267470046875 0.82143634375 0.1270239421875 0.8298459625 0.1169117828125
0 0.857363971875 0.1287528265625 0.8592474421875 0.11911145781250002 0.830034634375 0.12432974062499999 0.8172920640625 0.131470759375 0.8116274828125001 0.141903378125 0.8193783734375 0.147738840625 0.8378531375 0.1388016859375 0.857363971875 0.1287528265625
0 0.865702746875 0.026183224999999997 0.8873533343750001 0.022547434375 0.888133121875 0.0053812890625 0.8771529640625 0.0040994640625000005 0.864342778125 0.002604003125 0.8585571421875 0.0142551453125 0.865702746875 0.026183224999999997
0 0.7497163125 0.14083914375 0.753080809375 0.1535584671875 0.7898558359375001 0.1467576890625 0.7948475171875 0.13378120625 0.7810012625 0.13339745 0.7497163125 0.14083914375
1 0.5 0 0.5 0.36875 0.6929225328124999 0.36875 0.696573465625 0.35897856250000004 0.7216136546875 0.321224121875 0.712328296875 0.3028829703125 0.72778756875 0.259079428125 0.708330178125 0.2592732828125 0.714169259375 0.23776713749999998 0.714881434375 0.21196450625000002 0.7281616765625 0.19009438750000002 0.7432185015625 0.1782929109375 0.74296221875 0.16223846875 0.7339865890625 0.1500967515625 0.7301913093750001 0.1323965125 0.7197488234375 0.1163855890625 0.76314271875 0.0709125140625 0.7618503671875001 0.055969778125 0.7035065312500001 0.09353431718750001 0.690329940625 0.011873465625 0.67860203125 0 0.5 0
0 0.677625159375 0 0.6773310859375 0.00296004375 0.6944742234375 0.007426645312500001 0.6973310421875001 0 0.677625159375 0
0 0.1217948109375 0.9338112468750002 0.1169224453125 0.9353379609375001 0.109671371875 0.9449690421875001 0.11066697343750001 0.9587061140625 0.1208807671875 0.9588507171875001 0.123786015625 0.9612853890625 0.1354524328125 0.9626473265625 0.1468555828125 0.9587397453125 0.15218496875 0.9446932968749999 0.14834159062500002 0.9358625625 0.13874518593750002 0.9295034921875001 0.1287371890625 0.9272874 0.1217948109375 0.9338112468750002
0 0.137689365625 0.8371775937500001 0.1277842671875 0.8339257578125 0.1215167484375 0.8415761453125 0.1181544796875 0.85166120625 0.12122009843749999 0.8604011453125 0.1305532328125 0.8614906953125001 0.13863953906249998 0.8592914203124999 0.1457877171875 0.8506960828124999 0.14282499843750002 0.8409203999999999 0.137689365625 0.8371775937500001
0 0.23723455468750002 0.635056025 0.23463800156249998 0.6295141171875 0.22649422343749998 0.6243723812499999 0.2207411984375 0.6268440453125 0.21406208750000003 0.6386374125 0.212255340625 0.6489040671875 0.21749387343749998 0.6516111265625 0.224082128125 0.6565712703125 0.231493575 0.653245453125 0.24066633906249998 0.6480297390625 0.23723455468750002 0.635056025
0 0.22732016093750002 0.6873342375 0.233793475 0.6776123609375 0.24053005781249998 0.673160003125 0.249027959375 0.6668177484375001 0.26399917500000003 0.650753615625 0.26062486093750004 0.6451209125 0.240151846875 0.6532084625 0.23196263906249998 0.656443484375 0.2206623875 0.6593153218750001 0.2060452953125 0.6638954640625 0.191325303125 0.6695113515625 0.1969874734375 0.6837931968750001 0.1992178578125 0.6851013312500001 0.206217709375 0.68591849375 0.217106365625 0.6871896359375 0.22732016093750002 0.6873342375
0 0.4068412203125 0.590942728125 0.40129399374999997 0.5913429015625 0.38776335624999997 0.5929066046875 0.37506795312499996 0.601902115625 0.37927749843749997 0.6149666265625 0.3844131328125 0.6187094328125 0.40426875625 0.61683635 0.4171699578125 0.60576935 0.42629729375 0.6089303906250001 0.4469306796875 0.60714810625 0.454124284375 0.5901760125 0.4235858 0.5887064640624999 0.4068412203125 0.590942728125
0 0.21575114375 0.542440925 0.2180390015625 0.551090065625 0.2272692375 0.5532153625 0.2352980734375 0.5436750765625 0.2418742859375 0.5329174546875001 0.24046708906249997 0.5233233625 0.23357013593749998 0.5214704546875 0.22595289375 0.5268677609375001 0.21958247812499998 0.5355538937500001 0.21575114375 0.542440925
0 0.09605472968749999 0.4959870796875 0.0905649734375 0.5037282609375 0.09342479375 0.514539690625 0.1022434359375 0.520807965625 0.110021046875 0.5217159234375 0.1167576296875 0.5172635671875 0.11514463593749999 0.509740965625 0.111198359375 0.5019459765625001 0.10461010156249999 0.4969858328125 0.09605472968749999 0.4959870796875
0 0.0456004015625 0.41780178437500004 0.041769065625000004 0.424688815625 0.038201 0.4368453671875 0.040694653125 0.44342301875 0.049044228125 0.44649326250000004 0.0600812125 0.43835190625 0.061682160937499994 0.43015674375 0.057735884375000004 0.42236175468750004 0.0548306375 0.41992708125 0.0495921046875 0.41722001875 0.0456004015625 0.41780178437500004
0 1 0.41660641875 0.9937953046875 0.42123718125 0.9914740656250001 0.4366825578125 0.993659021875 0.44636744687499996 1 0.44777154374999995 1 0.41660641875
1 0.5473245421875 0.36875 0.54394063125 0.371864378125 0.538553775 0.37856981875 0.5319775609375 0.389327440625 0.503463665625 0.3912375125 0.5017718609374999 0.41618618593749995 0.5 0.41713756406249997 0.5 0.983714696875 0.6480514609375 1 0.9555947109375001 1 0.9551925000000001 0.9919494296875001 0.9818301343750001 0.9772472359375 0.9993979015625001 0.9667250109375001 1 0.9645073984374999 1 0.4584446265625 0.9995269890625 0.45857780468750003 0.9833998015625 0.4545995984375 0.9712068468750001 0.442698621875 0.9645156921875 0.438774221875 0.9544047953125 0.43759387499999997 0.9608206390625 0.4205309875 0.9613805578125 0.40697550937500004 0.9561874546875 0.3958916921875 0.9594922515625001 0.378465621875 0.9493861328125 0.36875 0.943603540625 0.36875 0.9375091421875 0.3779948265625 0.92682628125 0.37465219375 0.92014695 0.36875 0.5473245421875 0.36875