1 0 0.5390625 0.5390625 0.5390625 0.5390625 0.153029253125 0.52472598125 0.14809944218749999 0.5255220953124999 0.1239389484375 0.5149083937500001 0.1118262640625 0.500051440625 0.10103208281250001 0.48994486562499995 0.07494535 0.46492161562499995 0.07528118125 0.43938567656250005 0.074182109375 0.43052818750000005 0.0625865234375 0.416920325 0.0662834875 0.40799198125 0.061086748437500005 0.39672387656249997 0.0603368625 0.3756493234375 0.0541316890625 0.3749837828125 0.03467659375 0.3618121859375 0.0307983609375 0.35017866875000003 0.0312248234375 0.3326165421875 0.0260538453125 0.319745071875 0.0428070578125 0.3060663515625 0.052902871875 0.29289475625 0.0490246375 0.2815502265625 0.039264653125 0.27445452187499997 0.043595109375 0.2729108734375 0.023881467187499998 0.25893202656250003 0.013345834375 0.23618882343749997 0.0464515515625 0.22324092968749998 0.054194667187500004 0.20480069687500002 0.048765140624999995 0.1925836296875 0.054155553125 0.174519946875 0.0783675703125 0.1643592203125 0.10490652656249999 0.16531932031250002 0.12958411875 0.1500316671875 0.14177408593750002 0.1225325171875 0.17476340937499998 0.0929825921875 0.202013140625 0.0666561078125 0.2404835109375 0.0485868546875 0.24928658124999997 0.038278849999999996 0.2732142875 0.0228439171875 0.2827930046875 0.0252656703125 0.302765196875 0.0129068953125 0.32095330781250003 0.0034061406250000003 0.3515384125 0 0.359445 0 0.5390625
0 0.5049921109375 0.004907196875 0.494820246875 0.0006282578125 0.48874992656250005 0.0078285140625 0.4842176828125 0.01933346875 0.49073540937500004 0.035375909375 0.496516740625 0.038362099999999996 0.504054284375 0.0418653890625 0.5186819671875 0.025629278125 0.5149458390625 0.0129737359375 0.5049921109375 0.004907196875
0 0.89701650625 0.0383112328125 0.8911150750000001 0.05730928749999999 0.8919913859375 0.07284622187499999 0.897095665625 0.08526262968750001 0.8939341578125 0.11379823124999999 0.9016342359374999 0.0811422078125 0.9080364140625001 0.0710224015625 0.9090237125 0.049486079687500004 0.9055374015625001 0.0397287671875 0.9026120671874999 0.0334106796875 0.9003681625000001 0.0196537765625 0.89701650625 0.0383112328125
0 0.8532074843749999 0.1400039875 0.8473013203124999 0.14590443749999998 0.84749146875 0.1557825828125 0.8515989828125001 0.16354010000000002 0.8599946921875 0.1627380734375 0.8672684484375001 0.15505759375 0.8667676984374999 0.1461793484375 0.8617283812500001 0.14142152187499998 0.8532074843749999 0.1400039875
0 0.9243473234374999 0.2886384 0.9220431921875001 0.28032051562500004 0.913958084375 0.2801226453125 0.9082373359375 0.2828036359375 0.9024563593749999 0.29092365 0.9063784593750001 0.30190062812499996 0.9039538734375 0.3044607890625 0.9164570968750001 0.3114162796875 0.9232950640625 0.30251613437499997 0.9243473234374999 0.2886384
0 0.886416065625 0.305845075 0.8798839656249999 0.3006477171875 0.8734168265625 0.3031089421875 0.8700002093750001 0.314107815625 0.870250584375 0.3185469390625 0.8734865203125001 0.32386512968750003 0.8810756125000001 0.32828235625 0.886360571875 0.3243817015625 0.8900877906249999 0.3123829296875 0.886416065625 0.305845075
0 0.8231075328124999 0.3155796875 0.8199967828125001 0.312481059375 0.8165754328125001 0.310382328125 0.80699754375 0.30974492656249997 0.8005304046875 0.31220615 0.7941282265625 0.3223259578125 0.795250178125 0.32920441093749997 0.79991866875 0.3404011546875 0.8137894859374999 0.3455766171875 0.8195704625 0.3374566046875 0.8229870781249999 0.32645772968750003 0.8231075328124999 0.3155796875
0 0.738728853125 0.3616731109375 0.7313299078125001 0.3671340265625 0.7288450953125001 0.3751332078125 0.7296564484375 0.3830115578125 0.7378667421875 0.3854289890625 0.7468836546875 0.3826271671875 0.7516076375 0.3752872875 0.75203869375 0.3634093453125 0.7439535859374999 0.363211475 0.738728853125 0.3616731109375
0 0.5755020953125001 0.4413008171875 0.5715245015625 0.44886046406249996 0.5708430718749999 0.4562992828125 0.5737684062499999 0.46261736875 0.585710653125 0.4661336359375 0.5887564421875 0.46157367968749996 0.5917372703125 0.4493551421875 0.5891225375 0.44203715624999995 0.5783624703125 0.43996032031250004 0.5755020953125001 0.4413008171875
0 0.633256359375 0.37863731718750004 0.6320092203125001 0.3695393046875 0.6292693 0.36000175625 0.6198768265625001 0.3561448921875 0.613845475 0.3598257828125 0.617021184375 0.37058299375 0.6194505046875001 0.3811204375 0.624800425 0.384878365625 0.633256359375 0.37863731718750004
0 0.6018903359375 0.492724584375 0.600703421875 0.47818755 0.5924931265625 0.47577011718750006 0.5782514828124999 0.4770335734375 0.5731519359374999 0.47771476875 0.5672457718749999 0.4836152203125 0.56967509375 0.49415266406249997 0.58634605625 0.503426653125 0.59262778125 0.5041848890625 0.6018903359375 0.492724584375
1 1 0.5390625 1 0.2956564046875 0.9828716453125 0.2916826890625 0.9818099203124999 0.27936521718749996 0.9690610562499999 0.28106820625 0.9616066171875 0.3050657484375 0.9555055734375 0.28799045156249997 0.9543233953125 0.2865510203125 0.9392149046875 0.298472753125 0.9446297859375001 0.3098892625 0.9192572453124999 0.3155148046875 0.9135364953125 0.3181957953125 0.8959384609375001 0.3250191046875 0.878961628125 0.32984261875 0.86522073125 0.3399843234375 0.8725641812500001 0.35306003124999996 0.8627406531249999 0.36108110937500004 0.8529123890625 0.35600458281249997 0.8451981109375 0.34936779218749997 0.8311418796875 0.34741178906250003 0.8148512109375 0.3578940921875 0.797253175 0.3647174 0.793521221875 0.36361856718749996 0.7735493625000001 0.3413678046875 0.75475968125 0.320556475 0.718181815625 0.2966903078125 0.7225397046875 0.30888695 0.7432579546875 0.331357478125 0.753276365625 0.3463121515625 0.763730565625 0.36248648906250003 0.762863721875 0.3731447625 0.7524189874999999 0.3831656359375 0.7261843359375 0.4125470578125 0.715869525 0.437885096875 0.703565915625 0.4670029609375 0.696853134375 0.47812266562500005 0.6810029875 0.5029222359375 0.66458713125 0.5111849765625001 0.6608551796875 0.5100861437499999 0.6568078921875 0.4968896046875 0.6402018890625 0.4952742 0.6320612875 0.5136129546875 0.6306984265625 0.5284905890625 0.6332747125 0.5390625 1 0.5390625
0 0.1717438921875 0.5390625 0.17068022031250002 0.5392826453125 0.164152853125 0.5471828921874999 0.1617932296875 0.5574016359375 0.16994329531250002 0.5652580890625 0.1801423875 0.5638956984375 0.1838696078125 0.5518969265625 0.1832436703125 0.5407991171875 0.1773456203125 0.5390625 0.1717438921875 0.5390625
0 0.05531923749999999 0.5566093484375 0.048666684375000005 0.56229003125 0.047734878125000005 0.565289725 0.050039010937499996 0.5736076078125001 0.060738851562499994 0.5811234640625 0.0637244140625 0.58200253125 0.0696955359375 0.5837606625 0.07510568437500001 0.5820795703125 0.0808866609375 0.5739595578125 0.0810071140625 0.5630815140625 0.0689396796875 0.5573456875 0.05531923749999999 0.5566093484375
0 0.1066029359375 0.6590173515625001 0.1200981921875 0.657534128125 0.129295784375 0.6384152421875 0.12058947499999999 0.6402171671875 0.1024906890625 0.638162228125 0.0853839359375 0.6276685765625001 0.08824904375 0.639425684375 0.09546730625 0.65028183125 0.1066029359375 0.6590173515625001
0 0.14024126718750002 0.6372726171875 0.1313495421875 0.642294 0.12681097187499998 0.6464144234375 0.126379915625 0.6582923640625 0.13117359374999998 0.67170866875 0.1331021625 0.6733678671875 0.1450444109375 0.6768841328125 0.14983335625 0.677202834375 0.1542467359375 0.67086285 0.1575381671875 0.6576444140625 0.1492629109375 0.6475683984375 0.14024126718750002 0.6372726171875
0 0.11721676249999999 0.9448023656250001 0.10782902187500001 0.9540431078125 0.10503360937499999 0.9630421874999999 0.1097020984375 0.97423893125 0.11834818124999999 0.9778760281250001 0.12431930625000001 0.9796341609375 0.13283546875000002 0.967954090625 0.13588125625 0.9633941343749999 0.1381156953125 0.9509558312500002 0.125612471875 0.9440003390625 0.11721676249999999 0.9448023656250001
0 0.1506189171875 0.9579113218749999 0.14427223281249998 0.9494945031250002 0.1322744921875 0.9645148640624999 0.1318434375 0.9763928046875 0.14303929375 0.979689303125 0.152552221875 0.9726681218749998 0.1506189171875 0.9579113218749999
1 0.5390625 1 0.5390625 0.5390625 0.3675988390625 0.5390625 0.374866396875 0.561205771875 0.36858940625000003 0.57354514375 0.3593870796875 0.5795664234375 0.350935878125 0.5989050765625 0.3355770125 0.6063876859375 0.331659646875 0.6085083140624999 0.321525515625 0.6175292875 0.2994538703125 0.6361316015625 0.2828526 0.6476138015624999 0.2749021453125 0.675830703125 0.25413786875 0.698092009375 0.24518118281249998 0.6954548109375 0.23025337499999998 0.6910594781249999 0.21750450937500002 0.69276246875 0.2083718765625 0.7195399390625 0.2096284828125 0.7548331625 0.19844209375 0.7777318734375 0.1921001421875 0.782412659375 0.1905518671875 0.8005097515624999 0.1997589265625 0.807586075 0.1891287796875 0.8208264078124999 0.177997884375 0.82518849375 0.17048321875 0.85462505625 0.1610352515625 0.8693048203125 0.1561305875 0.8929617656250001 0.147303821875 0.9056417343750001 0.145880734375 0.9259583890625 0.16155966718749998 0.9436710921875001 0.1559688390625 0.9616692499999999 0.15833793125 0.977645715625 0.151379509375 0.9974239031250001 0.1531682296875 1 0.5390625 1
0 0.6623283375 0.6072018453125 0.6713331046875 0.6214086796875 0.6732365953125 0.624537028125 0.677179721875 0.6025870796875 0.6757069296875 0.5764745859375 0.6658351921875 0.5928270921875 0.6559578890625 0.5937706546875 0.651791059375 0.6040992578125 0.6623283375 0.6072018453125
0 0.7824760656249999 0.6246028515625001 0.7853993734375 0.6151920484375 0.780637859375 0.5996667078125 0.7697351703124999 0.5977404703125 0.7623504734375001 0.612257375 0.759792578125 0.620491828125 0.773989559375 0.627239859375 0.7824760656249999 0.6246028515625001
0 0.9591768796875 0.6265567421875 0.9644399484375 0.6126990890624999 0.9656070453125001 0.602771190625 0.9642162453124999 0.6010777421875 0.9505319578125 0.595764609375 0.9383913156249999 0.6101651203125 0.9343717671875 0.6231049734375 0.9485687468750001 0.6298530046875 0.9591768796875 0.6265567421875
0 0.8155773937499999 0.7062499437499999 0.8100197640625 0.7148850984375 0.8057056578124999 0.7226024515625 0.8039550140625 0.7374943015625 0.8122998062499999 0.747654990625 0.8195427937499999 0.74593578125 0.82927281875 0.7423809703125 0.834170475 0.729699665625 0.83379949375 0.7154670703125 0.8229676578125 0.707141984375 0.8155773937499999 0.7062499437499999
0 0.7473963578125 0.73753246875 0.7468128093749999 0.7424964171875 0.7482800328125 0.7531999625 0.75420864375 0.7587974046875 0.760573521875 0.7568196484375 0.76488763125 0.7491022953125 0.765176621875 0.738915846875 0.7603442499999999 0.7297893546875 0.7536139593750001 0.7329434609375001 0.7473963578125 0.73753246875
0 0.5390625 0.9124568937499999 0.5400286453125 0.9114367250000001 0.558468878125 0.9168662515625 0.5684170390625 0.9095238406250001 0.56395008125 0.899220996875 0.547413340625 0.89691981875 0.5390625 0.9016357515625 0.5390625 0.9124568937499999