0 0.596325821875 0.36259805625 0.6140122140625001 0.3819112921875 0.6244990265625 0.376393225 0.62617334375 0.368116125 0.6234962890625 0.3524816 0.6087436796875 0.3515619234375 0.596325821875 0.36259805625
1 0 0 0 0.609375 0.058921512499999995 0.609375 0.062450790624999995 0.6017143078125 0.10696534531249999 0.6072323749999999 0.1176233125 0.6035536640625 0.1310592578125 0.609375 0.1833605484375 0.609375 0.1959330578125 0.6044733421874999 0.1939647953125 0.58332075 0.22683168125000003 0.608152053125 0.2281883515625 0.609375 0.2489285046875 0.609375 0.23185462812500002 0.58332075 0.2270753734375 0.5713649375000001 0.25143485 0.570445259375 0.2834943296875 0.5603288046875 0.29790463125 0.5575697703125 0.32522207187499996 0.562168159375 0.329536228125 0.5428549234375 0.31566356406249996 0.5382565359375 0.3294376125 0.502389096875 0.35010615 0.514344909375 0.36130175625 0.5033087734375 0.35530025 0.4913529625 0.36647167812500003 0.4931923171875 0.4054740078125 0.5051481296875 0.39853115781250004 0.4830758609375 0.3821284125 0.47755779374999996 0.367852046875 0.45548552343750004 0.3770310296875 0.449047778125 0.409090509375 0.438931321875 0.41218241093749997 0.41961808593749994 0.40583859687499996 0.4039835625 0.4210674484375 0.3837506484375 0.45370178437500003 0.392947428125 0.4603748671875 0.3727145140625 0.444766490625 0.36259805625 0.4652880546875 0.3598390234375 0.46235427187499994 0.341445465625 0.439583534375 0.333168365625 0.4471365625 0.3092567390625 0.447441653125 0.2862647921875 0.46573822343750004 0.2595941328125 0.4472574609375 0.24487928750000001 0.456289471875 0.22372669531249997 0.44514222343750004 0.2090118484375 0.4442864578125 0.19981506875 0.4290445703125 0.180501834375 0.416955978125 0.1556705328125 0.4000397765625 0.14463439843749998 0.39440475468749997 0.12348180625 0.36531438125000004 0.086694690625 0.3320196125 0.057264996874999995 0.3062909109375 0.043469828125 0.292271275 0.02415659375 0.26915823125 0.0122007796875 0.2539700734375 0 0 0
0 0.579376190625 0.5088268421875 0.5652467953125 0.50146941875 0.5535377312499999 0.5069874875 0.558316984375 0.5189432984375 0.57690750625 0.52170233125 0.58128305625 0.516184265625 0.579376190625 0.5088268421875
0 0.529795784375 0.22556605156249998 0.5230854828125 0.2191283078125 0.4973326 0.21820862812500003 0.492676140625 0.2338431515625 0.500071053125 0.24763832031250002 0.5244305296875 0.2467186421875 0.531959378125 0.235682509375 0.529795784375 0.22556605156249998
0 0.541849053125 0.315694484375 0.5340020765625 0.3101764171875 0.519677353125 0.313855128125 0.51504506875 0.31661416249999996 0.519824325 0.328569975 0.5375348984375 0.335007721875 0.54261924375 0.3239715859375 0.541849053125 0.315694484375
0 0.46857718593750003 0.4214574421875 0.471987215625 0.41869840781249995 0.4722681234375 0.40858195156250005 0.463027740625 0.4012245296875 0.4494118109375 0.399385171875 0.44128392656250004 0.4039835625 0.44597760312499996 0.41501969687500007 0.4587991640625 0.4214574421875 0.46857718593750003 0.4214574421875
0 0.4499383078125 0.444449390625 0.44490232343749997 0.42973454375 0.4296362546875 0.42329679843749995 0.41496922343750003 0.42329679843749995 0.41494504218749995 0.4361722875 0.43186124687499994 0.4472084234375 0.44067374375 0.44996745625 0.4499383078125 0.444449390625
0 0.9528348265625001 0.4572893734375 0.9573747390625 0.4502538359375 0.9483360187500001 0.442436575 0.9290330796875 0.44712693281250004 0.925968521875 0.458852825 0.9408042906249999 0.4619797296875 0.952086871875 0.460416278125 0.9528348265625001 0.4572893734375
0 0.9643845921875001 0.3134517515625 0.9737870140625 0.32517764374999997 0.9920510374999999 0.3204872859375 0.9917806312499999 0.3064162140625 0.9865860578125 0.306416215625 0.9716775484374999 0.3025075828125 0.9640208937500001 0.3095431203125 0.9643845921875001 0.3134517515625
0 0.79094285 0.5596955046875001 0.791618065625 0.555786875 0.7940074078125 0.5479696125 0.7883763921875 0.5432792546874999 0.7760548953125 0.5448427078125 0.76980085625 0.555786875 0.7786940953125 0.562040684375 0.7818108374999999 0.562040684375 0.79094285 0.5596955046875001
0 0.8466694640625001 0.5221726484375 0.8501704625000001 0.5151371124999999 0.840913521875 0.5049746703125 0.8283738046875 0.5041929453125 0.820862628125 0.5127919328125 0.8253092484375 0.5159188375 0.8273665250000001 0.5268630046875 0.8356778437500001 0.5268630046875 0.8436982000000001 0.5237361 0.8466694640625001 0.5221726484375
1 0.65 0 0.65 0.5616277296875001 0.6599668515625 0.5589137796875 0.6730884890625 0.565949315625 0.69260965 0.5636041359374999 0.7079751515625 0.5612589578125 0.7415319359375 0.553441696875 0.7778623171875 0.530771634375 0.803503121875 0.549533065625 0.815201590625 0.5636041359374999 0.8211030140625001 0.582365565625 0.8468892953125 0.602690446875 0.8435226984374999 0.5776752078125 0.830151203125 0.5456244328125 0.8134969328124999 0.5229543734375001 0.797954315625 0.5010660390624999 0.8091119718750001 0.48699496875000003 0.8169346609374999 0.47057871718750005 0.8248095375 0.46588836093749997 0.840445446875 0.47761425468749996 0.8654521421875 0.47839597968750003 0.875404846875 0.4737056234375 0.889897465625 0.4619797296875 0.8681735500000001 0.4518172890625 0.8712381062500001 0.4400913953125 0.8775648875 0.42992895468750003 0.8762555640624999 0.4158578828125 0.905854359375 0.42132996718750004 0.8910391437499999 0.40725889375 0.9135315687500001 0.40335026406249996 0.9339777984375001 0.42211169374999996 0.9626104171875 0.42836550156250003 0.99767419375 0.4479086578125 0.9697578921875 0.4158578828125 0.95832983125 0.415857884375 0.9408343125 0.40647716875000006 0.9216974062500001 0.4017868125 0.9202426046875001 0.38615228749999997 0.9242211484375 0.3619187765625 0.9146005078125 0.347847703125 0.9127092640625 0.32752282187500004 0.9270564015625 0.3142334765625 0.9342766171875001 0.3025075828125 0.9196068859375 0.2899999640625 0.9187545546875 0.26967508281249997 0.9320627796875 0.2563857375 0.9228058390625 0.2462232953125 0.9122190234375 0.23293395 0.9335997921875 0.22824359374999997 0.9273346703125 0.20557353437499998 0.9122079421875 0.199319725 0.9393857593749999 0.1899390109375 0.9628443593749999 0.1852486515625 0.9244978046875 0.1750862125 0.8959379265624999 0.169614128125 0.87807870625 0.1563247828125 0.8744005953125 0.13912680625 0.8663486031250001 0.11958365156249999 0.8501307718750001 0.10160394843750001 0.84087383125 0.0914415078125 0.8239807890625 0.07737043593750001 0.8107136703125001 0.06877144843750001 0.796116675 0.0570455546875 0.7835975109375 0.0453196609375 0.769966690625 0.0328120421875 0.7493022421875 0.0117054359375 0.7280810609375 0 0.65 0
0 0.59843265625 0.8157897249999999 0.61335641875 0.8185487578125 0.6217410328125 0.8167094046875001 0.6312623234375 0.8139503703125 0.6317999640624999 0.8065929468749999 0.6257128796875 0.79371745625 0.61184021875 0.7891190671875 0.598481015625 0.79003874375 0.5931399421875 0.7983158453125 0.59007221875 0.804753590625 0.59843265625 0.8157897249999999
0 0.58261780625 0.86913104375 0.5875923921874999 0.8700507203125 0.5932757734375 0.86545233125 0.5976513234375 0.859934265625 0.5896331953125 0.852576840625 0.5795984437499999 0.8498178078125 0.5712138296875 0.8516571640624999 0.56806053125 0.85717523125 0.5724119015625 0.8645326531249999 0.58261780625 0.86913104375
0 0.09065091875 0.967536578125 0.09298566875 0.979492390625 0.1027636890625 0.979492390625 0.112822621875 0.9693759343749999 0.114753665625 0.9638578671874999 0.1119668546875 0.96017915625 0.1018465265625 0.9565004421874999 0.093461909375 0.9583397999999999 0.09065091875 0.967536578125
0 0.3940336390625 1 0.39414910000000003 0.99788595 0.3849087203125 0.9905285234375001 0.37581530937499996 0.9978859484375 0.3760120234375 1 0.3940336390625 1
1 0 0.609375 0 0.9437914296875001 0.012707659375 0.957420121875 0.02999035 0.9592594765625 0.0366634328125 0.9390265640625 0.05559625781250001 0.945464309375 0.07671686093749999 0.9491430203125001 0.08319460937499999 0.9399462406250001 0.1068694734375 0.931669140625 0.15453732656250002 0.931669140625 0.1836146609375 0.9289101078125 0.203965071875 0.9243117171874999 0.2267599875 0.9197133265625 0.249493509375 0.9013197703125 0.296305596875 0.892122990625 0.30698774375000004 0.8755687890624999 0.350585134375 0.858094909375 0.3657042296875 0.8498178078125 0.396260546875 0.8498178078125 0.4139097234375 0.8424603843749999 0.45443939375 0.8314242500000001 0.44818115625 0.8167094046875001 0.4535222296875 0.8084323015624999 0.48330835624999996 0.8001552000000001 0.492254790625 0.7780829312499999 0.46905617031249996 0.7652074421874999 0.46865246562499996 0.7477335625 0.4669409328125 0.7293400046875 0.49194780624999995 0.709107090625 0.4876206140625 0.6888741765625 0.495320615625 0.6796773984375 0.4811912234375 0.672319975 0.474871590625 0.643809959375 0.47375909375 0.6318541484375 0.4716673953125 0.609375 0 0.609375
1 0.65 1 1 1 1 0.609375 0.65 0.609375 0.65 1