0 0.4559664203125 0.23175651562500002 0.439470890625 0.23472759375000002 0.449352603125 0.2510815078125 0.457086740625 0.2494902953125 0.473038875 0.2495898359375 0.4761801640625 0.2438712859375 0.47342965625 0.2353493625 0.4559664203125 0.23175651562500002
0 0.387760425 0.2201107796875 0.389814921875 0.22053346875000002 0.3770040765625 0.2147153765625 0.366264496875 0.221257484375 0.3694988609375 0.23306137031250002 0.384500053125 0.23853449375000002 0.3896958390625 0.23323863125000002 0.387760425 0.2201107796875
0 0.3319334375 0.1505459734375 0.3261774875 0.14697494687499998 0.3150135953125 0.1438825078125 0.3072794546875 0.1454737203125 0.304350321875 0.156009540625 0.31285678125 0.1681024921875 0.3182647234375 0.167623903125 0.324971615625 0.165821346875 0.3318143546875 0.1632511375 0.336118740625 0.1569762765625 0.3319334375 0.1505459734375
0 0.372023884375 0.032293062500000004 0.38818817499999997 0.0372098765625 0.4025528984375 0.0282311828125 0.393231346875 0.0207441609375 0.3817957578125 0.01918703125 0.37365407031250003 0.02308120625 0.372023884375 0.032293062500000004
0 0.21609072187499997 0.19752150625 0.2078559625 0.1838932453125 0.19285476875000002 0.1784201234375 0.185680790625 0.188878225 0.1868011140625 0.206612003125 0.20220985156250001 0.2097821640625 0.21609072187499997 0.19752150625
0 0.0096454421875 0.27518411875000004 0.024315395312499998 0.28854513125 0.035810524999999996 0.283749678125 0.0349786671875 0.2764180984375 0.022499060937500003 0.2627121171875 0.015036620312499999 0.26276801875 0.0096454421875 0.27518411875000004
0 0 0.35196447656249996 0.0013326546875 0.3522386546875 0.0116646890625 0.3479995125 0.013159025 0.3395553109375 0.009865121875 0.33410400625 0 0.32897823125 0 0.35196447656249996
1 0 0 0 0.2443541921875 0.014884004687499999 0.25159816562500004 0.009985923437499999 0.22513111874999997 0.0035935046875 0.207108275 0.015360332812499999 0.2007775109375 0.020785043750000003 0.21223643124999997 0.0329761875 0.21554021250000002 0.040846175 0.21318134687499998 0.06631525 0.2136476734375 0.093490815625 0.21048706718750002 0.12018252968750001 0.204044503125 0.1318470421875 0.2223564125 0.1493102796875 0.22594925781250003 0.157451965625 0.222055084375 0.1612464890625 0.242725859375 0.1740908671875 0.2724189671875 0.19190210937500002 0.28006143125 0.1918090359375 0.2625389953125 0.18958515625 0.23900894374999998 0.1878451296875 0.21876085625 0.1798057609375 0.19801236093750002 0.1753319921875 0.181179859375 0.1748313703125 0.1659603859375 0.188168846875 0.15677035 0.20553900781249998 0.14284075937500001 0.21520856406250002 0.1543774 0.2326718015625 0.157970246875 0.2470532890625 0.1609290625 0.262929115625 0.155443675 0.2564008484375 0.1381884859375 0.2637702171875 0.1206101484375 0.2704603421875 0.10687008281249999 0.29594618125 0.11927391875 0.289765921875 0.106068346875 0.2952334046875 0.099237175 0.3297095578125 0.12701592343749998 0.37583345625 0.16116907187500001 0.3402369796875 0.11565654375000001 0.312815725 0.0901248578125 0.31093985 0.070644425 0.3287343265625 0.06634938124999999 0.326586753125 0.04840425625 0.33820096875 0.030903640625 0.34857577812499996 0.0083744078125 0.355206359375 0.0009869265625 0.3543610578125 0 0 0
0 1 0.42981232656249996 0.999085175 0.429487884375 0.9764856921875001 0.42483831875 0.9778014046875001 0.4354518625 0.9880143578125 0.4439178828125 1 0.4499789515625 1 0.42981232656249996
0 0.8239521890624999 0.3783399453125 0.8231370953124999 0.38294587343750003 0.8227295484375 0.3852488375 0.8277467125 0.39901071875 0.844454396875 0.4008569140625 0.85005773125 0.3932580875 0.850872825 0.388652159375 0.84579611875 0.3812428578125 0.8329852734375001 0.3754247671875 0.8239521890624999 0.3783399453125
0 0.8540753734375001 0.28031330312499997 0.8407211328124999 0.2775658328125 0.8376393859375 0.2769318 0.8281987531249999 0.282149940625 0.8287589140625 0.29101683125 0.8422657687499999 0.30493415625 0.8510271578124999 0.3035542875 0.8599243953125001 0.3014067671875 0.8638212375000001 0.2974348703125 0.8645600218749999 0.287244015625 0.8540753734375001 0.28031330312499997
0 0.7132197093749999 0.45659979687499996 0.7106981234375 0.46483265312500005 0.70974718125 0.47020623749999996 0.7093564015625 0.48444671093749997 0.7149765015625 0.4887853921875 0.730385240625 0.49195555156250004 0.7379835296875 0.4911319953125 0.7480271000000001 0.47649065312500005 0.746303840625 0.468180075 0.7367105921875 0.46222836093749997 0.7309546421875 0.45865733437499995 0.7206821531250001 0.45654389375 0.7132197093749999 0.45659979687499996
0 0.6494266343749999 0.5296875 0.6515662703125 0.528249375 0.6516258125000001 0.5218967953125 0.6492233093750001 0.5174244875 0.6337382625 0.5086694031250001 0.626139971875 0.5094929593749999 0.6166993390625001 0.5147111015625 0.620689253125 0.5282616390625 0.6236859578125 0.5296875 0.6494266343749999 0.5296875
1 0.509375 0 0.509375 0.5296875 0.54190115625 0.5296875 0.5414719796874999 0.5246933203124999 0.5591901484374999 0.5148133484375 0.5618475843749999 0.5058128359375 0.58089823125 0.5184839171875 0.5881485171875 0.5136107421875 0.5927246015625001 0.5058005734375 0.6068343921875 0.5102946968750001 0.6222263640625 0.501527346875 0.6356401468749999 0.4979222359375 0.6435696765625 0.4892107890625 0.6743703875 0.48361359843749996 0.6869095328125 0.490966996875 0.6880558671875 0.47847317812499995 0.68071250625 0.46582391718749994 0.6729020578125 0.4618302015625 0.6989312953125 0.4711634171875 0.7082956203124999 0.4603603484375 0.70800715625 0.44995814999999995 0.7223123390625 0.4473320375 0.7159962265625 0.43489411875000006 0.7075660765625 0.428386096875 0.71132706875 0.42518185468749997 0.7232465125 0.4300209453125 0.7353018062500001 0.43409238281249996 0.7496665281249999 0.4251136890625 0.750269465625 0.41569048906250006 0.7445135171875 0.4121194609375 0.746822946875 0.39906933125 0.7378494015625 0.3956319265625 0.7392078890625 0.38795537812499997 0.74105023125 0.38356079374999996 0.7535726125 0.378976684375 0.7660354515625001 0.38074515781249996 0.7588279421874999 0.36732824062499997 0.7533436890624999 0.362221903125 0.7620287703124999 0.355257109375 0.7599575062499999 0.3428969125 0.7576908515625 0.337656953125 0.7612396875 0.3296354375 0.7662996265625 0.32510723124999996 0.7751968625 0.32295970937499996 0.7757997984375 0.3135365078125 0.79202363125 0.3121007390625 0.7962517109375 0.3002409515625 0.793017346875 0.28843706562500004 0.789918834375 0.275865525 0.7869561703125 0.2625263296875 0.7833142578125 0.2530254078125 0.7774820046875 0.243869453125 0.774459796875 0.23688283906250002 0.7740354859374999 0.2272482953125 0.77074158125 0.2217969921875 0.7568104140624999 0.198245121875 0.7560548625 0.1964984671875 0.7521244874999999 0.176595346875 0.7517001765625 0.166960803125 0.749764759375 0.153832953125 0.744611746875 0.14083872343749998 0.7422687859374999 0.1300138359375 0.7365723765625 0.12009022656249999 0.7289573203125 0.10897627343750001 0.7188802187500001 0.0997425984375 0.705993065625 0.08833958125 0.7014002140625 0.08421224375 0.690703409375 0.07246425937499999 0.6870615015625 0.06296333750000001 0.6866371890625 0.053328793750000006 0.676076234375 0.0408131546875 0.6709995281250001 0.033403853125 0.6596234796875 0.025494143749999996 0.652763971875 0.01612684375 0.5772957578125 0.000600184375 0.5699431953125 0 0.509375 0
0 0.472516484375 0.8272543562500001 0.47339111718750004 0.816295846875 0.4574985265625 0.809843725 0.4514113375 0.8141605875 0.45012915781249996 0.8274220624999999 0.4610213515625 0.8320498093750001 0.46923934687499996 0.8337405609375 0.472516484375 0.8272543562500001
0 0.4094392125 0.7625627234375 0.41044969531250003 0.7508365593749999 0.41174864062500005 0.74951259375 0.401535690625 0.7410465734375 0.38750220625 0.742137375 0.383545825 0.752461853125 0.3905411796875 0.761061496875 0.39732437656249997 0.7648438687500001 0.4094392125 0.7625627234375
0 0.453273884375 0.6291680625 0.4640302296875 0.634563465625 0.481417159375 0.6325713859375 0.4781827984375 0.6207675 0.4718071453125 0.6146821640625 0.4600998578125 0.6146603453124999 0.451958171875 0.6185545218749999 0.453273884375 0.6291680625
0 0.2820845984375 0.8023962015624999 0.28776423906250004 0.800382303125 0.29850381875 0.7938401953125 0.2879428625 0.7813245562500001 0.276643121875 0.778999775 0.2647999859375 0.779745609375 0.2628981015625 0.7904927765625 0.2685945078125 0.800416384375 0.2820845984375 0.8023962015624999
0 0.08231095625 0.950648965625 0.089017846875 0.948846409375 0.094137328125 0.9379656203125 0.0894681703125 0.9282533546874999 0.07611393125 0.9255058828125 0.06975504375 0.9313580546875 0.0685324046875 0.9382669484375 0.0745005109375 0.9466552499999998 0.08231095625 0.950648965625
1 0 0.5296875 0 0.7954073453125 0.0001419828125 0.7953086171875 0.01465931875 0.797499778125 0 0.8129448828125 0 0.81895035 0.0088773609375 0.8241563484375 0.0177150578125 0.828361409375 0.0249988765625 0.847363253125 0.0417065625 0.8492094453125001 0.065273753125 0.8604229374999999 0.0727194296875 0.8484295265625 0.05756562187499999 0.83178655 0.0646632921875 0.8157435218749999 0.0722188078125 0.8332100562499999 0.089927734375 0.8654951921875 0.104232915625 0.8628690796875 0.0976878828125 0.8336763812499999 0.0875177078125 0.8069202703125 0.081277903125 0.8000672796874999 0.0916099375 0.7958281375 0.09914868593750001 0.8013571625000001 0.1048450953125 0.811280771875 0.12155278124999999 0.813126965625 0.126884415625 0.8070634484375001 0.15153839687499998 0.8121357031249999 0.1748766640625 0.8065944140625 0.20040528124999998 0.800708159375 0.2152538578125 0.795011428125 0.22895610312499998 0.8018085156250001 0.213835828125 0.8090405562499999 0.20803710312499998 0.8237596187499999 0.22228274531249997 0.8274860875 0.23172337812500002 0.8222679484375 0.23465250937499998 0.8117321265624999 0.245425621875 0.8290650359375 0.24195309375 0.8426714765625001 0.25491655468749996 0.8596594218749999 0.26759155 0.8662451671875001 0.27044437499999996 0.8501244171875 0.2737810546875 0.83728563125 0.26327964062500003 0.8184174109375 0.2561316703125 0.7986479125 0.251598359375 0.7881679921875 0.24966294531250002 0.7750401421875 0.2592989671875 0.7627017640625 0.26982639218750004 0.7513423859375 0.28145737187500003 0.7457792765625 0.288435959375 0.7424414125000001 0.30762245625 0.7543448375 0.3241942921875 0.7569586859375 0.34377156875 0.7546216390625 0.3457329953125 0.7375218921875 0.3346286421875 0.728076871875 0.350351853125 0.71142163125 0.3535526828125 0.6993505 0.3714402328125 0.712577890625 0.3629933171875 0.6941323578125 0.37743434531250003 0.6907385921875 0.40739395468749995 0.719974928125 0.44886546093749996 0.7563533203125 0.41943248281249995 0.71210885625 0.40441452499999997 0.6946982234375 0.388038078125 0.684964140625 0.397538253125 0.6733934171875 0.40764136406249996 0.65239949375 0.40692858750000005 0.63236275 0.4162929125 0.6215596828125001 0.4278475859375 0.610411646875 0.4350215640625 0.599953546875 0.4292488484375 0.5844450109375 0.42157425000000004 0.5796836390625 0.4268295796875 0.5680351953125 0.4357863578125 0.5595350906250001 0.4388345734375 0.53629410625 0.4442278078125 0.5296875 0 0.5296875
1 0.509375 1 1 1 1 0.5296875 0.509375 0.5296875 0.509375 1