0 0.1796400984375 0.12860633593749998 0.17319942500000002 0.142702884375 0.17262104375 0.14598659687499999 0.1935968078125 0.14346057968749998 0.2036879640625 0.13953469375 0.20210105312499999 0.1288831828125 0.1961486703125 0.12475954843749999 0.18262210625 0.12712424218750001 0.1796400984375 0.12860633593749998
0 0.2942467734375 0.12394354062499999 0.30548306406250003 0.12053805468750001 0.3162659546875 0.11408927656250001 0.3208697578125 0.1019952203125 0.3151557046875 0.09230540781249999 0.3001439515625 0.0918672375 0.2832836984375 0.10051938125 0.28280703749999997 0.1116517390625 0.283147090625 0.11393420624999999 0.2849723328125 0.1190195359375 0.28748930625 0.1215819765625 0.2942467734375 0.12394354062499999
0 0.2841818125 0.0420547265625 0.2751224421875 0.0457401890625 0.26926015312499996 0.0565530234375 0.27050701250000003 0.064922065625 0.28126664218749997 0.0726489359375 0.29250293437499997 0.0692434484375 0.2950315375 0.064718065625 0.294464784375 0.06091395468750001 0.29002084687499996 0.0454175375 0.2841818125 0.0420547265625
0 0.2089940421875 0 0.21432849062499998 0.010310453125 0.21853409687499997 0.0313730484375 0.22218458124999999 0.041543709375 0.22789863124999998 0.0512335234375 0.237059725 0.055396706250000004 0.2494411515625 0.052511615624999994 0.2533415921875 0.050028275 0.2246347234375 0 0.2089940421875 0
0 0.0379948609375 0.059271639062500006 0.034434471875 0.0640374453125 0.0347628953125 0.0734077359375 0.045409175 0.0803737828125 0.0629495328125 0.076286571875 0.0658298171875 0.06695583125 0.0651497125 0.062390898437499995 0.053584996875 0.0564260984375 0.0379948609375 0.059271639062500006
0 0.0103893015625 0.5404068265624999 0.01221454375 0.5454921578125 0.0289381859375 0.5502548375 0.0496988796875 0.5391193515625 0.0502772609375 0.535835640625 0.0389508765625 0.524304659375 0.01235115 0.5320773328125 0.0103893015625 0.5404068265624999
0 0.03259160625 0.48878644531250004 0.0523088828125 0.48497920624999996 0.05196883125 0.48269674062499995 0.057151018750000004 0.46731897343749995 0.0471848421875 0.46491785781250006 0.0247238875 0.4646410109375 0.0192016484375 0.4777363125 0.026412518750000002 0.48314116562500004 0.03259160625 0.48878644531250004
0 0 0.47935061875 0.000289453125 0.47978148281250005 0.013702668749999999 0.47665596718750003 0.017036356250000002 0.470368515625 0.0153360953125 0.458956184375 0.0076601921875000005 0.457595865625 0 0.4518542265625 0 0.47935061875
0 0.26070645625 0.1711207671875 0.241477465625 0.1567078234375 0.2318280859375 0.170764821875 0.23559191875000002 0.1816963046875 0.2446396578125 0.185098665625 0.2580528734375 0.1819731515625 0.26070645625 0.1711207671875
1 0.4 0.559375 0.4 0.17428845312500002 0.3578628671875 0.185481653125 0.3507769765625 0.1737497984375 0.3322048328125 0.1780774328125 0.3293245484375 0.1874081734375 0.316818140625 0.19662026562499998 0.311057571875 0.2152817453125 0.2950140328125 0.2150839984375 0.2990045671875 0.2275371265625 0.28029581718749996 0.24527958593750002 0.26766442968750004 0.26081867812500004 0.26248224375 0.276196446875 0.2256780109375 0.28713418281249997 0.21763880000000002 0.2976670453125 0.2030688203125 0.30735998593749997 0.1760941546875 0.33411366249999996 0.1512179484375 0.3391230203125 0.14387046718750002 0.3471329921875 0.131047265625 0.3398869703125 0.10570602656250001 0.34894086406249997 0.102360709375 0.3623161390625 0.118857653125 0.3655571734375 0.130082315625 0.369239509375 0.13339274375000001 0.3771277046875 0.1059763046875 0.3937502703125 0.085782365625 0.408689865625 0.0555321578125 0.40629187812499995 0.043705854687500004 0.42006890312499995 0.050666767187499996 0.43812775937500004 0.070724096875 0.4366029875 0.076313171875 0.4526198015625 0.0792719203125 0.465313353125 0.06906741250000001 0.4684784171875 0.065382046875 0.47957122500000005 0.05857806250000001 0.505560953125 0.06474551875 0.5182940546875 0.0503005203125 0.5216599937499999 0.0458216953125 0.527427046875 0.064585653125 0.5458845250000001 0.06905911249999999 0.559375 0.4 0.559375
0 0.4 0.2936736125 0.409678884375 0.30352733125000003 0.43237816718750005 0.2982379984375 0.44304770624999995 0.29102839999999996 0.43365991406250004 0.2853435734375 0.40216284687500004 0.2745765421875 0.4 0.290426725 0.4 0.2936736125
0 0.4815812109375 0.41351763437500005 0.47960773437500004 0.4289349515625 0.4660579109375 0.445475290625 0.48050291093749997 0.44210935156250003 0.50023181875 0.431214290625 0.49773810156250003 0.414476203125 0.4815812109375 0.41351763437500005
0 0.5510451515625 0.2635013921875 0.539230478125 0.27019059218749997 0.535771809375 0.2828050453125 0.5487199921875 0.283724065625 0.557552659375 0.2785169609375 0.560886346875 0.272229509375 0.5510451515625 0.2635013921875
0 0.6026372531249999 0.45930952343750003 0.6065493203125 0.44973835937500006 0.6047240796875 0.444653028125 0.59246763125 0.4412111171875 0.5787027375 0.4491419890625 0.5766275375000001 0.4567106609375 0.5785661281250001 0.4625568140625 0.5842918109374999 0.465158803125 0.592659446875 0.46399623125 0.6026372531249999 0.45930952343750003
0 0.616931075 0.5480852875 0.62439190625 0.5408361390625 0.62395013125 0.5307050265625 0.61994796875 0.525339721875 0.6029859953125 0.526143221875 0.5892210984374999 0.5340740921875 0.588857790625 0.5459672734375001 0.590342978125 0.5487701375 0.5964087140625 0.5536545921875 0.6046629984375 0.5517312000000001 0.616931075 0.5480852875
0 0.651747384375 0.3518233484375 0.6598883203125 0.34913913281250003 0.6682675859375 0.3408887375 0.6607166624999999 0.3332014171875 0.654990978125 0.330599428125 0.6491403171875 0.3343244390625 0.644083109375 0.34337520625 0.6451032671875 0.3502226046875 0.651747384375 0.3518233484375
0 0.8668892390625 0 0.8668472171874999 0.0041265359375 0.8726862515625001 0.0074893468749999996 0.8890698421875001 0.0099695609375 0.8980158609375 0.0055232765625 0.8971929781250001 0 0.8668892390625 0
0 0.896972446875 0.012851524999999999 0.889761575 0.0074466703125000006 0.8645453171875002 0.0101735640625 0.8629235203124999 0.0207855234375 0.8687625515625002 0.024148334375 0.8781619734374999 0.0227453390625 0.89043005 0.0190994265625 0.8942171421874999 0.0158552625 0.896972446875 0.012851524999999999
0 0.8838876562500001 0.025347329687499996 0.8831959218750001 0.02787021875 0.8846694828124999 0.03776090625 0.8900551125 0.0380804296875 0.90025961875 0.034915365625 0.90452336875 0.0205388453125 0.8936387578125 0.0191389765625 0.8838876562500001 0.025347329687499996
1 1 0.559375 1 0.0708274515625 0.9898069625 0.077028046875 0.9777655875000001 0.0821956046875 0.9746934875000001 0.06874123125 0.956699728125 0.069785153125 0.9544210828124999 0.061656534375 0.9372440359375 0.053850565625 0.92622281875 0.065865521875 0.9271179968750001 0.079039921875 0.9094526593750001 0.08945413437500001 0.9152684359375 0.10699259375 0.9186922156249999 0.11564160937500001 0.9071042421875 0.12385245468749999 0.9009716718749999 0.0898558828125 0.8781706640625 0.0872965703125 0.8605169578125 0.0906229609375 0.8146214078125 0.054870576562499995 0.862385778125 0.1389960515625 0.8448337921875 0.1501710859375 0.8214311453124999 0.165071134375 0.7895591375000001 0.17328510625 0.7920528546875 0.1900231921875 0.789852675 0.203918865625 0.7929364046874999 0.21028541562499997 0.7837520546875 0.2202978796875 0.775486140625 0.229309096875 0.760837696875 0.2169777453125 0.743965815625 0.2327177125 0.7578208046875 0.23972330937500003 0.7565506875000001 0.24552991249999997 0.74348915625 0.2438500703125 0.732706265625 0.250298846875 0.7149508390625 0.245776590625 0.707251678125 0.25859191875 0.7113555609375 0.27180586875 0.7299277046875 0.2674782328125 0.7394288484375 0.2739238828125 0.74502955 0.28285287187499997 0.7280675765625 0.283656371875 0.7030547609375001 0.3020805546875 0.6891416296875 0.3305140734375 0.695547415625 0.337680996875 0.7281344125 0.31276848749999997 0.7207636749999999 0.33495410468750003 0.7029849875 0.34460749375 0.6968843671875 0.360986509375 0.673164925 0.3594284421875 0.6612369 0.36535682187499996 0.6632655843749999 0.38613944375 0.69088546875 0.38521416875000003 0.6493873390625 0.3933094921875 0.6536045734375 0.40728426406249996 0.671926759375 0.41561062968750007 0.675894034375 0.44223940468749995 0.6663696328125 0.4499694015625 0.673557246875 0.4695499015625 0.6637828859375 0.48993390156250005 0.6760160765625 0.507551459375 0.6665817687500001 0.5302179234375 0.667941978125 0.5393477890625 0.679166640625 0.543030125 0.68028851875 0.55772616875 0.68339411875 0.559375 1 0.559375
0 0 0.8989075953124999 0.00656305625 0.8973782890625 0.019515512500000002 0.8915816624999999 0.018582035937499998 0.8853160687500001 0 0.8821351500000001 0 0.8989075953124999
0 0.036359140625 0.9793465078124999 0.0334116734375 0.96799325625 0.0161645328125 0.9618243984374999 0.007387082812499999 0.970352809375 0.004945671875 0.979257128125 0.008306879687500001 0.9849570171875002 0.0212456578125 0.98749900625 0.036359140625 0.9793465078124999
0 0.075544859375 0.7618298515624999 0.09415290468750001 0.7602723250000001 0.108866325 0.749434571875 0.097688509375 0.7418514546875 0.0933801421875 0.7382245859375 0.0781333078125 0.745482 0.074211321875 0.7528790046875 0.075544859375 0.7618298515624999
0 0.1299841859375 0.6972796484375 0.13686731875 0.6928972812499999 0.1376948046875 0.681590559375 0.12894471875 0.6734417374999999 0.1192337953125 0.675704553125 0.11275072343749999 0.682772175 0.1089620921875 0.6910642609375 0.112456653125 0.6976592375 0.1299841859375 0.6972796484375
1 0.4 1 0.4 0.559375 0.2863130171875 0.559375 0.28943145000000003 0.56195281875 0.21359732656250002 0.60092515 0.19169302500000002 0.6393709484375 0.188837871875 0.6539286296875 0.1854493015625 0.6649059703125 0.16766874062499998 0.655156771875 0.1498471390625 0.670423425 0.1646665515625 0.6771579859375001 0.13821453749999998 0.6935095140625 0.155300965625 0.7154605187499999 0.1562344421875 0.7217261125000001 0.12289929531249999 0.742460009375 0.11868324062499999 0.7647440718749999 0.1185225265625 0.7805262187500001 0.099073315625 0.8017290812500001 0.0777571515625 0.8104007578125 0.07516870625 0.8267486078124999 0.090135153125 0.8260396390625001 0.0820244734375 0.8390434718750001 0.061122053125 0.8420617859374999 0.060561275000000005 0.855158678125 0.0784888703125 0.85746434375 0.082889546875 0.8870021453125 0.0781263953125 0.9140444828125001 0.0758046578125 0.9321825031250001 0.091796890625 0.9636500609375 0.09202255468750001 0.9904560765625 0.10047003437499999 1 0.4 1
0 0.18122301875 0.6112474078125001 0.18889259375 0.620574165625 0.2083144421875 0.6160485343750001 0.20820845000000002 0.5984762171875 0.19432251250000002 0.5980072515625 0.18122301875 0.6112474078125001
0 0.0681932609375 0.80522004375 0.0748233671875 0.7907088906249999 0.07578420625 0.780297253125 0.0608177578125 0.781006221875 0.05446804374999999 0.7889689296875 0.056201643749999995 0.8006050312500002 0.0681932609375 0.80522004375
0 0.760371121875 0.7896741765625 0.75850416875 0.777142990625 0.7490736328125001 0.772857359375 0.7301851984375001 0.78096333125 0.7320521546875 0.7934945171875001 0.7324522140624999 0.7961797734375 0.7430966140624999 0.8001825515625001 0.7515936734374999 0.7982025875 0.760371121875 0.7896741765625
0 0.6593125328125 0.8363765718749999 0.6613402031250001 0.8331256125 0.660006665625 0.8241747625 0.6442400953125 0.8195132234375 0.6408652046875 0.82215195 0.634515490625 0.8301146562499999 0.637876696875 0.8358145453125001 0.6423184171875 0.8403364984374999 0.6593125328125 0.8363765718749999
0 0.8823013140625001 0.840911940625 0.8793538468750001 0.829558690625 0.8696429234374999 0.8318215062500001 0.8601850234375 0.8442131078124999 0.85855741875 0.85014931875 0.8615185624999999 0.8531639546875001 0.8717629046875001 0.8544814796875 0.87999325625 0.8507113453125001 0.8823013140625001 0.840911940625
0 0.5888536109375 0.8861364500000001 0.5974977046875 0.876712953125 0.5946972734375 0.8579161734374999 0.5980721609375 0.8552774484375 0.5866139578125 0.854242775 0.579317084375 0.864278503125 0.5792897203124999 0.8809557343750001 0.5888536109375 0.8861364500000001