0 0.51875 0.09538521562499999 0.516811009375 0.09176788125 0.5022639375 0.0928064046875 0.4953237078125 0.11396169062499999 0.5074813296875 0.12064412656250001 0.51700848125 0.1178482125 0.51875 0.11295523125 0.51875 0.09538521562499999
0 0.4813159171875 0.09782816875 0.4808797171875 0.10615642656249999 0.48278441250000004 0.1145664796875 0.4934359625 0.120153353125 0.500169071875 0.1110021859375 0.49770217812500006 0.09840073906249999 0.4838203859375 0.09478686875 0.4813159171875 0.09782816875
1 0 0 0 0.4296875 0.43419270625 0.4296875 0.44691947968749995 0.42619448125000003 0.4403705734375 0.4019780921875 0.44597928593749997 0.38444413593750004 0.4686079328125 0.385234828125 0.4737804453125 0.3760291296875 0.48944093437499997 0.375533403125 0.4986239875 0.36438196718750004 0.48717519062500003 0.3441661140625 0.48527049531250005 0.3357560609375 0.47304139999999995 0.3155129421875 0.48400315000000005 0.300251909375 0.484585975 0.274198840625 0.47119490624999993 0.26121568125 0.4805415359375 0.24694115 0.4924641078125 0.2431859984375 0.4866954984375 0.2189968734375 0.4972755734375 0.21102306406250002 0.49740525 0.1786965390625 0.49927604687500005 0.1579031609375 0.4777548484375 0.1508935421875 0.47539700468749996 0.13621003125 0.48000731874999997 0.122812940625 0.47411270781250003 0.0861041640625 0.47560183125 0.0725980109375 0.46266391249999994 0.065888309375 0.458690946875 0.0521913015625 0.46658602968749996 0.035780175 0.4523601390625 0.0238107828125 0.43143871406249995 0.005349809375 0.4312383546875 0 0 0
0 0.7639169406249999 0.3760571296875 0.7595077765625 0.370688378125 0.75170479375 0.3704157265625 0.7485836015625 0.370306665625 0.7410701937499999 0.3794305671875 0.7438097125 0.386826853125 0.74598703125 0.3900317453125 0.7497794718749999 0.3922501359375 0.7590340015624999 0.39465938125 0.763535265625 0.3833443546875 0.7639169406249999 0.3760571296875
0 0.6753446234375 0.3656616703125 0.6683219390625 0.3654162828125 0.6618614562499999 0.3693622875 0.659592034375 0.382841175 0.66617851875 0.39141481875 0.6765574437499999 0.40220685468750006 0.685921021875 0.4025340375 0.683999378125 0.37952226875 0.6813689093749999 0.37004391875 0.6753446234375 0.3656616703125
0 0.6645295 0.363197890625 0.6646216 0.3465141125 0.6532442765625 0.3398589421875 0.64654874375 0.3333673625 0.6447530984375 0.3228752453125 0.6414683296875 0.32588927968750003 0.6429368249999999 0.342627590625 0.641720328125 0.35092858125 0.6419553765625 0.36136616875 0.64502204375 0.3625162609375 0.6520992531250001 0.361720615625 0.663912775 0.3600475296875 0.6645295 0.363197890625
0 0.944947553125 0.14355006718750002 0.949629340625 0.143713659375 0.9576504234375001 0.1398221828125 0.9516637124999999 0.119797184375 0.9430259078125001 0.12053830000000001 0.9394685156249999 0.1287574953125 0.9405929125 0.1371402828125 0.944947553125 0.14355006718750002
0 1 0.0098918609375 0.9965127875 0.0097700109375 0.9947886171875 0.0128385765625 0.9946965171875 0.02952235625 1 0.0348646203125 1 0.0098918609375
0 0.9440386515625001 0 0.938208525 0.0035609890625 0.9348861828124999 0.022217771875 0.944484809375 0.032982540625 0.9482227250000002 0.0362419640625 0.9599271984375001 0.0366509421875 0.9624316671875001 0.0336096421875 0.963685740625 0.009665903125 0.9583780031250001 0 0.9440386515625001 0
1 0.51875 0 0.51875 0.2972699203125 0.5258412531250001 0.2947326609375 0.5344245328125 0.295032578125 0.5406669187500001 0.29525070000000003 0.552262340625 0.2977417421875 0.5667063328124999 0.3055470078125 0.5573766515624999 0.334423253125 0.5742705875 0.34022825 0.579245628125 0.30494221875 0.587212184375 0.302091775 0.597863734375 0.3076786484375 0.613125596875 0.29986843125 0.6213102546875 0.2928538578125 0.632943253125 0.2797021546875 0.641073384375 0.27372861406250004 0.6478779671874999 0.278138128125 0.6568598703124999 0.28575253749999996 0.6691641171875 0.2747101625 0.6721762609375 0.2769012875 0.67415243125 0.298872021875 0.6851311296875 0.29821270312500003 0.6966005531249999 0.288184096875 0.6961849796874999 0.2662678921875 0.6882559984375 0.2534755890625 0.7037904890625 0.24046020937499998 0.708400803125 0.22706311875 0.7151884374999999 0.21687092031250002 0.7246065406250001 0.21615707031250003 0.7275641578125001 0.219389228125 0.732590046875 0.22790834062499998 0.7394491546874999 0.2312768234375 0.7450202921875 0.2293856171875 0.753859246875 0.20987865781249998 0.743971046875 0.1897173359375 0.7440800968750001 0.1876352703125 0.7535733515625 0.155635928125 0.7655880234375 0.1351969984375 0.7766042984375 0.11889493437500001 0.788690446875 0.1120166875 0.7924489875 0.0850316484375 0.8015229921875001 0.0759622765625 0.8105424718750001 0.0679339375 0.8284723796875 0.0539593234375 0.8391069796874999 0.04494448125 0.84974158125 0.035929640624999995 0.8593063093750001 0.017490979687499998 0.86625751875 0.0041756843750000005 0.8664762234375001 0 0.51875 0
0 0.8974996671875001 0.0793159 0.9012206328125 0.0679736078125 0.8939083765625 0.058331665624999994 0.8848719484374999 0.051758290625 0.8822039046875 0.0579226875 0.87525269375 0.071237984375 0.879171134375 0.08597602343750001 0.892436203125 0.0864395328125 0.8974996671875001 0.0793159
0 0.067831571875 0.9221542328125001 0.0653101546875 0.9105938171875 0.05482217968749999 0.9018838484374999 0.047581396875 0.9058025890625 0.045710600000000004 0.926595965625 0.054801553125 0.9321283093750001 0.0603181640625 0.9312781343750001 0.0660528765625 0.9262638296875 0.067831571875 0.9221542328125001
0 0.0459773078125 0.7722505609375 0.0541074375 0.7662770203125 0.0592799515625 0.7570713234374999 0.0567040078125 0.7465519421875 0.0439296640625 0.73671914375 0.0335131625 0.7415698562499999 0.027287726562499996 0.7559534484375 0.0280304484375 0.7716234609375 0.0351621828125 0.769786784375 0.0459773078125 0.7722505609375
0 0.1237794296875 0.6748471453125 0.1256126515625 0.669696515625 0.1261579 0.6592861937500001 0.1232548078125 0.6550130046875 0.1123306328125 0.6546312921874999 0.10710359375 0.6648780203125 0.1073386421875 0.6753156078125 0.1125281046875 0.680711625 0.1196598390625 0.6788749468749999 0.1237794296875 0.6748471453125
0 0.2783064484375 0.560308846875 0.26542305312500003 0.5525581125000001 0.25400815468750004 0.5615456890624999 0.24727504531250002 0.57069685625 0.25340838125 0.572997040625 0.2637873046875 0.5837890765625 0.2681249953125 0.5755971453125 0.2714642890625 0.571542078125 0.2783064484375 0.560308846875
0 0.29928239687499997 0.5777287859375 0.3122033671875 0.5698367734375 0.2904471203125 0.5523895671875 0.286981828125 0.543924984375 0.284133259375 0.5386107640625 0.27888927343750003 0.534255778125 0.26874539531249997 0.53390133125 0.2673108 0.5463664500000001 0.26921549375 0.554776503125 0.2815912140625 0.5572948109375 0.2873974015625 0.565841190625 0.29928239687499997 0.5777287859375
0 0.51875 0.6619195687499999 0.5088142015625 0.65179825 0.48990652187499995 0.6396652671874999 0.478365625 0.6361331921875 0.4682762734375 0.6347377109375 0.4656082296875 0.6409021078125 0.4651175046875 0.650271396875 0.4699798171875 0.66191360625 0.47850857187500007 0.66325455625 0.49055714375 0.67201905625 0.49456768437500004 0.67007331875 0.5033690640625 0.6662091078125 0.51875 0.66674655 0.51875 0.6619195687499999
0 0.264161625 0.6661942046875 0.260549709375 0.6754544328125001 0.267245240625 0.6819460125 0.2712012578125 0.68104130625 0.27766174375 0.6770952984375 0.281617759375 0.67619059375 0.29326770625 0.677640603125 0.3018509859375 0.677940521875 0.28795224531249997 0.6597249359375 0.2768099703125 0.6635073515625 0.264161625 0.6661942046875
0 0.2466244234375 0.5383430640625 0.25548032656249997 0.533437821875 0.24599074999999998 0.5205909875 0.22731811875000002 0.518895590625 0.21846221406250002 0.523800834375 0.2211472078125 0.5322381515625001 0.23502900000000002 0.535852021875 0.2466244234375 0.5383430640625
0 0.210505253125 0.6309453453125 0.22003240625 0.62814943125 0.2225914 0.6240671 0.21974283125 0.6187528765625 0.21215795 0.614316096875 0.20330204531249998 0.6192213390625 0.202249121875 0.624399234375 0.2058234640625 0.6307817531250001 0.210505253125 0.6309453453125
0 0.6458139375 0.92780249375 0.6576819859375 0.9250883765625 0.6622923015625 0.911691284375 0.6515317015625 0.9081864750000002 0.645289315625 0.907968353125 0.6378304328125 0.916051221875 0.6458139375 0.92780249375
0 0.8515451453124999 0.6565269015625 0.84613758125 0.6552950125000001 0.839840671875 0.6561179234375001 0.8346681578125 0.665323621875 0.834231959375 0.673651878125 0.8386956484375 0.6779795984375 0.8418168406250001 0.678088659375 0.8425971390625 0.6781159234375 0.8465531546874999 0.6772112171875 0.8497833968750002 0.6752382140625001 0.8547923359375 0.6691556140625 0.8515451453124999 0.6565269015625
0 0.9457298515625 0.60454223125 0.93531335 0.6093929453125 0.9250604250000001 0.6111205609375 0.92183018125 0.6130935625 0.9212304078125001 0.6245449171875 0.93193648125 0.6290907578125 0.9404652359375 0.6304317078125 0.9490485171875 0.6307316265624999 0.9532226328124999 0.6256627921875 0.9535497828124999 0.6194166 0.9529330578125 0.6162662375 0.9469632984375 0.6108429546874999 0.9457298515625 0.60454223125
0 0.9129779546875 0.5731526296875 0.8906049828124999 0.5525550625 0.8800079578125001 0.54592715625 0.87521711875 0.5478456312500001 0.8736565234375 0.5477911 0.87037175625 0.5508051359375 0.8675946625 0.5590515968750001 0.8673220374999999 0.56425675625 0.8716221515625 0.5717075734375 0.8785903109375 0.5729939921875 0.889896159375 0.56608848125 0.9129779546875 0.5731526296875
0 0.8528949953125 0.5710532078125 0.857522259375 0.57225783125 0.8611341765624999 0.562997603125 0.865853540625 0.5475184484375 0.8616079515624999 0.5390265984375 0.8564730140625001 0.53258955 0.842264071875 0.535221871875 0.840938525 0.545604928125 0.8446933906249999 0.5634660640625 0.8506631515624999 0.5688893484374999 0.8528949953125 0.5710532078125
1 0.51875 0.4296875 0.51875 0.82066620625 0.527199021875 0.8193641109375001 0.535983453125 0.800898184375 0.5414455390625 0.8010890406250001 0.5499197687499999 0.803471021875 0.5631303140624999 0.8049755640624999 0.5627486390625001 0.8122627890625 0.5664489796875001 0.8311649593750001 0.58143821875 0.8285599015624999 0.589840975 0.8173812 0.5897695015625 0.80382051875 0.5816224218749999 0.7951923421875 0.581332846875 0.7857957890625 0.58817500625 0.7745625578124999 0.603436871875 0.766752340625 0.60476241875 0.7563692843750001 0.61048018125 0.736753265625 0.6218405546875 0.7288067218750001 0.6332009281250001 0.7208601796874999 0.641876309375 0.7044763171875 0.644980553125 0.6899836640625 0.6520577609375 0.68918801875 0.6626754125 0.6655714625 0.67619615625 0.6462280953125 0.6922044203125 0.6092417140624999 0.7046891921875 0.6096779578125 0.716141665625 0.585047634375 0.7232395 0.554007528125 0.7359968953125 0.5492386125 0.7484816671875001 0.54967485625 0.7589526921875 0.5437831109375 0.770967365625 0.5233441812499999 0.773618459375 0.5025780703125 0.763457634375 0.4876219078125 0.766289253125 0.4783344140625 0.7588679468749999 0.4707745359375 0.7629705875 0.45214502031250003 0.7695401234375 0.44611694843749994 0.775438409375 0.43797954843750003 0.7668858390625 0.4296875 0.51875 0.4296875
0 0.63726599375 0.717873409375 0.6281374640624999 0.7279838109375 0.63116655625 0.7447766515625001 0.6371908421875 0.749158903125 0.6469906203125 0.741157828125 0.6532705812499999 0.725733203125 0.6512568359375 0.7194052140625 0.644397728125 0.71603673125 0.63726599375 0.717873409375