0 0 0.34364065 0.011133542187500001 0.3444165765625 0.006786803125 0.3304936578125 0 0.32561532656250003 0 0.34364065
0 0.088060015625 0.357371653125 0.098065625 0.34591876875 0.08458430156249999 0.3372383671875 0.0645228359375 0.33804490781249996 0.0672950359375 0.3407367375 0.0719684109375 0.35233076875 0.074740609375 0.35502259999999997 0.088060015625 0.357371653125
0 0.1495593375 0.30066173281249997 0.150645321875 0.307890359375 0.1629317828125 0.31011842968750003 0.170380153125 0.3094127078125 0.17733996875 0.304704525 0.18000608906249999 0.29318106718750003 0.1670691546875 0.28061918750000003 0.1468429734375 0.2900859609375 0.14917966093749999 0.2958829765625 0.1495593375 0.30066173281249997
0 0.1552964140625 0.14746931875 0.14817467812500001 0.1458461515625 0.13556158125 0.14594696875 0.13007022343750002 0.14767095 0.1245230265625 0.1572788703125 0.1346877625 0.16714891875 0.1516503921875 0.1659794375 0.15833941093749998 0.1557162015625 0.1552964140625 0.14746931875
0 0.2800788796875 0.3806504703125 0.278830975 0.367090496875 0.26067348125 0.36180765 0.246971603125 0.369671425 0.2478398328125 0.37845264218749997 0.25452605625 0.383180990625 0.2700202296875 0.384995709375 0.2800788796875 0.3806504703125
0 0.3021448046875 0.41795300312499994 0.311820984375 0.4238205921875 0.3245429578125 0.4229434796875 0.325143184375 0.4111780609375 0.31742401875000004 0.4063287296875 0.3081275140625 0.4052398984375 0.302091765625 0.41084535781250003 0.3021448046875 0.41795300312499994
1 0.6296875 0 0.23929801875 0 0.238722109375 0.00179790625 0.2311090234375 0.011163865625 0.2135461640625 0.024098767187500002 0.1551568640625 0.0212052953125 0.1534148125 0.033626028125 0.1780407734375 0.045189815625000004 0.188587978125 0.0448470359375 0.20082139531249998 0.039967465625 0.2019604234375 0.054303732812500005 0.18581298125 0.0571467890625 0.184994996875 0.0704648015625 0.191407625 0.08462968125 0.19227585625000002 0.0934108984375 0.1910781953125 0.101950153125 0.1914550765625 0.12172049375 0.180363478125 0.1259447515625 0.18411278749999999 0.13664150625 0.17861863125 0.1533570703125 0.190031271875 0.17678709374999999 0.1856789375 0.19284734375 0.18725347812499998 0.2040784296875 0.1863824515625 0.21028879687500002 0.1949168078125 0.2168117 0.1988280359375 0.2338398015625 0.1759385328125 0.23983845 0.164084790625 0.249496778125 0.105198546875 0.287575596875 0.1731077 0.2600221421875 0.19050584375 0.255747475 0.21176496875 0.24640168281250002 0.22144114843749999 0.2522692703125 0.2002350640625 0.268722709375 0.22154723125000003 0.266484559375 0.2212736375 0.275921090625 0.2274126734375 0.299522503125 0.21811337343749998 0.31342525625 0.2273540390625 0.3223980265625 0.25312182499999997 0.3333065 0.27220618124999996 0.324495040625 0.2835127375 0.33370977343749997 0.2845428859375 0.3488223390625 0.29987234375 0.3592972953125 0.2926389328125 0.37344201093749996 0.2767064515625 0.389724059375 0.264579115625 0.4088189203125 0.2498973359375 0.42366935781250004 0.251524915625 0.4420080875 0.254403196875 0.4589152078125 0.27517376875 0.44556695468749996 0.2891520359375 0.4132750625 0.3114999421875 0.3961663109375 0.33960441406249997 0.4128717984375 0.3705899640625 0.43149282031249997 0.40032760781250004 0.4365538703125 0.4127759875 0.445113290625 0.42767272656250005 0.4437018453125 0.44414680312500004 0.4385299015625 0.4463746125 0.44510321406250003 0.440718540625 0.4554874296875 0.42342647656250004 0.47397738437500003 0.3999367484375 0.49174145156250004 0.38851851718749997 0.498294596875 0.374543046875 0.5155949046875 0.3423542453125 0.5354963046875 0.3468657 0.5407589859375 0.37796571874999996 0.52862054375 0.3688283390625 0.5488546453125001 0.3730131609375 0.5564462140625 0.3956904984375 0.522016990625 0.41118746718750004 0.5088401265625 0.43853817968750003 0.4860049328125 0.4608330453125 0.4617885359375 0.460939128125 0.476003825 0.45044496250000005 0.48345424687499994 0.442776040625 0.5007041453125 0.4629994234375 0.5062289546875001 0.48382024062499995 0.5149799296875 0.5004618296875 0.486156165625 0.5203055375 0.48690221874999995 0.518351321875 0.47089237656250005 0.5272123125 0.475086390625 0.5505903703125 0.4730902046875 0.5786976375 0.47480410781250004 0.5728768468750001 0.4938485609375 0.5929913531250001 0.500149665625 0.6108780515625 0.4998774609375 0.624579928125 0.4920136859375 0.6296875 0.48873129375 0.6296875 0
0 0.78461295 0.26044505 0.77683794375 0.2634796578125 0.7748250953125 0.270345340625 0.777161784375 0.27614235625 0.7827061828125 0.28152601875 0.7886860953125 0.283804496875 0.79580783125 0.28542766406250003 0.8009753515625 0.271040984375 0.7958664640625 0.26255213906249997 0.78461295 0.26044505
0 0.8449452828125 0.339314703125 0.8516343031249999 0.329051465625 0.8506571953125001 0.3210465453125 0.8364137234375001 0.3178002140625 0.8300513390625 0.3257345625 0.831028446875 0.333739484375 0.832876578125 0.3355340390625 0.8449452828125 0.339314703125
0 0.8702607796875 0.4432778640625 0.876296528125 0.437672403125 0.8834741015625 0.43141162812499995 0.877441146875 0.4220255046875 0.871243478125 0.421299615625 0.8578682359375 0.4268345046875 0.8494399625 0.43452689062500005 0.8409028109375001 0.4429955703125 0.8205119156249999 0.46112258125 0.8513941765624999 0.45053673281249995 0.8633009625 0.447986046875 0.8687923203124999 0.44626206562500004 0.8702607796875 0.4432778640625
0 0.9321788375000001 0.47341226562500005 0.9341358484375 0.474430525 0.9487059531250001 0.47534796718749994 0.9565898374999999 0.47153706093750003 0.9600711437499999 0.46168717656249997 0.9539293109375 0.45307734999999993 0.9434909843749999 0.4526438328125 0.932996821875 0.46009425468750004 0.93109285 0.466183640625 0.9321788375000001 0.47341226562500005
0 0.9859506015624999 0.4568277703125 0.99334593125 0.44901440312499996 0.9949791031250002 0.43736996406250006 0.99171835 0.430675671875 0.980464834375 0.4285685828125 0.974049409375 0.4293952859375 0.9652945015625001 0.439416559375 0.96909685 0.45722095625000003 0.9776312062500001 0.46374385937499996 0.9859506015624999 0.4568277703125
0 0.8896413203125 0.559375 0.8865505671874999 0.5517072468750001 0.8742641078125001 0.5494791765625 0.8649117671875001 0.5562742828125 0.8644768812500001 0.559375 0.8896413203125 0.559375
0 0.770869215625 0.2012348421875 0.770489540625 0.1964560859375 0.756572703125 0.1908808671875 0.740478303125 0.2008315671875 0.745587190625 0.209320415625 0.755481125 0.2136354109375 0.767061275 0.21341361406249998 0.770869215625 0.2012348421875
0 0.7148780296874999 0.166271275 0.7115056015625 0.1753448640625 0.7177563124999999 0.1831783953125 0.731782028125 0.187977315625 0.7315112296875 0.1824222640625 0.7396687046875 0.1691748265625 0.7318406609375 0.1651017921875 0.7217289671875 0.16233938750000002 0.7148780296874999 0.166271275
0 0.6726529453125 0.070585240625 0.666617196875 0.07619070156249999 0.671943840625 0.0831269546875 0.681784734375 0.0803343078125 0.6926585734375 0.07766264218749999 0.6966842718749999 0.063931278125 0.6867344984375 0.067500221875 0.6726529453125 0.070585240625
0 0.6296875 0.059167278125 0.6355758093749999 0.06545361718750001 0.6463938109375 0.0706658921875 0.661670228125 0.074033203125 0.66585784375 0.0666331875 0.666022559375 0.0579729515625 0.6572704484375 0.053002640625 0.6468321203125 0.0525691234375 0.634110146875 0.053446235937499996 0.6296875 0.054749075 0.6296875 0.059167278125
0 0.9749260281250001 0.39320175 0.98422253125 0.39429058281249996 0.9880835140625 0.38921945468749997 0.9922711312500001 0.381819440625 0.9865089734375001 0.37798836874999997 0.9817797609374999 0.374278278125 0.9711236781249999 0.375397353125 0.9715563953125 0.3872837546875 0.9749260281250001 0.39320175
1 1 0 0.72976989375 0 0.7283873140625 0.0250358328125 0.7295263421875 0.039372103125 0.7275665328125 0.053345428125000004 0.723811634375 0.0726318453125 0.7237530015625 0.09550736875 0.7296212390625 0.1135537296875 0.7274436765625 0.129079646875 0.743096971875 0.1522172984375 0.76049231875 0.1629342171875 0.7528792328125 0.172300175 0.762011021875 0.18204924375 0.7750568328125 0.193834828125 0.769618515625 0.2026664515625 0.7812517046874999 0.2095523 0.8007687796875 0.212627240625 0.80794355625 0.2213580484375 0.8075610859375001 0.23157087656250003 0.798044028125 0.24702622187499998 0.8178849421875001 0.2627638578125 0.8187531703125 0.2715450765625 0.8083120484374999 0.2861031421875 0.795749196875 0.3083031875 0.786776534375 0.31987705312500003 0.774649196875 0.3389719140625 0.758552 0.3639141984375 0.767195234375 0.3696608046875 0.7813326234375 0.3586918453125 0.7962321609374999 0.342288815625 0.8091746843750001 0.324867528125 0.8235298312499999 0.312345978125 0.8402216640625 0.3056214421875 0.8578347671875001 0.3147857703125 0.8776756796875 0.3305234078125 0.9070308515625 0.345797284375 0.93905214375 0.3495477046875 0.96134141875 0.3553144765625 0.9768886312499999 0.364236840625 0.98368373125 0.36818889375 0.9999930953125 0.3716771859375 1 0.3718188265625 1 0
0 0 0.7995990578125 0.0030822046875 0.7988417703125 0.0090090765625 0.7940126046875 0.010860004687499999 0.780815575 0 0.7748556765625001 0 0.7995990578125
0 0 0.6058597203125 0.00230056875 0.617269184375 0.0158377296875 0.6180656453125 0.0279092296875 0.606854725 0.029977915625 0.592105103125 0.0164937953125 0.5984162859375 0 0.6017536984375 0 0.6058597203125
0 0.1924768921875 0.608770278125 0.1818236046875 0.5948977703125 0.1707878453125 0.5912380875000001 0.1575214828125 0.5959966796875 0.15300723125 0.6057255828125 0.158442753125 0.611885540625 0.174969871875 0.613821240625 0.1924768921875 0.608770278125
0 0.1460110640625 0.8053243609375 0.154386296875 0.79052433125 0.15270287968750001 0.780069540625 0.1457989015625 0.776893784375 0.1320212671875 0.77991221875 0.1328563765625 0.7943150718750001 0.1460110640625 0.8053243609375
0 0.3794945828125 1 0.3854615953125 0.9919681015624999 0.3856263109375 0.9833078656249998 0.37529686406249996 0.9820980531250001 0.36572676406250004 0.9904457531249999 0.3601419640625 1 0.3794945828125 1
0 0.4767274296875 1 0.477122890625 0.9971803843749999 0.47538363281249996 0.9946095343749999 0.4610312859375 0.9921395000000001 0.452005578125 0.9966057203125 0.4521424890625 1 0.4767274296875 1
1 0.6296875 0.559375 0.2556836046875 0.559375 0.2573430484375 0.5729699390625 0.25581875468750004 0.5838380812499999 0.254294459375 0.594706225 0.2606512515625 0.6167550453125 0.26070429375000004 0.6238626890625 0.2587444859375 0.6378360140625 0.254286071875 0.639680978125 0.24955406249999998 0.650962471875 0.2542274375 0.662556503125 0.2516171578125 0.66619601875 0.2511258078125 0.67718514375 0.255472546875 0.6911080593750001 0.2533508203125 0.6987500375 0.23252720781249997 0.704990646875 0.22621786406250002 0.720032640625 0.2431246578125 0.726747096875 0.2530213890625 0.7160705093749999 0.26085223125 0.705151959375 0.267158778125 0.7051015515625 0.2715613578125 0.711140528125 0.269710428125 0.7243375578125 0.28172329218750003 0.7360021625 0.2887333546875 0.75339320625 0.30227051718750003 0.7541896687499999 0.3148836109375 0.7540888515625 0.33146376875 0.763132196875 0.321731753125 0.7651485484375 0.3151516125 0.7746354890625 0.306614459375 0.7831041703125 0.309601621875 0.7992349937500001 0.3197133109375 0.8019973984375 0.340863559375 0.7934279015625 0.354182965625 0.7957769546875 0.34624324375 0.8074718015624999 0.36336779375 0.8126336656250001 0.3743505109375 0.809185703125 0.394300303125 0.8241470453125 0.3877732015625 0.8407416296875001 0.4221842203125 0.8573967078125 0.4240853953125 0.8662989078125 0.45800786093749996 0.8789515265624999 0.45773426562499997 0.888388059375 0.4732814796875 0.8973104218750001 0.47404083124999996 0.9068679359375 0.4626226 0.9134210812500001 0.475179859375 0.9212042046875 0.5040492750000001 0.9174840375000001 0.5094847953125 0.9236439953125 0.5062742874999999 0.93904893125 0.5152971984375 0.9495742953124999 0.540037628125 0.93037861875 0.54563506875 0.9428699265624999 0.55378975 0.9446140734374999 0.5667294796875 0.9421843687500001 0.555152125 0.9274145812500001 0.5707021343750001 0.9213453609375 0.58722645625 0.938272646875 0.6181087203125 0.927686796875 0.6296875 0.9313139859374999 0.6296875 0.559375
0 0.685042490625 0.6839100218749999 0.6818906140625 0.6764394328125001 0.66808265625 0.6700879203125 0.6554695625 0.670188734375 0.653565590625 0.6762781203125 0.6573148984375 0.686974875 0.6660670109375 0.691945184375 0.6792244953125 0.6879628906249999 0.685042490625 0.6839100218749999
0 0.97285163125 0.72787663125 0.977150921875 0.7047087375000001 0.9689962421875 0.7029645906249999 0.955947634375 0.706170590625 0.9542055843749999 0.7185913234375001 0.9567600265625 0.7228357484375 0.968610975 0.7281690015625 0.97285163125 0.72787663125
1 0.6296875 0.559375 0.6296875 0.6309849062499999 0.6448190687500001 0.6413246421875 0.6713490015625 0.6467990421875001 0.6887443484375 0.6575159609375 0.702499265625 0.65675983125 0.7355535015625 0.66063123125 0.734300003125 0.6770544265625 0.7557740890625 0.681147625 0.77524091875 0.6621233375 0.796279490625 0.6693217203125 0.8079657234375001 0.6833152109375 0.7961119796875 0.6929735406249999 0.8112767218749999 0.7121087312500001 0.8457463734375 0.7058882875 0.8688536328125 0.6983370484375 0.885930734375 0.6664081015625001 0.89316414375 0.6522633859375 0.91311673125 0.6522331421875001 0.93149198125 0.6559633984375 0.9459029640625 0.6355579078125 0.96129105625 0.6231573390625 0.9697165328124999 0.6304565375 0.98499295 0.6338238484375001 0.9957524484375 0.559375 0.6296875 0.559375