0 0.0199709 0.3685136890625 0.001413359375 0.3727440421875 0.0014618484375000002 0.3769111625 0.00388885 0.389124021875 0.016173715625 0.387040128125 0.023703484375 0.38072930625 0.0199709 0.3685136890625
0 0.10991593125000002 0.3755760140625 0.099080421875 0.3806593625 0.08854770468749999 0.3801941890625 0.0972339484375 0.390311125 0.1267771578125 0.3998042328125 0.1305842484375 0.38915757812499996 0.118185240625 0.382584596875 0.10991593125000002 0.3755760140625
0 0.22059388124999998 0.3654778484375 0.2176951625 0.35947894062499997 0.2124188984375 0.35136656718750003 0.1977663890625 0.35921678125 0.1996326796875 0.365324590625 0.20232293124999998 0.369769321875 0.20831892187499998 0.375441528125 0.2198840640625 0.3757978015625 0.22059388124999998 0.3654778484375
0 0.3296875 0.4450449859375 0.328482103125 0.43605842343749995 0.3263031140625 0.42761934999999995 0.3175225453125 0.42460511093750003 0.306270103125 0.42658010312499994 0.3036939953125 0.430792246875 0.3066969453125 0.43756824375000003 0.3085632375 0.4436760515625 0.321786203125 0.44858595625 0.3296875 0.4462056546875 0.3296875 0.4450449859375
0 0.3296875 0.4075083765625 0.33301655625 0.40823813593749997 0.34024353125 0.4074758328125 0.34693943125 0.3949483 0.34321675625000003 0.3906124703125 0.332882596875 0.3838216890625 0.3296875 0.38482708125 0.3296875 0.4075083765625
0 0.3296875 0.5 0.355915590625 0.5 0.3575910484375 0.48997090937500004 0.3469441890625 0.4808488609375 0.3438469140625 0.4811755625 0.3296875 0.4832409984375 0.3296875 0.5
0 0.5185916625 0 0.517752075 0.0057437921875 0.5357301421875 0.014880625 0.5439895421875001 0.014009421875 0.5460444843750001 0.0059118359375 0.5429927796875 0 0.5185916625 0
0 0.9516583390625 0.024598090625 0.9445256890625 0.0182576953125 0.9389466296875 0.0156938421875 0.9279026531250001 0.0192230125 0.9227504359375001 0.027647301562499997 0.9198715359375 0.037407965625 0.9298929953125 0.04186748125 0.9416666046875001 0.043777932812499996 0.9551923640624999 0.043139315625 0.9570487484375001 0.0413673390625 0.9546612875000001 0.031374085937500004 0.9516583390625 0.024598090625
0 0.946317471875 0.047227775 0.940946878125 0.0462180984375 0.9336156687500001 0.046203312499999996 0.9289747125 0.0506332578125 0.9277437296875 0.05706776718749999 0.9367327624999999 0.061636182812499996 0.9482979031250001 0.06199245625000001 0.9539712890625001 0.057453610937499996 0.9510725718749999 0.051454703125 0.946317471875 0.047227775
1 1 0.5 1 0.0765426578125 0.9975713328125 0.07807333125 0.9725648484375 0.06337319062499999 0.9566714468749999 0.069778128125 0.923832403125 0.0669373328125 0.908346025 0.06857083750000001 0.8954456687499999 0.0738719859375 0.8904622828125 0.05233130625 0.8764153578125 0.0490844796875 0.8595838562499999 0.048495621875 0.843680546875 0.0470207734375 0.8279956125 0.054979887500000005 0.8269730953125001 0.0629685734375 0.8005370687500001 0.061028553124999996 0.7964172765625 0.0693439421875 0.7995244593749999 0.0768970265625 0.782285934375 0.0810795984375 0.7818590921874999 0.07009145781250001 0.764506425 0.06561715625 0.733439346875 0.075986865625 0.7062736875000001 0.0686072234375 0.6828307015625 0.0655634125 0.6728290609375 0.07686346875 0.668198009375 0.0891732 0.6645050593749999 0.108476728125 0.6316759234375 0.11351571875 0.6018596453124999 0.133210490625 0.572251834375 0.154459440625 0.551300540625 0.16218596875 0.5619573078125001 0.179187803125 0.5494738828125 0.18759730624999998 0.5299620390625 0.1904435015625 0.5250182890625 0.20042196875 0.5147982703125 0.2022880609375 0.4869029796875 0.1894687984375 0.47111380937499997 0.196650825 0.4693715671875 0.207079678125 0.48838206093750003 0.21610761093750003 0.488401878125 0.23186718437499998 0.476022684375 0.241053775 0.46229836718749995 0.24801800156249998 0.44960647343750004 0.2548733265625 0.4369145828125 0.2617286515625 0.42587060625 0.265257821875 0.39344849531250004 0.2655253796875 0.3891301453125 0.2801663765625 0.40112212812500003 0.29151079062499996 0.4133225796875 0.30440938125 0.4236567375 0.3112001640625 0.41623120625 0.318288075 0.4090141359375 0.32693016406250003 0.4093367453125 0.337141215625 0.4135805875 0.3453624890625 0.4194921625 0.36601717968749997 0.4210556625 0.377673509375 0.4074553953125 0.40117439531250004 0.414503628125 0.422497275 0.40812042656249997 0.43735607187500003 0.4096839265625 0.4490124 0.394927184375 0.4560855265625 0.3982527421875 0.47307257500000005 0.4095250015625 0.48685715468749996 0.415875721875 0.5 1 0.5
0 0 0.5586814906249999 0.0022553875 0.559518953125 0.0122669375 0.5560986828125001 0.0189628375 0.5435711515625 0.001808728125 0.5327712390625 0 0.5336303953125 0 0.5586814906249999
0 0.138441171875 0.552246796875 0.1381383796875 0.55779531875 0.1499119875 0.55970576875 0.1632292828125 0.5575129750000001 0.16373063125 0.54563884375 0.152885215625 0.5428424062499999 0.14152853906250001 0.5440403109374999 0.138441171875 0.552246796875
0 0 0.745587240625 0.0011480609375000002 0.7464114578125 0.03482096875 0.7554689640625 0.048962221875 0.751613090625 0.0414126375 0.7421643421875 0.027772735937499998 0.7341460828124999 0.0078439609375 0.733883925 0 0.7329887484375 0 0.745587240625
0 0.1117911328125 0.7906947078125001 0.11270941718750001 0.7819289328125001 0.090288946875 0.770896434375 0.07026584687500001 0.7777369734375 0.083280346875 0.7810927015625 0.092999015625 0.7911007375000001 0.0998288734375 0.8029896531249999 0.108286834375 0.795792840625 0.1117911328125 0.7906947078125001
0 0.17686878749999999 0.7294525671875001 0.16964181250000002 0.73021486875 0.162737446875 0.7411882249999999 0.1672939875 0.7517407625000001 0.1834057640625 0.7547697875 0.1897988734375 0.7477907765625 0.1923749828125 0.7435786328124999 0.18657754843750002 0.7315808171875 0.17686878749999999 0.7294525671875001
0 0.201150396875 0.824613646875 0.18927255468749998 0.8219261093749999 0.1790525375 0.8237922015624999 0.17409887968749999 0.8258908796875 0.1689466625 0.8343151671874999 0.174848328125 0.8470900734375 0.18693463906250002 0.8513317890625001 0.1993237390625 0.8500249828124999 0.2064365734375 0.8406058046875 0.2082830484375 0.8309540421874999 0.201150396875 0.824613646875
0 0.5126442171875001 0.601643290625 0.49663667499999997 0.5993913546874999 0.4910675234375 0.6047072874999999 0.49303805 0.611592184375 0.499858 0.6156013140625001 0.5121428671875 0.613517421875 0.5151260015625 0.6045338453125 0.5126442171875001 0.601643290625
0 0.587003790625 0.5315412609375 0.5846361484375 0.53730758125 0.5852615484375 0.5419701124999999 0.5871278390625 0.548077921875 0.6005592734375 0.554542003125 0.61604565 0.552908496875 0.617276634375 0.5464739875 0.6138567500000001 0.5365896375 0.599184425 0.5286802796875 0.587003790625 0.5315412609375
0 0.6199518265625 0.62105970625 0.629347884375 0.6208566906249999 0.6367734171875 0.6137687796875 0.63624234375 0.6020035484374999 0.630757609375 0.5923369984375 0.6161994249999999 0.593084515625 0.6018497078125 0.5953862109375 0.6007229578125 0.602597809375 0.6013483578125 0.607260340625 0.6022864562500001 0.6142541375 0.6112754921875 0.6188225546874999 0.6199518265625 0.62105970625
1 1 1 1 0.672778125 0.9818364328125 0.6806103546875 0.9557131078125 0.6810016 0.946307140625 0.6733248281249999 0.94908180625 0.662787075 0.9374124312500001 0.6616537124999999 0.9306967140625 0.658421671875 0.9274753890625 0.6422117125 0.9314909468749999 0.6331192359375 0.9152749374999999 0.629313121875 0.8976095703125001 0.622507553125 0.8882036031249999 0.6148307828125 0.8630183765624999 0.622215825 0.8684932015625 0.6240025890625 0.8474376750000001 0.6309520281250001 0.8535478093750001 0.645281109375 0.86285945 0.660060578125 0.82617368125 0.6363472906250001 0.8112084718750001 0.641866240625 0.8011025968750001 0.65238920625 0.8078282218750001 0.6635010328125001 0.7993702625 0.670697846875 0.7816949859375 0.6560124921874999 0.7595971265625 0.6551910453125 0.7525885265625 0.6653873125 0.755383009375 0.67060913125 0.7321584 0.676999284375 0.717704446875 0.6785238890625 0.7120409734375001 0.690942521875 0.6924050796875 0.6772520562500001 0.6708283859374999 0.6803160531250001 0.6418162515625 0.682588175 0.6181747078125 0.6858699749999999 0.59392758125 0.7002488125 0.5956995468749999 0.71345931875 0.5813696453125 0.731520584375 0.5723905203124999 0.7348319546875001 0.5583634109375 0.7473447015625 0.5343148421875 0.75539793125 0.5329895328124999 0.7689351375 0.514103090625 0.776443865625 0.4963533046875 0.7846207812499999 0.48572626249999995 0.7912583046874999 0.463846778125 0.7998708234375 0.4548676515625 0.8031821921875 0.44184324375 0.7919466796875 0.42615830781249997 0.7999057953125 0.4226639171875 0.8128837140625 0.43165295 0.8174521312499999 0.43662642500000004 0.831113025 0.42683324999999994 0.8439672578125 0.41156524687499996 0.8550347265625 0.3891546890625 0.851882015625 0.360455253125 0.8564854046875 0.3552087109375 0.872012390625 0.359775159375 0.8904447140624999 0.38434489687499995 0.8862769296874999 0.3659796203125 0.8976710999999999 0.3743531625 0.9054567703124998 0.3807759953125 0.9221171187500001 0.37107714375 0.9278686546875001 0.3613882015625 0.9414999749999999 0.3698758859375 0.957942521875 0.375871878125 0.963614728125 0.36968723593749997 0.972147915625 0.3525529421875 0.9771075781250002 0.34017375156249996 0.9862941687500001 0.35743209375 0.9978711687499999 0.3618554984375 1 1 1
0 0.7110274828125001 0.6374597703125 0.711662790625 0.6500020890625 0.7285041999999999 0.658470734375 0.7359297328125 0.651382821875 0.733021109375 0.637504128125 0.7233123499999999 0.6353758765624999 0.7110274828125001 0.6374597703125