0 0.2476285125 0.39093733125 0.2445415640625 0.390664928125 0.23601849062500002 0.39939276874999996 0.237878540625 0.406930196875 0.2396679375 0.41024808281249997 0.24317608124999998 0.41266430937500004 0.2520863828125 0.415557240625 0.25787305 0.40448127500000003 0.2590999484375 0.397216246875 0.25534588125 0.3916183390625 0.2476285125 0.39093733125
0 0.1785905 0.41875 0.17933114375 0.39649713124999997 0.1778216359375 0.38688398125 0.17234882499999998 0.38218773125 0.1654031921875 0.381574825 0.1585282109375 0.3851814609375 0.1547062125 0.3985374515625 0.160249675 0.40745324531250005 0.1692731140625 0.41875 0.1785905 0.41875
0 0.153403221875 0.355236046875 0.147509215625 0.3483959734375 0.146946715625 0.3378130625 0.14333395468750001 0.34065424218749996 0.1428448265625 0.35746431875 0.1406709203125 0.3656991046875 0.139689946875 0.3761458140625 0.1426016234375 0.377456078125 0.149722528125 0.37703112499999997 0.161649125 0.3759769140625 0.1618950484375 0.3791585984375 0.1639276515625 0.3624847234375 0.153403221875 0.355236046875
0 0.4789811234375 0.171194046875 0.4753656421875 0.1508617828125 0.4667012640625 0.1511505359375 0.46221214687499995 0.15918101875 0.46235345156249996 0.1676201078125 0.465932246875 0.174255878125 0.47056266874999997 0.1746644828125 0.4789811234375 0.171194046875
0 0.4796875 0.031774259375 0.4755273171875 0.0339567046875 0.47005722343749995 0.0524338984375 0.47833709375 0.06369781875 0.4796875 0.06509733906250001 0.4796875 0.031774259375
1 0 0 0 0.312209975 0.001472925 0.3133893421875 0.003717484375 0.3093740984375 0.0093995328125 0.3035555375 0.023887265625 0.305887315625 0.03213045 0.303454740625 0.0406195578125 0.30420385 0.046793453125 0.30474865625 0.058018965624999995 0.3078458890625 0.071455071875 0.31640483124999996 0.058830109374999995 0.3447839265625 0.07493196875 0.3514714484375 0.083978134375 0.3164565828125 0.0922213203125 0.31402400625000004 0.10214928281249999 0.320166721875 0.1182144546875 0.31315775 0.1271587234375 0.3065737328125 0.14024156875 0.294034953125 0.14901056562499998 0.2884887953125 0.1552551140625 0.29325314375 0.1632890609375 0.30133538125000003 0.1767930984375 0.29094042343750004 0.1795295046875 0.29328854843749996 0.17893575781249998 0.3153560296875 0.1899153484375 0.31527157968749997 0.2024723765625 0.3058463828125 0.20460959843749998 0.2839151015625 0.19822374375000001 0.27071166406249997 0.21516527343749997 0.2585133859375 0.221302484375 0.2453616984375 0.22922909218749998 0.2355278984375 0.2386652078125 0.23530724687500001 0.2412263421875 0.23869323125 0.24522633124999998 0.24747282343750002 0.251646153125 0.2511993125 0.2573988546875 0.24960029687500002 0.268446375 0.23056194843750002 0.260972209375 0.20988918124999997 0.26132275312500003 0.207813459375 0.27447352812500003 0.17632077968749998 0.2887832703125 0.15651697343749998 0.301620190625 0.140796509375 0.31442314374999997 0.1345529953125 0.32129540625 0.107772915625 0.331361953125 0.0991812765625 0.34125323125 0.091627496875 0.36068524062499996 0.0785956625 0.3722952640625 0.070140225 0.3839052859375 0.061684787500000005 0.395549275 0.043752400000000004 0.404001696875 0.030805015624999998 0.40715657656250004 0.01212351875 0.40823053593749997 0 0 0
0 0.4251606109375 0.08639185 0.4169513921875 0.07934747656249999 0.41358455625 0.0853703390625 0.40513213437499995 0.098317725 0.40730875937500005 0.11325637968749999 0.420428290625 0.11441409375 0.426285609375 0.1075576734375 0.431300540625 0.09641360624999999 0.4251606109375 0.08639185
0 0.8576182453125 0.38730506249999996 0.8389919375 0.3909280484375 0.8249960515625 0.3949596390625 0.8213493234375001 0.40727776875000005 0.8299797359374999 0.41646596562499993 0.848676696875 0.41706252499999996 0.8567785750000001 0.406190859375 0.8831222531249999 0.40324888124999997 0.859127753125 0.39691821250000003 0.8576182453125 0.38730506249999996
0 0.8306087828125 0.0973632625 0.8283981890625001 0.09190155625 0.812542253125 0.08839571874999999 0.8085082984374999 0.089093075 0.8022297828125 0.093805675 0.8004770718750001 0.10418428125000001 0.803179509375 0.11600935781249999 0.8129322015625 0.123189934375 0.82212239375 0.1197875984375 0.8278044421875 0.11396903750000001 0.8306087828125 0.0973632625
0 0.79209258125 0.09817776875 0.7875328125 0.1019887078125 0.7883412359374999 0.11575330156250001 0.7960246390625001 0.125911259375 0.802407771875 0.1159412578125 0.8058792296874999 0.1046609875 0.8042651031249999 0.1003052421875 0.799038215625 0.0987906765625 0.79209258125 0.09817776875
1 0.4796875 0 0.4796875 0.41875 0.7094452796875 0.41875 0.7093768 0.3931836078125 0.7175832984375 0.377054540625 0.7335098859375 0.384779921875 0.7435057828125 0.3719687390625 0.7547312953125 0.375065971875 0.7686904953125 0.3573378859375 0.7617421421875 0.3335515390625 0.7577761187500001 0.3152949953125 0.7717692859375 0.2880899609375 0.772117109375 0.2628407953125 0.7592435015625 0.264864765625 0.7656606015625 0.2454178125 0.7799024109375 0.2445679046875 0.7820056640624999 0.232113575 0.767797821875 0.22348653125 0.77572443125 0.21365272968750001 0.7831958765625 0.21115205312500002 0.7937882390625 0.1994468328125 0.7912950359375 0.177106946875 0.7978534421875001 0.16609908281250002 0.787083090625 0.155668721875 0.77936571875 0.1549877140625 0.7740681796875 0.1492536015625 0.7743820359375 0.1334813875 0.7832556515625 0.12267782499999999 0.7825858140624999 0.094178875 0.781039621875 0.07086922968750001 0.770444540625 0.059401009375 0.7682339468749999 0.0539393 0.7777379953125 0.0347647515625 0.775069521875 0.0134627265625 0.758512503125 0.014108332812499999 0.7474622609375 0.0099732390625 0.7491465156249999 0 0.4796875 0
0 0.19844475781249998 0.482546853125 0.204971871875 0.48584513906249993 0.21807010937500002 0.480195225 0.218114271875 0.46794875312500006 0.2094697875 0.45817559374999994 0.19916839375 0.4662769015625 0.19844475781249998 0.482546853125
0 0.0862373359375 0.6495947609374999 0.10300946250000001 0.6701308593749999 0.1027358796875 0.6537729609375 0.0991532359375 0.6330395671875 0.09820018593749999 0.620705096875 0.08503836718749999 0.6257943890625001 0.0862373359375 0.6495947609374999
0 0.0591318875 0.636313690625 0.065611925 0.6219128328125001 0.056681631249999996 0.608874475 0.0392771234375 0.6100608968750001 0.046530721875 0.6270347890625001 0.0591318875 0.636313690625
0 0.047204346875 0.5631201765625 0.03691518125 0.5581287859375 0.031114628125 0.568506115625 0.0332913015625 0.57958743125 0.040567065624999996 0.5895521609375 0.050695815624999994 0.5784009578125 0.047204346875 0.5631201765625
0 0.037056578125 0.6028499296875001 0.02984684375 0.5820057390625 0.017336909375 0.578179559375 0.0067770999999999994 0.5867757328125001 0.008727285937499999 0.5991981921875 0.018881128125 0.61098339375 0.031164640625 0.616150771875 0.037056578125 0.6028499296875001
0 0 0.634675053125 0.0071447656250000005 0.6385319125000001 0.009000784375 0.6155561374999999 0 0.6109413625 0 0.634675053125
0 0.14078655625 0.4284574640625 0.13326229843749998 0.4250712375 0.12864129375 0.44644184062500003 0.13190627500000002 0.46306376250000003 0.14776950625000002 0.45901897187499996 0.1521983703125 0.43781327187499997 0.14078655625 0.4284574640625
0 0.11894043750000001 0.4319743046875 0.1120985890625 0.45451011562500004 0.12399160468749999 0.4625393015625 0.13525958124999998 0.455192740625 0.1342153578125 0.43740565781249996 0.11894043750000001 0.4319743046875
0 0.7704408781250001 0.9410813843749999 0.76679415 0.9533995125000001 0.7700930546875 0.9663305484375 0.7843348640625 0.96548064375 0.791068540625 0.9534349171875001 0.791277778125 0.9429201062499999 0.7850332296875 0.9381557546875001 0.7757723859375 0.9373385437499999 0.7704408781250001 0.9410813843749999
0 0.82263095 0.8824871734374999 0.8184923734374999 0.8884419359375 0.816985584375 0.902002228125 0.8216866609375 0.9066303781249999 0.8307015812499999 0.904265903125 0.834664884375 0.8993490031250001 0.835541240625 0.8941596984375 0.8332599953125 0.884478446875 0.82263095 0.8824871734374999
0 1 0.7840465109375 0.9991698609374999 0.7832529 0.9899090171874999 0.7824356890624999 0.979421275 0.7888835078125 0.9775639437500001 0.8045195203125001 0.9885095671874999 0.813912021875 1 0.802958259375 1 0.7840465109375
0 0.9434390140625 0.5613495640625 0.9481061234375 0.5754546625 0.9625232015625 0.5735668953124999 0.9772228921874999 0.588557303125 0.9752555046874999 0.5631038359375 0.9965815328125001 0.54813248125 0.9649063468750001 0.5548172984375 0.949576225 0.5481978765625 0.9434390140625 0.5613495640625
0 0.979702496875 0.49502997187500003 0.991383171875 0.4907940796875 0.9990271703125 0.464082096875 0.9906426812500001 0.45807558437499996 0.9729633812500001 0.4607288109375 0.9649321546875 0.47582001875 0.9668628578125 0.48757699062499993 0.979702496875 0.49502997187500003
1 0.4796875 0.41875 0.4796875 1 0.65338575 1 0.6542672875 0.9982427734375001 0.655006640625 1 0.6653694781249999 1 0.663457478125 0.9948404375 0.6825756328125 0.99758081875 0.6998337390625 0.9927837703125 0.7141156843750001 1 0.7276986390625 1 0.7336488640625 0.987341115625 0.7376801000000001 0.963470315625 0.7290836546875 0.94480516875 0.7372561859375001 0.93815305 0.7523036984375 0.92789429375 0.7846093156249999 0.9128384875 0.7924340234375 0.9314355359375 0.815727440625 0.9419176468749999 0.8210616671875 0.9613482531249999 0.8370222203125 0.9595966859375 0.870698759375 0.9688883875000001 0.8533672828124998 0.9462924484374999 0.8360358078125 0.9236965078124999 0.8058307250000001 0.9031245390624999 0.815405425 0.8881695328125 0.8502667390624999 0.830152828125 0.8577354640625 0.8044787093749999 0.8652408796875001 0.792501084375 0.8585044828124999 0.781373365625 0.854433840625 0.7683742296875 0.8756919359375 0.772356771875 0.9117910250000001 0.799768815625 0.9116524406250001 0.81450316875 0.9259309328124999 0.8273497546874999 0.9503153828125 0.8684746406249999 0.9444526234375001 0.8289841750000001 0.9710082578125 0.8387008296874999 0.945187675 0.8153557812500001 0.9294703234374999 0.7971155890625 0.8982815468750001 0.7638168859375 0.8880370093749999 0.7502729421875 0.8976483953125001 0.7490144296875 0.91459264375 0.7599895968749999 0.9276048359375 0.7432312718749999 0.926304565625 0.7231033109375 0.9047298953125 0.7117195390625 0.9036388625 0.6810767671875 0.8919581875 0.6853126609375 0.894411984375 0.670782609375 0.9030369578125 0.63362391875 0.9194893593749999 0.6382357203125 0.9239417890624999 0.616508740625 0.9242896125 0.5912595765625 0.91436165 0.5851168609374999 0.9173412609374999 0.567473225 0.9245300984375 0.5480943734375 0.9100056796875 0.5320661015625 0.9027067843750001 0.510355475 0.9118263234375 0.5027335953125001 0.9199961359375 0.47290803124999997 0.9484091015625001 0.4669886734375 0.9137149015624999 0.45444718906250003 0.9137121828125 0.43127374375 0.9046209671875001 0.41875 0.4796875 0.41875