0 0.28199818906249996 0.13100477187499998 0.29030233125 0.1310533046875 0.2936865609375 0.1169879328125 0.28743791875 0.1059962921875 0.2719403296875 0.105123209375 0.2672068390625 0.11135561249999999 0.2652240171875 0.1215166328125 0.273984759375 0.127827903125 0.28199818906249996 0.13100477187499998
0 0.1803040609375 0.10771767343750001 0.1703599484375 0.1029645046875 0.1614743875 0.10917264062500001 0.161494921875 0.12012787968750001 0.162553475 0.131089184375 0.167016790625 0.138940353125 0.182659734375 0.1382492703125 0.189469259375 0.1320290015625 0.1899780015625 0.1265544171875 0.1895214015625 0.12029167968750001 0.186916090625 0.11479889375 0.1803040609375 0.10771767343750001
0 0.2414412125 0.2098010890625 0.22780162812500002 0.2112863890625 0.22484239218750002 0.254307059375 0.23012569374999997 0.26451054687500003 0.22896285624999999 0.2770238859375 0.227727340625 0.29031930781250004 0.238511975 0.308380034375 0.2509681875 0.30845283437500004 0.247760921875 0.2982614796875 0.24260244062499997 0.2755385859375 0.23708057343750003 0.2567261109375 0.2414412125 0.2098010890625
0 0.8846754640625001 0 0.8840994015625 0.006199021875 0.893462096875 0.0172088609375 0.9008009000000001 0.01646924375 0.90531635625 0.0125830921875 0.9106312640625 0.0000940203125 0.910565434375 0 0.8846754640625001 0
0 0.8491069718750002 0.04746745625 0.840200878125 0.0427203546875 0.8327167218749999 0.0450241375 0.822720465625 0.052008292187500006 0.8261457625 0.0598533953125 0.8328304671875 0.06615253125000001 0.841134609375 0.06620106406250001 0.847944134375 0.0599807953125 0.8491069718750002 0.04746745625
0 0.8064107453125 0.17163676249999998 0.8030581250000001 0.163009575 0.7908720859375 0.14885320156249998 0.7790905046875001 0.1526968859375 0.7763603734375 0.15972350468750002 0.781789028125 0.168362825 0.7884010578125 0.17544404687499998 0.8027879500000001 0.177093146875 0.8064107453125 0.17163676249999998
0 0.7446873468749999 0.310562521875 0.7494935125 0.3035480359375 0.7536250499999999 0.292617065625 0.7509992015625 0.2761690421875 0.743058446875 0.2722100890625 0.736612309375 0.2745199390625 0.735667503125 0.284687028125 0.7348680515625 0.2932899484375 0.73332129375 0.2987584671875 0.7307365171875 0.30422091875 0.7382412078125 0.31287237343749996 0.7446873468749999 0.310562521875
0 0.7013939921875 0.1952807515625 0.7054733859375 0.196087103125 0.7082035171875 0.1890604828125 0.7104975859375 0.186726365625 0.7135184265625 0.176571409375 0.7090551109375001 0.168720240625 0.696526221875 0.1694295234375 0.6915747 0.178008178125 0.693743946875 0.18819346406249998 0.7013939921875 0.1952807515625
0 0.6737830453125 0.17946921093749998 0.6785892109375 0.172454725 0.6850874921875001 0.1584075515625 0.68180755 0.14899828125 0.671863434375 0.1442451125 0.66015453125 0.1473067125 0.6553483640625 0.1543211984375 0.6538016062500001 0.15978971875 0.6596663250000001 0.16373653593749998 0.66509498125 0.1723758578125 0.6684476 0.1810030453125 0.6737830453125 0.17946921093749998
0 0.4861830828125 0.130639765625 0.4953072109375 0.1330406171875 0.5028640453125 0.1299547484375 0.5093101828125001 0.127644896875 0.511676928125 0.12452869687499998 0.512694409375 0.11357952499999999 0.5068296906249999 0.10963270624999999 0.4946641875 0.106431571875 0.48628736875000006 0.1071651203125 0.483484559375 0.114973825 0.4826124328125 0.12435882812500001 0.4861830828125 0.130639765625
0 0.4296875 0.7461535390625 0.4269023203125 0.7426182812500001 0.420892246875 0.7402356296875 0.40954672968750006 0.7393868125 0.409110665625 0.7440793140624999 0.408529246875 0.750335984375 0.41417593437500005 0.756629053125 0.4275974859375 0.7574900046874999 0.4296875 0.7567410875 0.4296875 0.7461535390625
1 0 0.4296875 0 0.916409775 0.0047576703125 0.9154329453125001 0.023462525 0.9264973828125 0.051250434375 0.9180521984375 0.0615990046875 0.9408054234375001 0.0721972140625 0.9385198421875 0.0881514015625 0.9456556625000001 0.1043030859375 0.9394899921875 0.106140553125 0.9308931390625 0.12799106875 0.9192832187499999 0.1551454203125 0.9288320234375 0.15734627343750002 0.91632475 0.15495899375 0.9084857140625001 0.1657547015625 0.8928986406250001 0.2197632296875 0.8705215484375 0.2601527078125 0.8605849953125 0.2599141390625 0.8519760078124999 0.25250266250000003 0.8534977078124999 0.2592916515625 0.8363222 0.2692673734375 0.818382809375 0.28358158906250003 0.8208139953125 0.2857508375 0.8309992828125001 0.303760525 0.8271919984375 0.3003352265625 0.8193468953125 0.2990586421875 0.810731840625 0.3144108765625 0.8131690921875 0.3354097984375 0.8218994140625 0.34837475156250003 0.816497628125 0.35154094687500004 0.8047785062500001 0.34048613906249997 0.8008013546875 0.327884571875 0.802292721875 0.32392999843750003 0.7889669640625 0.33561836718750004 0.7749501249999999 0.3505866796875 0.7703425562499999 0.35621283125000003 0.7656803890624999 0.35765530624999997 0.7836865125 0.370215803125 0.7602846703124999 0.38378270937500003 0.7595814531249999 0.39086241093749996 0.7392776125 0.3775862125 0.7368524921875 0.3790397578125 0.7212108203125001 0.3846659109375 0.71654865 0.3855380390625 0.707163646875 0.400236175 0.7166396515625 0.41638786093749997 0.71047398125 0.418952103125 0.6940562921875 0.39454841875 0.6884361046875 0.40336130312499996 0.6830100531250001 0.410118684375 0.68852710625 0.42709035625 0.6847137546875001 0.42105974531249996 0.6713758656250001 0.41512235000000003 0.6682111296875 0.42242007968750006 0.6455610375 0.4296875 0.638166740625 0.4296875 0.4909125 0.4221847328125 0.4804503765625 0.41975638281250005 0.4507008640625 0.4133570265625 0.4296875 0 0.4296875
0 0.54763899375 0.753936003125 0.553119790625 0.7508380015625 0.5580713125 0.7422593484375 0.555466 0.7367665624999999 0.5435185296875 0.7312191765625 0.533211028125 0.730376425 0.530626253125 0.7358388765624999 0.525820084375 0.7428533640625 0.5293180609375 0.7499163828125 0.534746715625 0.7585557046875 0.54763899375 0.753936003125
0 0.495136153125 0.7489340999999999 0.5050075890625 0.7544693515625001 0.509616259375 0.7607563546874999 0.5161556109375 0.768619659375 0.5325663953124999 0.7820182156250001 0.538119871875 0.7781381312500001 0.529556628125 0.7585253703125 0.5261313296875001 0.7506802671875 0.522996740625 0.7397068296875 0.518076828125 0.7255929218749999 0.512118896875 0.7114729484375 0.49797056875 0.7184328359375 0.49671451875 0.72077301875 0.4960604234375 0.727811771875 0.49504294062500004 0.73876094375 0.495136153125 0.7489340999999999
0 0.5956958328125 0.918543646875 0.5951665562499999 0.9130629953125 0.59328801875 0.899749371875 0.583998 0.88795745 0.571033046875 0.893359234375 0.5674102515625 0.8988156203125002 0.569745390625 0.9183919796875 0.58111144375 0.930196034375 0.5781632796875 0.9395689062500001 0.5804257390625 0.9599273484375 0.5975632984375 0.9655050687500001 0.5983216796875 0.9349916703125001 0.5956958328125 0.918543646875
0 0.63974293125 0.7239564765625 0.6311480828125 0.7270362765625 0.6292379359375 0.7364152140625 0.6389640171875 0.7435146343750001 0.64987346875 0.7490559546875 0.6594336625 0.7467643031250001 0.6611257765625 0.7397316171874999 0.6555517656250001 0.7326564640625 0.646718346875 0.727127278125 0.63974293125 0.7239564765625
0 0.6834045015625 0.6005753203124999 0.6755364234375 0.595834284375 0.6647928609375 0.5996840375 0.65873064375 0.6090387078124999 0.6580038703125 0.6168595453125001 0.6626125390625 0.6231465468749999 0.6700966968750001 0.6208427624999999 0.6777988828125 0.6161927281249999 0.68260505 0.609178240625 0.6834045015625 0.6005753203124999
0 0.760405846875 0.54311973125 0.75343043125 0.5399489296875 0.74119225 0.537529878125 0.7346734359375 0.5406218125000001 0.73179795 0.5492125984375 0.740195303125 0.5594342875 0.7484267671875 0.5602649046875 0.75612895625 0.5556148703125 0.7584957 0.55249866875 0.761080478125 0.5470362171875001 0.760405846875 0.54311973125
0 0.9299550499999999 0.573845984375 0.9327578562500001 0.5660372812500001 0.9332665984374999 0.56056269375 0.92962326875 0.55506384375 0.9236131953125 0.552681190625 0.9121223234375 0.553396540625 0.909537546875 0.5588589921875 0.905769396875 0.5658795453125001 0.9053333328125 0.5705720484375 0.9132014093749999 0.5753130843750001 0.9235089109375 0.5761558359375 0.9299550499999999 0.573845984375
0 0.8279893921875001 0.4296875 0.826560953125 0.4347377 0.82805556875 0.441006503125 0.8355602609375001 0.4496579578125 0.8450477750000001 0.448148390625 0.8505285734375001 0.4450503890625 0.8554074171875001 0.43725381875 0.8517640890625 0.431754965625 0.8445637093750001 0.4296875 0.8279893921875001 0.4296875