0 0 0.07397353125 0.0159290171875 0.0682902015625 0.01497223125 0.063809875 0.005091090625 0.053008045312499995 0 0.0530958546875 0 0.07397353125
0 0.076624090625 0.3702395765625 0.09198514218750001 0.37123374375 0.10692874999999999 0.3525390046875 0.09344654531249999 0.342608715625 0.08504405937500001 0.3446423078125 0.070396228125 0.3528993046875 0.0706745234375 0.3660252390625 0.076624090625 0.3702395765625
0 0.181124221875 0.44578260781249995 0.17233901875 0.44602406875 0.167537596875 0.447186121875 0.1552904765625 0.4548620921875 0.15796948125000002 0.46740700312500005 0.17371324999999999 0.4701932984375 0.18552544531249998 0.466392103125 0.19354521875 0.46256637968750003 0.1904834984375 0.4482293421875 0.181124221875 0.44578260781249995
1 0.5390625 0 0.24478815625 0 0.2296444765625 0.0109119515625 0.2171537890625 0.023358759375 0.1965563921875 0.02740141875 0.1821521265625 0.030887578125 0.1582841671875 0.043260809375 0.1370082765625 0.055949078124999996 0.1366602890625 0.0720537234375 0.13712994218750002 0.0860757234375 0.1214731125 0.0955192984375 0.095013084375 0.10757749218749998 0.0950478125 0.12547426718750002 0.1139577203125 0.131263796875 0.11846336406249999 0.1405394859375 0.1201855828125 0.1486040703125 0.1363642734375 0.1475155953125 0.13582492968749998 0.162724171875 0.129144659375 0.17282234999999999 0.1076252015625 0.19028145937500002 0.11461849375 0.21120599218749997 0.1043371578125 0.2221757078125 0.1115740171875 0.23832940468750002 0.12232500625 0.24138168906250002 0.13076221875 0.2572448703125 0.12984015937499999 0.2706613203125 0.131405746875 0.2957266125 0.1422958828125 0.305341865625 0.14208704218749998 0.3280094796875 0.14116498125000002 0.341425928125 0.15675212031250002 0.361212934375 0.1701473859375 0.35891335468749996 0.17560981874999998 0.37266936875 0.196729078125 0.3769818078125 0.21419506250000003 0.3878326875 0.2144211484375 0.4066255265625 0.2302518515625 0.4216416953125 0.244308128125 0.43426018125 0.2597561203125 0.44748422187500003 0.27146389531250004 0.4550168296875 0.29867187031250003 0.47010657499999997 0.3110046703125 0.4796875 0.4741116109375 0.4796875 0.5390625 0.464098275 0.5390625 0
0 0.5676958437499999 0.43932808437500004 0.5569448546875 0.43627580000000005 0.5497427234375001 0.438018878125 0.5458458796875 0.4493281578125 0.548959809375 0.45799829531249997 0.5535176625 0.46160708125000005 0.56830464375 0.459913053125 0.5713838453125 0.450686415625 0.5676958437499999 0.43932808437500004
0 0.6894195812499999 0.2053721875 0.692150796875 0.2122501953125 0.6955082953125 0.21614949375 0.7060679249999999 0.2183057125 0.712365478125 0.20641540625000002 0.7060854078125 0.1947420359375 0.69811784375 0.19290085625 0.69489949375 0.195564525 0.691054859375 0.20120690156249998 0.6894195812499999 0.2053721875
0 0.712296025 0.17062185624999998 0.6775554140625 0.1498161578125 0.6836963359375 0.15492656093749999 0.6985180421875 0.17112930625 0.706137615625 0.1890751328125 0.7200025359375 0.200797553125 0.727587384375 0.2008466046875 0.729414021875 0.197577384375 0.7271177296875 0.186824603125 0.712296025 0.17062185624999998
0 0.7572307984375 0.23325209687499998 0.7551258640625 0.22339538124999997 0.745244725 0.2125935515625 0.729587896875 0.222037125 0.732266903125 0.23458203593750002 0.7348589703125 0.23489707499999998 0.7382164687499999 0.238796371875 0.7545168265625 0.2678345421875 0.752133596875 0.24485189062499998 0.7572307984375 0.23325209687499998
1 1 0.4796875 1 0.2348425984375 0.99994590625 0.23482172499999998 0.9673971640625 0.2361026125 0.9522274687500001 0.23600451093750002 0.942154975 0.2243066140625 0.9235233624999999 0.2316430203125 0.9160776625 0.23815693750000003 0.9086319640625 0.2446708546875 0.9079534703125001 0.2533164671875 0.8853555578125001 0.23616860625 0.8790580046875001 0.24805891249999998 0.8789535828125 0.25939271875 0.8615223265624999 0.266438609375 0.8358452125 0.2585173859375 0.8197534578125 0.271835734375 0.8020439046875 0.2657556921875 0.799938971875 0.255898975 0.7802114234374999 0.2521920890625 0.766137665625 0.2631372796875 0.75806568125 0.27262990625 0.7609360453124999 0.2860708796875 0.73299736875 0.28529365 0.7390338703125 0.30173785937500003 0.67905106875 0.26913616406249996 0.6616720218750001 0.27051515312499996 0.7214981921875 0.32011755625 0.68606160625 0.33152114843749997 0.6723705625 0.34425846875 0.65772273125 0.35251546562499997 0.6275572171875 0.37677900468750003 0.6204942328125 0.3850850515625 0.6231732390625 0.39762996093749997 0.621294390625 0.4065660875 0.6265132546875 0.4250929375 0.6208941953125 0.42833763437499994 0.6082296281249999 0.4163247 0.587388665625 0.425138196875 0.5958780875 0.435334475 0.576376625 0.4504204265625 0.5826044875 0.4677607015625 0.5976697609375 0.47919260937499997 0.5966074640625 0.4796875 1 0.4796875
0 0.6321847625 0.351157209375 0.6211379984375001 0.3585426671875 0.612874659375 0.36713922656250003 0.6235734374999999 0.3758584140625 0.6357683484375001 0.37384934687500004 0.6408133359375 0.36791645625 0.638899759375 0.35895580625 0.6321847625 0.351157209375
1 0.5390625 1 0.5390625 0.4796875 0.3697399546875 0.4796875 0.370086234375 0.48010340156250003 0.352327034375 0.49241174218749995 0.33947717499999996 0.4875114890625 0.33801328750000004 0.48065659062500005 0.31981050624999996 0.4858630984375 0.30543752031250004 0.498953940625 0.294258575 0.496853371875 0.2802257578125 0.49143839843750003 0.27238865 0.49493719843750006 0.2639896828125 0.485755640625 0.2405671140625 0.48661830781250004 0.2387186828125 0.5030860921875 0.238186340625 0.5056179937499999 0.240256465625 0.5203363796875 0.23768352187500003 0.5233621546875 0.2111261484375 0.5145702375 0.1992078328125 0.5190567828125 0.2073553890625 0.53711041875 0.20518165000000002 0.55205489375 0.1928936453125 0.559834996875 0.16627703437500002 0.5758890734375 0.13247393125 0.598488571875 0.12259622187500001 0.60248124375 0.13368640781250002 0.6142155484374999 0.119668246875 0.644041959375 0.1038462359375 0.6302487796875 0.0955506859375 0.646674871875 0.10431933906249999 0.6525628703125 0.0924010234375 0.657049415625 0.0663316125 0.6505424640624999 0.0473007 0.6719698203125001 0.0682686 0.679711453125 0.0742572765625 0.6926804375 0.0709893375 0.697476459375 0.0465020890625 0.7034029281249999 0.033400815625000004 0.707374753125 0.01363053125 0.7353892249999999 0.0235377609375 0.7466088109375 0.01011118125 0.7490573250000001 0 0.7364655593749999 0 0.77410291875 0.00393013125 0.7753849374999999 0.0036787203125 0.7842570171875 0 0.7881383921875 0 0.8122528703124999 0.001652775 0.8199922734375 0.0080111359375 0.8296677015625 0.012654203125 0.8413603125 0 0.8421137671875 0 0.8608725937500001 0.00227366875 0.8630971468749999 0.0089573390625 0.8742958859375 0.0113971484375 0.8857207125000001 0.00505344375 0.9112866687500001 0.01398475 0.9179363234375 0.0034415640625000002 0.9389115015625 0.002820465625 0.9510771375000001 0.0178735859375 0.9562451750000001 0.028268776562499997 0.9697497265624999 0.0379689765625 0.9850245234375 0.0443273765625 1 0.5390625 1
0 0.690918615625 0.825289675 0.6765604890625 0.818351390625 0.6656180968750001 0.8274078671874999 0.6721391140625 0.83784495 0.6769892140625 0.8454823499999999 0.6849445984375 0.8475620734374999 0.6975579078124999 0.84130528125 0.690918615625 0.825289675
0 0.6439845203125 0.8919192484374999 0.6350532140625 0.8852695953125 0.6185213468749999 0.8932757875 0.6174122875 0.903156459375 0.6220997328125 0.9100322015625 0.6322583765625 0.9123797078125001 0.6433634234375 0.9040848875 0.6439845203125 0.8919192484374999
0 0.67110375 0.9133915234375 0.6711925078125 0.9037577859375 0.66344415625 0.8976228515625 0.647607284375 0.903858796875 0.6436443515625 0.9104250656249999 0.6455962 0.9195649281249999 0.6526939359374999 0.9226532421875 0.6683681515625001 0.9156556421875 0.67110375 0.9133915234375
0 1 0.530883303125 0.995501771875 0.5280887437499999 0.9844854812499999 0.5267498296875 0.97709195625 0.5373504625 0.9814097171875 0.5475197640625 0.9878124578125 0.5523783250000001 0.9796056625 0.5591706828125 1 0.5523527203125 1 0.530883303125
0 0.8954675906249999 0.61237586875 0.9063212281249999 0.612953128125 0.9128571046874999 0.6033610859375 0.9142914718749999 0.595003725 0.9063360875 0.5929240015625 0.8940924625000001 0.5958872359375 0.8887395421875001 0.6059939984375 0.8954675906249999 0.61237586875
0 0.7875958984375 0.8107028156249999 0.8016730953125 0.8113009203124999 0.8088595875 0.8047554984375 0.8140498546874999 0.7938870828125 0.8063458828125001 0.7829352796875 0.792061653125 0.7863923859374999 0.7840618906250001 0.7891295312500001 0.7827457984375 0.803065415625 0.7875958984375 0.8107028156249999