0 0.073126609375 0.37449888593749997 0.0819769203125 0.3613353890625 0.0844443859375 0.35180245781249997 0.07206102812500001 0.3497004984375 0.0574013703125 0.35244992656249996 0.03635886875 0.35882991875000003 0.05151945625 0.36925994218749997 0.06605166875 0.3696315421875 0.073126609375 0.37449888593749997
0 0.14282813125 0.3470468 0.1270940453125 0.3506614078125 0.12403006718750001 0.34935566093750003 0.1214032953125 0.3627898796875 0.129265915625 0.3738143578125 0.14196788437500002 0.36811374531249996 0.148637478125 0.35746086718750003 0.14282813125 0.3470468
0 0.2122198875 0.3017337203125 0.21683620937499998 0.290470428125 0.20982499062499999 0.28404256875 0.19096320312499998 0.287911946875 0.19178274374999998 0.293288825 0.188304571875 0.302126421875 0.1901985390625 0.30663812031250004 0.2004967640625 0.308909925 0.2122198875 0.3017337203125
0 0.2063645109375 0.2415530328125 0.1923650875 0.25358062812500004 0.18493967656250002 0.25729611406249997 0.1752379640625 0.2658629875 0.1737174828125 0.27765176875 0.2013658578125 0.2621794109375 0.21830181718750002 0.25457859374999997 0.2260776984375 0.24228027812500003 0.22219418124999998 0.2355976515625 0.2063645109375 0.2415530328125
0 0.174453809375 0.157831840625 0.167442590625 0.1514039828125 0.15287851562500002 0.151812640625 0.13076158437500002 0.1590578125 0.12102801249999999 0.16840494374999998 0.1469966015625 0.16862265468749998 0.161496953125 0.1697745109375 0.174453809375 0.157831840625
0 0.3296875 0.3394285453125 0.322054046875 0.334780909375 0.305213671875 0.3400409546875 0.2955119609375 0.34860782968750004 0.2971829015625 0.3585813296875 0.30966184218750004 0.358342515625 0.3245445265625 0.3501312875 0.3296875 0.343960284375 0.3296875 0.3394285453125
0 0.39591046875 0.1175961265625 0.4003674828125 0.110234121875 0.40273936718750003 0.1030419609375 0.397717696875 0.0987850296875 0.38413246875 0.100669278125 0.3777496234375 0.10429984218749999 0.375974253125 0.1223306828125 0.3872831828125 0.125297821875 0.39591046875 0.1175961265625
0 0.47613227968749994 0 0.47549954375 0.0006851796875 0.47609605625 0.0115238578125 0.49258595937500005 0.0148466421875 0.500043234375 0.0103508984375 0.5042856046875 0 0.47613227968749994 0
0 0.538896109375 0.02585001875 0.5413954359375 0.015536831249999999 0.541682184375 0.008514515625 0.530277671875 0.0078881484375 0.5230115640624999 0.007702346875 0.5134054359375 0.01392845 0.5110335546875 0.0211206109375 0.518896171875 0.0321450890625 0.5314388359375 0.0303457625 0.538896109375 0.02585001875
0 0.617251521875 0.3717484609375 0.628910925 0.3661327703125 0.6283144125 0.355294090625 0.6307818765625 0.34576115937499996 0.6269939421874999 0.3367377609375 0.6090791390625 0.3428629859375 0.6074949359375 0.3562122828125 0.6081233078125 0.3662707046875 0.617251521875 0.3717484609375
0 0.666517696875 0.5139359359375 0.65843205 0.50837325625 0.6482612703124999 0.5029804234374999 0.62604875625 0.5125663671875 0.6226024453125 0.52062370625 0.6282206265625 0.53571931875 0.6405402625 0.5393817921874999 0.6585187859375 0.5316960515625 0.666517696875 0.5139359359375
0 0.76560930625 0.2756764546875 0.7544278203125 0.2695882859375 0.740651421875 0.2761540796875 0.7339092609375 0.31403103906249996 0.7420904890625 0.317252946875 0.7535357125 0.2914354890625 0.76560930625 0.2756764546875
0 0.732160428125 0.255071178125 0.7317780968750001 0.264434265625 0.7374918609375001 0.2771891046875 0.7545552640625 0.26646725625 0.743596803125 0.2549172875 0.732160428125 0.255071178125
0 0.7644569875 0.22755527187500002 0.7558297046875 0.235256965625 0.756426215625 0.2460956453125 0.770894709375 0.24802776093749998 0.7757659171875 0.2305224109375 0.7644569875 0.22755527187500002
0 0.105841278125 0.8013336437499999 0.112001096875 0.8031648812500001 0.119171621875 0.8056914531249999 0.12865030625 0.8025863796875001 0.133075459375 0.79600463125 0.1334577921875 0.7866415437500001 0.13169126874999998 0.779008815625 0.1233825953125 0.7789079390625 0.11074435 0.7830480375000001 0.10432964375 0.7874588578124999 0.10388358906249999 0.7983824593750001 0.105841278125 0.8013336437499999
0 0.22102456250000002 0.8051716234375 0.23160953750000002 0.8004211140624999 0.2361302734375 0.7914985953125 0.23246978437500002 0.7793541671875 0.2264055484375 0.7751821578125 0.21386288593749997 0.776981484375 0.203214190625 0.7832925109375 0.1976508859375 0.7922999531249999 0.2046302421875 0.79950806875 0.207566775 0.8039348453125001 0.22102456250000002 0.8051716234375
1 0.3296875 0.559375 0 0.559375 0 0.7774993218749999 0.019794990625 0.77101478125 0.03227393125 0.7707759703124999 0.052433175 0.7605796125 0.06595468125000001 0.760255878125 0.06238092656250001 0.771434246875 0.0673388734375 0.77725169375 0.079945259375 0.7738918515625001 0.09864774062500001 0.7739237625 0.11653068124999999 0.76857879375 0.1244021484375 0.75393970625 0.1376050453125 0.76141854375 0.1522647046875 0.7586691140624999 0.15495519687499998 0.74367438125 0.1675615828125 0.740314540625 0.17558350625000002 0.7474377328124999 0.19359389375 0.7389717375 0.198178353125 0.728488703125 0.2136894125 0.7303358937500001 0.22307251250000001 0.7295715921875 0.2446478078125 0.7355907937499999 0.24945529375 0.7196459578125001 0.2674019578125 0.712740475 0.2825395328125 0.6982871890625 0.290028665625 0.6930111875 0.29891083749999997 0.6790674343750001 0.3033041328125 0.6732659437499999 0.3105702390625 0.67345174375 0.316953084375 0.66982118125 0.3287399296875 0.6610844609375001 0.3296875 0.661108690625 0.3296875 0.559375
0 0.377052025 0.8216851265624999 0.365456346875 0.825740303125 0.3662758875 0.83111718125 0.37012754375 0.8385800640625 0.38159577968749997 0.8376459171875 0.3921807515625 0.8328954062499999 0.390573534375 0.8213613921875 0.377052025 0.8216851265624999
0 0.3994220484375 0.630113440625 0.39237896875 0.624465840625 0.37654930000000003 0.6304212203125 0.3729755453125 0.6415995890625 0.3809018859375 0.651063553125 0.38819985468749996 0.650469096875 0.39771039999999996 0.646583765625 0.40239044531249996 0.6337599609375 0.3994220484375 0.630113440625
0 0.6271339578124999 1 0.634941321875 0.9950942156250001 0.6466325859375 0.98869826875 0.6418020828125 0.9797597921874999 0.628280575 0.980083528125 0.6186425859375 0.9870898890625 0.6141537078124999 0.99523215 0.61914445 1 0.6271339578124999 1
0 0.742601428125 1 0.7428585015625 0.9987463968749999 0.7523690453125 0.9948610656250001 0.7478890140625001 0.9773397593750002 0.7432178171875 0.9644999999999999 0.7307707359375 0.9639585546875 0.722016009375 0.9747812781250002 0.7222939125 0.9934225296874999 0.7335072593749999 0.9987304421874998 0.7337158828125 1 0.742601428125 1
1 1 0.559375 0.4490700421875 0.559375 0.44904574375 0.5599700624999999 0.45577021250000005 0.5734202374999999 0.46157955937499995 0.583834303125 0.4712405640625 0.601711253125 0.4665286578125 0.6153153171875 0.4706900796875 0.64063919375 0.4785208390625 0.6524439296875 0.47680919062499993 0.6689142546875 0.47307613125000003 0.6839939109375 0.47882175625 0.6959684921875 0.4877269421875 0.7069080484375 0.481216653125 0.7136596421875 0.4682916578125 0.7248220562500001 0.460197165625 0.7449229453124999 0.46616581718750005 0.751435725 0.5015493671875 0.7501088765625 0.5129538828125 0.75073524375 0.5155399453125 0.7637448499999999 0.5355080203125 0.7582300375 0.5571470359375 0.7626887234374999 0.5657017515625 0.7822111093749999 0.5562867875 0.7837556687499999 0.5483516015625 0.7999552718749999 0.5687887453125 0.8084001671875001 0.5870221578124999 0.7944723687499999 0.603671365625 0.7938938671875 0.6054697499999999 0.8007463375 0.6220233765625001 0.8025086078125 0.6401523609374999 0.8165851484375001 0.6448554171875001 0.828644653125 0.687782978125 0.8461448546874999 0.7122948078125 0.8565908312499999 0.7395927109375 0.8497013046875 0.756050753125 0.8538043468750001 0.7490944109375001 0.871479540625 0.7623291703125 0.8781781203125 0.759766121875 0.8900518250000001 0.7780862703125 0.8994468234375 0.8014687953124999 0.8866549265625 0.81947918125 0.8781889296875001 0.8472461546875 0.8852591109375 0.8724270640625 0.8793196859375 0.8698091390624999 0.8670903359375 0.8894904656249999 0.8685978390625 0.8910021015625 0.8824726249999999 0.9035129046874999 0.8814535546875 0.911448090625 0.8652539515625 0.921618871875 0.8706467874999999 0.9244598234375001 0.8774143343749999 0.9366201546875 0.8849780953125 0.958768946875 0.8769526640624999 0.9700460156249999 0.8807000609375001 0.97993889375 0.86745164375 0.9802575046875 0.8596490703124999 0.9857252265625001 0.8529823999999999 1 0.8497030406249999 1 0.559375