0 0.2656894890625 0.041289325 0.269946759375 0.0292391375 0.2690872015625 0.0135843390625 0.268356215625 0.010612001562499999 0.25503048437500003 0.0096022375 0.25100964375 0.029346942187500002 0.2536625171875 0.0395409203125 0.25899794531250003 0.045220712499999996 0.2656894890625 0.041289325
0 0.1433094015625 0.1311856828125 0.149454446875 0.1220663484375 0.14992132656249998 0.1115085390625 0.1477353328125 0.09075675 0.1407158875 0.09157536875 0.14177920625 0.11665942968750001 0.12697522187500002 0.111033540625 0.12337374999999999 0.129309265625 0.1308303921875 0.1326410046875 0.1433094015625 0.1311856828125
0 0 0.2177433109375 0.0022107999999999997 0.223265021875 0.016920325 0.22049923749999997 0.01928981875 0.2055181984375 0.011286678125000001 0.1969985109375 0.008385525000000001 0.1994375203125 0.0001341046875 0.203550821875 0 0.20492855468750001 0 0.2177433109375
0 0.186961678125 0.1933163953125 0.1871505953125 0.2100997421875 0.1958095359375 0.2248449640625 0.20385719687499998 0.21130239999999997 0.2075531265625 0.20141835000000002 0.2049002546875 0.1912243703125 0.1974436125 0.1878926328125 0.186961678125 0.1933163953125
0 0.29910410781249996 0.20859724375000002 0.300241625 0.1969108890625 0.296138175 0.18793641562500002 0.290350709375 0.18546035 0.280882153125 0.18551425 0.27206939375 0.191793690625 0.2701519375 0.20357100468749997 0.27781233906249997 0.2163320046875 0.2790443171875 0.213037321875 0.2899486109375 0.21911799843750002 0.29910410781249996 0.20859724375000002
0 0.099977025 0.29694059687499996 0.10386187499999999 0.303839890625 0.1146568703125 0.308882978125 0.123469628125 0.302603540625 0.12181529375 0.2943937828125 0.11426419218749999 0.28267037031250003 0.104904934375 0.2837618625 0.1013331421875 0.28732941875 0.099977025 0.29694059687499996
1 0.4296875 0.46875 0.4296875 0.303895875 0.41055164062499994 0.29223098125 0.379354115625 0.29586928437500004 0.36122661875 0.281177965625 0.35066506406250003 0.2708559734375 0.336626178125 0.272493209375 0.3253939859375 0.2632997640625 0.3074405671875 0.2727458734375 0.3060196703125 0.2592572109375 0.2957711765625 0.2594020703125 0.27413666875 0.27137814374999997 0.2596605828125 0.268865025 0.241925765625 0.2803863109375 0.232799946875 0.2761988984375 0.21776252343750002 0.2758519140625 0.20514453281249997 0.2909778140625 0.1889844328125 0.2949631015625 0.1797789953125 0.2750299328125 0.16450813125 0.279961853125 0.165228709375 0.3092872265625 0.15859652500000002 0.28380228125 0.1415471859375 0.2868409375 0.1350445609375 0.30755567031250003 0.14459273749999998 0.323247525 0.1453578359375 0.3305106484375 0.136326478125 0.33471490937500004 0.1293866546875 0.351279284375 0.104274815625 0.375214590625 0.1018553796875 0.3597417046875 0.1205887359375 0.350204640625 0.12185039375 0.332201790625 0.09723511093750001 0.3308711171875 0.0900766890625 0.3453603140625 0.07245117031250001 0.35791918906250003 0.08385744375000001 0.3912500625 0.0779458375 0.3950904921875 0.06504446875 0.3850413734375 0.0620636953125 0.371734625 0.053280617187500004 0.363305896875 0.038556253125 0.373425765625 0.0459832140625 0.391465671875 0.044954996875 0.4041896171875 0.049167746875 0.4142016796875 0.042148303124999995 0.4150203 0.0336931234375 0.40970433906250003 0.0285317765625 0.428161978125 0.043772959374999997 0.4379382234375 0.044319457812500004 0.44312616875 0.030717771875 0.44891376406249994 0.021999471875000003 0.463584875 0.011340590624999999 0.46875 0.4296875 0.46875
0 0.5600576609375001 0.1352524890625 0.54924519375 0.1031498390625 0.5425475390625 0.1101093765625 0.5282346546875 0.1241354640625 0.5313556828125 0.13612838124999999 0.544990709375 0.13330255 0.5600576609375001 0.1352524890625
0 0.66102575 0.106177778125 0.6656310796875 0.0969908703125 0.660417728125 0.082770584375 0.655315503125 0.07842285624999999 0.646671571875 0.07572385625 0.6405057265625 0.07891430625 0.6373497828125 0.084225115625 0.637992721875 0.09032858437499999 0.638378484375 0.0939906625 0.65093243125 0.1073548765625 0.66102575 0.106177778125
0 0.81592591875 0.042392565625 0.819596215625 0.041964528125 0.8236697359375 0.0365467125 0.8240904171875 0.022905065625000002 0.8240682781249999 0.020938209375 0.803340996875 0.019367589062500003 0.8026004453125001 0.0217041921875 0.8041435 0.0363525125 0.8066215890624999 0.0422419625 0.81592591875 0.042392565625
0 0.7274308609375 0.1898745375 0.7314694625 0.20176044375000002 0.7393244078125 0.20578714531250003 0.7561153796875001 0.19765050625 0.757067871875 0.180239771875 0.7492303859375 0.1675612078125 0.7277404125 0.166360334375 0.7268053812499999 0.1751192046875 0.7274308609375 0.1898745375
0 1 0.193911259375 0.9989630093749999 0.1928073390625 0.9933289765625 0.1922287 0.9905762515625 0.1925497265625 0.9806115234374999 0.1949475171875 0.9800447953125001 0.216020334375 0.9885426828125 0.226150503125 0.999553571875 0.2248663953125 1 0.2244025109375 1 0.193911259375
0 0.6951522546875 0.2097028828125 0.6837556 0.2073249109375 0.67654359375 0.2094016734375 0.6708921015625 0.21747489843749998 0.6725812031249999 0.22469204843749999 0.676894440625 0.23036747968750002 0.6839603999999999 0.2357218828125 0.6918153453125 0.2397485859375 0.6936504937500001 0.23953456874999998 0.696695309375 0.22435120312499998 0.6951522546875 0.2097028828125
0 0.5557413890625 0.45579944843750003 0.5709369296875 0.458970078125 0.5775059953125 0.45078984687499996 0.56915415625 0.433228509375 0.5560334828125 0.44093710937499997 0.5510423890625 0.4464619390625 0.5557413890625 0.45579944843750003
0 0.30580448437499996 0.5295983609375 0.3172701171875 0.533512903125 0.32486573750000003 0.5231740640625 0.3203250890625 0.51004923125 0.3205436890625 0.5121244093749999 0.3076274796875 0.5094293750000001 0.30182517343750004 0.5143073921875 0.30580448437499996 0.5295983609375
0 0.3870975484375 0.5967923734375 0.389452203125 0.589165415625 0.38746996875 0.577842890625 0.3844743546875 0.5718902265625 0.3784682890625 0.5673389828125 0.371776746875 0.5712703703125 0.368532853125 0.57795069375 0.3660688984375 0.5845400609375 0.365055521875 0.5899099234375 0.376287715625 0.59910336875 0.3870975484375 0.5967923734375
0 0.3388912046875 0.6937935125 0.32609913437500004 0.6847819828125 0.3124826078125 0.6979236625 0.314122103125 0.713487503125 0.33171794062500004 0.7156367921875 0.3428705140625 0.70908448125 0.3388912046875 0.6937935125
0 0.21622373593750002 0.8709012812499999 0.22811172812499997 0.8863202640625001 0.24104277812500002 0.8816612156249999 0.2418375546875 0.8742161750000002 0.22938822499999997 0.8609633296875 0.2221501828125 0.8597067703124999 0.21622373593750002 0.8709012812499999
0 0.1556071625 0.8800711546875 0.15035135625 0.8901371203124999 0.15100715468749998 0.89636265625 0.155999840625 0.9062837609375001 0.167028275 0.90604794375 0.174623896875 0.89570910625 0.169303309375 0.88267523125 0.16418648281249998 0.8790706203124999 0.1556071625 0.8800711546875
1 0.4296875 1 0.4296875 0.6131419421875 0.4247086578125 0.6165638359375001 0.4121351890625 0.6096274859374999 0.421996425 0.635786190625 0.4076148 0.64166474375 0.389333484375 0.647998084375 0.3727510234375 0.64047893125 0.3657019 0.6560057171875 0.3672320953125 0.6705319671875 0.3690901921875 0.6881709875 0.379651746875 0.6984929796875 0.36402330312500003 0.7150202999999999 0.353526528125 0.727798146875 0.3383798046875 0.7264135734374999 0.32201594375 0.7209696 0.3020951328125 0.7117390984374999 0.2820501796875 0.708825090625 0.25877617656249996 0.705237325 0.2412896375 0.7041256234375 0.2471567234375 0.7223474453125001 0.275532715625 0.7368939078125 0.29579626718749996 0.7418830937500001 0.2911017984375 0.7497829218750001 0.29295989375000003 0.767421940625 0.3100888515625 0.7801290406250001 0.3010129734375 0.8063955515625001 0.2951661484375 0.8333358203125 0.2931097125 0.8587837109375 0.2899751203125 0.8665016234374999 0.29206665625 0.8788617390625 0.3029709484375 0.8849424171875 0.295484628125 0.8963188437500001 0.278122228125 0.8888906484374999 0.2521805109375 0.8824629875 0.2620417484375 0.90862169375 0.27795356875 0.91726939375 0.2632292046875 0.9273892609375001 0.2587978546875 0.9153020203125 0.24636336406249998 0.8946950906249999 0.227302109375 0.9011193875 0.24117233593749998 0.9278608937499999 0.24069061875000003 0.9457727874999999 0.2576954375 0.9647963812499999 0.269240690625 0.9844566765625 0.29476004843750003 0.9793798984375 0.2926091546875 0.9964361171875 0.29246846249999997 1 0.4296875 1
0 0.6911963046875 0.47645118125 0.6855181375 0.475012703125 0.6802771703125 0.4777245875 0.6794675531250001 0.49252371093749997 0.6856922171875001 0.49915013281250004 0.6939436359375 0.4950368328125 0.695299753125 0.4854256546875 0.6911963046875 0.47645118125
0 0.7621963546874999 0.5658523015625 0.76099405625 0.5544388171875 0.7532095156249999 0.5479943109375001 0.7498711625000001 0.5462829625000001 0.7427424203124999 0.5460639921875 0.7395929875 0.5611359874999999 0.7478147265625 0.5717308531249999 0.7587338625 0.570457446875 0.7621963546874999 0.5658523015625
0 0.885013640625 0.4801063 0.8795540734374999 0.4807430046875 0.8729718281250001 0.48571198125 0.8782775765625 0.5060999374999999 0.8863900156250001 0.5156572140625 0.8933150000000001 0.5064469234375 0.8912234640625 0.494086809375 0.885013640625 0.4801063
0 0.6937763968749999 0.6883181781250001 0.7060368078125 0.6847876796875 0.7109647171875 0.6716089453125 0.702976415625 0.655735175 0.6886096296875 0.65425964375 0.6835872609375 0.6590467062500001 0.6863345953125 0.67763235625 0.6937763968749999 0.6883181781250001
0 0.5479590671875 0.8555216890625001 0.53806815 0.8440711499999999 0.5247943609375 0.8529715109375001 0.5263245578125 0.8674977640625 0.5323306234375 0.8720490062499999 0.546697409375 0.8735245375 0.5479590671875 0.8555216890625001
1 1 1 1 0.5117391046875001 0.9924467625 0.5106410640625 0.987329934375 0.5070364515625 0.9756956421874999 0.5315006546875 0.9509710609375001 0.52913239375 0.9274636171874999 0.5308235328124999 0.899480303125 0.542489678125 0.8741795453125001 0.5496416375 0.848893625 0.5494395140625 0.841188703125 0.5587407609375 0.8220033093750001 0.5714815546875001 0.7552011703125 0.49944657968749995 0.8094797796875 0.5949991265625 0.7969211515625 0.5807086921875 0.7989978453125 0.6004228890625 0.778158115625 0.604953925 0.7774726359375 0.613436553125 0.765977325 0.6242301796875 0.7578945640625 0.5999647375 0.73914636875 0.6168558859375001 0.752097678125 0.6573589296875 0.7547357109374999 0.674906990625 0.7449392546875 0.671848125 0.7285308734375 0.6884664015624999 0.70018998125 0.7117279468750001 0.675733940625 0.7418887890625 0.6611688140625 0.7835001671875 0.6624062109375 0.8327216578125001 0.662937871875 0.8452636890624999 0.6662613828125 0.8543291203125 0.6279499546875 0.8503943703125 0.6191223546875 0.8640278921875 0.6351434765625 0.87371318125 0.6295449296875 0.8880204609375 0.6132755296875001 0.8909681593750001 0.606320865625 0.9148866187500001 0.6356009359374999 0.923025628125 0.6425907000000001 0.936915175 0.6355267359375001 0.9597960437499999 0.6602958375 0.9401020562500001 0.6582542421875 0.9581958640625 0.6610015734375001 0.976781515625 0.6619858093750001 1 1 1
0 0.661411675 0.71835100625 0.653488153125 0.7255770765625 0.6611485546875 0.7383380781250001 0.672847628125 0.7369737140625 0.6737665453125 0.723212178125 0.661411675 0.71835100625
0 0.5931144390625 0.6695977875000001 0.677556934375 0.7217198015624999 0.68569905625 0.7165689109375 0.6940746156250001 0.7061391140625 0.6816401265625001 0.6855321859375 0.6603928781249999 0.6712046953125 0.6434528375 0.675280940625 0.5931144390625 0.6695977875000001