0 0 0.1531104796875 0.0003878140625 0.15346062656249998 0.0107719640625 0.150368365625 0.012106954687500001 0.136516378125 0.0038271234374999998 0.12568400468750002 0.002481675 0.1268668953125 0 0.1268779203125 0 0.1531104796875
0 0.12187847656249999 0.0659676984375 0.1195844421875 0.0830777703125 0.1247869734375 0.094200734375 0.13536780937499998 0.0963691 0.13940066874999998 0.08859739375 0.139583415625 0.0769658953125 0.13361504531249999 0.0701386078125 0.12187847656249999 0.0659676984375
0 0.25944330312499997 0.11104859062500001 0.27387425312499997 0.1170767484375 0.27231817343750003 0.0961068859375 0.2696203078125 0.09002660625 0.262106315625 0.0748985515625 0.25710047187499996 0.069036215625 0.251332275 0.0716925890625 0.24923144375 0.0898402578125 0.24731684375000001 0.10057945625 0.24924887187500003 0.110955415625 0.25944330312499997 0.11104859062500001
1 0 0.3296875 0.35 0.3296875 0.35 0.14758293281249998 0.325057040625 0.139695378125 0.291392959375 0.1354834140625 0.276378915625 0.1221194359375 0.265028753125 0.1200237171875 0.2463647734375 0.11228360468750001 0.23250994687499998 0.10514520000000001 0.21732361249999999 0.116081815625 0.1940506515625 0.1172236546875 0.185401840625 0.125431246875 0.17367224375 0.1297064015625 0.1690493203125 0.12169622499999999 0.1536558421875 0.1147031171875 0.1430819765625 0.12098081406250001 0.13174227031250002 0.131554190625 0.120785484375 0.13997972812499998 0.10077954062500001 0.13764553906250002 0.07962832343750001 0.14597790156249998 0.0679022109375 0.1544760875 0.0584631625 0.13741813593750002 0.041330860937500005 0.12108666562499999 0 0.09003035625 0 0.0911815296875 0.033261659375 0.1324070484375 0.06194778125 0.16454093125 0.05830481562499999 0.1786108609375 0.0400237546875 0.168722909375 0.052926509375 0.187565459375 0.04081050625 0.18976542031250002 0.023895806250000002 0.20403276875 0.0146534453125 0.1922354453125 0 0.192715371875 0 0.2336143484375 0.00873735625 0.24875363906249998 0.0052806218750000005 0.255415103125 0 0.2655913671875 0 0.3296875
0 0.5662201203125 0.015378421875000001 0.561012784375 0.012143659375000001 0.5517346 0.011777639062500001 0.5429151125 0.018821293750000002 0.544278896875 0.026145498437499998 0.5515278078125 0.0353983015625 0.5635212562499999 0.0355079171875 0.570757865625 0.0298559015625 0.5662201203125 0.015378421875000001
0 0.38287024999999997 0.22274349999999998 0.379253996875 0.22805364374999998 0.37812571093749997 0.2318866828125 0.3831098484375 0.23886901875 0.39646298125 0.2413345703125 0.40482787499999995 0.2318495140625 0.39848405468750003 0.2225112453125 0.3935040171875 0.22049718281250003 0.3860360109375 0.21996022656249997 0.38287024999999997 0.22274349999999998
0 0.35 0.241225175 0.3634334 0.2519065625 0.3844859359375 0.26109804531249997 0.3953469984375 0.2600724296875 0.3976076703125 0.25737462187500004 0.3944337078125 0.25022135156249997 0.377906615625 0.240602528125 0.3582178609375 0.2387352515625 0.35 0.23514735625 0.35 0.241225175
0 0.448304934375 0.26749323281250004 0.47047755625 0.26291512968749997 0.436981075 0.25614090156249997 0.43200103749999996 0.2541268390625 0.4306413546875 0.251770903125 0.41797011250000005 0.2529674546875 0.41572174375 0.2705700796875 0.42975676875 0.27669773593749997 0.4397127421875 0.2757575875 0.448304934375 0.26749323281250004
1 0.612811721875 0 0.6012912796875 0.010824470312499999 0.6006462921875 0.0518768203125 0.5838919015625 0.0410372984375 0.5653355343750001 0.04030525625 0.5594709109375 0.063218025 0.546568271875 0.058225603125000004 0.5470392703125 0.080540096875 0.5633390671875 0.08893822031250001 0.562665375 0.0952126609375 0.5434312171875 0.0957867890625 0.5359673109375 0.1002181046875 0.523296071875 0.10141465624999998 0.5185515328125 0.1105578421875 0.5086242609375 0.1462759 0.5070536828125001 0.16257235625 0.5009576609375 0.17929615000000002 0.5050613140625 0.2161735890625 0.43465069375 0.17437806875 0.44054812187500003 0.19121147968750002 0.49534903906250005 0.2382075296875 0.4776977609375 0.23739002187499997 0.489939009375 0.263561703125 0.47636268125000003 0.26484372343749996 0.47094035000000006 0.2752930796875 0.46665450625 0.2918459375 0.4782097625 0.3093872453125 0.48816573906249994 0.3084470953125 0.501076578125 0.32337606406249997 0.49921875781249997 0.3296875 1 0.3296875 1 0.021889346875 0.991189978125 0.0125132359375 0.9774123953124999 0 0.612811721875 0
0 0.50360731875 0.09954738125 0.4990900765625 0.109911265625 0.49683760625 0.12254561875 0.5067976812499999 0.12657374375 0.5158485671874999 0.1257190625 0.519237525 0.11918821718749999 0.5160594609375 0.10706667343750001 0.50360731875 0.09954738125
0 0.13946585 0.7525041078125 0.13312612968749998 0.748134109375 0.1286006875 0.7485614515625 0.12498033125 0.7489033218750001 0.11842151406250001 0.7532491671875 0.12092178437500001 0.766676884375 0.12590182187500001 0.7686909453124999 0.1367628859375 0.767665328125 0.142867109375 0.7608780796875 0.13946585 0.7525041078125
0 0.132593625 0.6512955218750001 0.12806818125 0.6517228640624999 0.1187940984375 0.6563251156250001 0.1212902671875 0.6647845578125 0.1255925140625 0.6681047859375 0.1332878171875 0.6698624453124999 0.1414336140625 0.6690932328125 0.141198115625 0.6579359859375 0.132593625 0.6512955218750001
0 0.246827515625 0.8740353765624999 0.24341805625 0.855724859375 0.2359459484375 0.8502196296874999 0.22667186718750001 0.85482188125 0.22872984375 0.8807130093750001 0.24207887499999997 0.878210290625 0.246827515625 0.8740353765624999
0 0.256832128125 0.38367761875 0.25455095625 0.3615340625 0.24096642343750002 0.352879534375 0.23644098125 0.353306875 0.2321510359375 0.36489146250000004 0.2375897703125 0.3743151984375 0.2446113828125 0.3823472984375 0.256832128125 0.38367761875
0 0.1350446875 0.6051039625 0.1549525359375 0.59825539375 0.1558453234375 0.58326510625 0.14565794999999998 0.57801628125 0.1411325078125 0.5784436203125 0.13140793125 0.5855727406250001 0.1295977546875 0.585743678125 0.1350446875 0.6051039625
0 0.6381639984375 0.3729682328125 0.6271967546875 0.368724675 0.620272828125 0.3693785046875 0.6195174453125001 0.38634327968750004 0.626838234375 0.40043373750000005 0.63491789375 0.4017824515625 0.6443395140625 0.397725240625 0.6464473156249999 0.3880236390625 0.6381639984375 0.3729682328125
0 0.7742373046875 0.3296875 0.78046826875 0.3341901953125 0.7842413765625 0.3296875 0.7742373046875 0.3296875
0 0.9129430656250002 0.3296875 0.9124197609374999 0.33651170625 0.9160871265625001 0.352003 0.9274233468750002 0.3372065921875 0.9260232765625 0.3296875 0.9129430656250002 0.3296875
0 0.7267305187499999 0.47863559687499996 0.7184437140625001 0.4593571578125 0.707293725 0.46674509999999997 0.7273275531250001 0.50286354375 0.7281038484375 0.5112369609374999 0.7346483421875 0.516954003125 0.7504317109375 0.5302453328125 0.766591028125 0.5329427625000001 0.75792130625 0.5158121625 0.75099040625 0.5080199296875 0.7602153406250001 0.49870209218749995 0.7555854453124999 0.48224585 0.7409752359375 0.4920722234375 0.7313569265625001 0.49086880468749994 0.7267305187499999 0.47863559687499996
0 0.6675308078125 0.530682828125 0.6698492406250001 0.54313398125 0.6746618796874999 0.5479587234375 0.6788949125 0.5496706765624999 0.6881303015625 0.5530219328125 0.6906245109375 0.5453955234375 0.6884992796875 0.533981965625 0.6806093375 0.529447815625 0.6725296796875 0.528099103125 0.6675308078125 0.530682828125
0 0.9835477390625 0.5209021421875 0.9693169640625001 0.5243576421875 0.96374196875 0.5280516125 0.9668297265625 0.540430115625 0.975109559375 0.551262490625 0.9818542265625 0.5664631921875 0.9893577624999998 0.5689221515625 0.9897337109375 0.5583282468749999 0.9870184171874999 0.5311328062499999 0.9835477390625 0.5209021421875
0 0.956073115625 0.558339315625 0.9533857046875 0.5649281296875 0.9566631796875 0.5741211984375 0.96897935625 0.581404896875 0.970897440625 0.5748887296875 0.9720496843750001 0.5726682421875 0.9720392296875 0.5599991453125 0.9641492875000001 0.5554649968750001 0.956073115625 0.558339315625
0 0.5454346390625 0.8167309078125001 0.5535177828125001 0.8223026515625002 0.5629428890625 0.8224684734375 0.5627392296875 0.8087617828125001 0.559465240625 0.8037917453125001 0.552920746875 0.798074703125 0.545807103125 0.8019139703124999 0.543695815625 0.8073925421875 0.5454346390625 0.8167309078125001
0 0.5865031609375 0.9363860953125 0.594965740625 0.93558696875 0.598615678125 0.9299630999999999 0.5978358968749999 0.917366653125 0.5901321875 0.905424034375 0.583208259375 0.9060778656250001 0.5759014125 0.9088795375000001 0.57071979375 0.9230947609375001 0.5720756984375 0.9345809671875 0.5765019328125 0.937330515625 0.5865031609375 0.9363860953125
0 0.5106949921874999 0.9076461328125 0.5041609546875 0.9145981859375001 0.50185995 0.92326219375 0.5072521984375 0.9311997250000001 0.5203376984375 0.938410775 0.5311047671875 0.9331706734375 0.5330228531250001 0.9266545046874999 0.528013525 0.9165691359375 0.5235838046875 0.90959655625 0.5106949921874999 0.9076461328125
0 0.35 0.865385471875 0.3531277078125 0.8644540828124999 0.3608244453125 0.8679506359375001 0.37890881875 0.8725779609375 0.3846805015625 0.8741446187499999 0.3933362828125 0.8743830890625001 0.3979487484375 0.86972416875 0.394860990625 0.857345665625 0.38562560156250003 0.8539944078125 0.3763902140625 0.8506431484375 0.3521512375 0.8465970078125 0.35 0.8458920328125 0.35 0.865385471875
1 1 1 1 0.5979760375 0.9853353609374998 0.5893629515625 0.9584020031249999 0.5834595625000001 0.9532064437500001 0.5807826609375001 0.9520541984375 0.5830031484375 0.9505155484374999 0.5831484437500001 0.9360915703125 0.58556635 0.9245551750000001 0.5908790984375 0.9168619218749999 0.5916055765625 0.9033969859375001 0.590765396875 0.8945480015625 0.58948933125 0.8854988437500001 0.5787296046874999 0.8681733406250001 0.5613605375 0.8645268859375002 0.5712074359375 0.864544315625 0.5923225953125 0.8605114562499999 0.6000943031249999 0.8531976374999999 0.594449909375 0.83915309375 0.590496940625 0.8283825390625001 0.5915140109375 0.822824971875 0.616323140625 0.8122511046875001 0.6226008375000001 0.806479421875 0.62103418125 0.7960848171875 0.6114573468750001 0.7837790984375 0.6168427453125 0.77646179375 0.60697531875 0.7549137125 0.60056339375 0.7514604625 0.6114478875 0.75648721875 0.642648415625 0.7616967203125 0.6622174453125 0.7592164546875 0.686735984375 0.749991521875 0.696053821875 0.74306759375 0.6967076515625 0.7384446718750001 0.688697475 0.7242104109375 0.6879299453125001 0.715368396875 0.6950999421875 0.7194221671875 0.712666425 0.7302031796875 0.7243184515625 0.7317697140625 0.7579574140625 0.7212028187499999 0.7726811734375 0.716611265625 0.8026782828125001 0.7062340875 0.8142166109375001 0.707600446875 0.838371909375 0.69933455625 0.8444316624999999 0.6939667078125 0.8660553578125001 0.6812780671875001 0.8735885953124999 0.6620379625 0.8669587249999999 0.6620484203125001 0.879627821875 0.668610340625 0.9064600234375 0.66805513125 0.9329084578125 0.6728921703124999 0.967294421875 0.680026728125 0.9887933468749999 0.6945479390625 1 1 1