0 0.036047721875 0.15678126875 0.0368787671875 0.16223337499999999 0.042971646875000005 0.16967283125 0.055225948437500005 0.1687347515625 0.06772227812500001 0.16125120312500002 0.06270246562500001 0.1527183890625 0.054463440625000005 0.14746565625000002 0.0411360671875 0.1494970953125 0.036047721875 0.15678126875
0 0.401699453125 0.5390625 0.39846710625 0.5255263 0.37787025937499996 0.5286657984375001 0.37473196875000003 0.5390625 0.401699453125 0.5390625
0 0.3408567078125 0.34276954375 0.3248291625 0.3433529671875 0.32136791875 0.35317851718750004 0.3290879015625 0.36315934843750003 0.3418962296875 0.36585600625 0.3485766890625 0.352750375 0.3408567078125 0.34276954375
0 0.4217190765625 0.2876733609375 0.4285044953125 0.2996562390625 0.4419703734375 0.298533484375 0.4482702984375 0.29106463437499996 0.4475427734375 0.27815837499999996 0.4362230421875 0.2770944109375 0.42424575468750003 0.279849859375 0.4217190765625 0.2876733609375
0 0.440239753125 0.3034462578125 0.43722901406250003 0.3243606984375 0.44065671249999994 0.3387149703125 0.45149095156249996 0.3203272109375 0.4613556390625 0.2955786625 0.4553662796875 0.2806850546875 0.44408153125 0.287983925 0.440239753125 0.3034462578125
0 0.4479568609375 0.24834176874999997 0.4493419328125 0.2574286125 0.46789615625 0.2490216859375 0.4693147765625 0.23392870625 0.46751418281249996 0.22211580937500003 0.453148725 0.2336034453125 0.44941046562500003 0.241611625 0.4479568609375 0.24834176874999997
0 0.21844215625 0.1252604015625 0.22893084687499998 0.12087225937499999 0.22861884687499998 0.11069205468750001 0.2208988625 0.10071122343750001 0.205563853125 0.1058380703125 0.2054953203125 0.12165505624999999 0.21844215625 0.1252604015625
0 0.1682790375 0.048295085937499996 0.15522868125 0.0521438953125 0.1510749015625 0.057426021875 0.15464110312499998 0.07268898124999999 0.167033909375 0.0726595859375 0.1729533 0.0708275203125 0.179668746875 0.0660847234375 0.17544499375 0.054641181250000004 0.1682790375 0.048295085937499996
0 0.12739590625 0.0322116265625 0.12043843125 0.043499890624999996 0.121546490625 0.05076936562499999 0.1268083296875 0.0527567140625 0.1371585140625 0.047459889062499996 0.143873959375 0.042717093750000004 0.1395117 0.030364864062500004 0.12739590625 0.0322116265625
1 0.659375 0 0.12817076249999998 0 0.119744459375 0.006413809375 0.1323457453125 0.0240187703125 0.1556077796875 0.013964453125000002 0.17177383125 0.014289712500000001 0.185586696875 0.0317099984375 0.19296113125 0.0556904484375 0.2050083875 0.069660671875 0.23086707343750001 0.0685085234375 0.2392795921875 0.083032775 0.23086850937499998 0.1010511828125 0.23966156718749998 0.1099386515625 0.2545125171875 0.11790274062499999 0.25319741875 0.12554156875 0.26642126718750003 0.1309642796875 0.27334375624999996 0.11131317968750001 0.2834519109375 0.11256182343750001 0.286325578125 0.1232813609375 0.2961917078125 0.1310754703125 0.3167550046875 0.1521157953125 0.3316059546875 0.160079884375 0.35344936875 0.1651185453125 0.36937339062499996 0.171989271875 0.383912340625 0.16977315625 0.40585927499999996 0.1673576671875 0.3708648609375 0.238707284375 0.380176959375 0.2428666578125 0.4219567921875 0.1834999140625 0.43902242031250005 0.1734602953125 0.43642720781250005 0.1971007859375 0.45584746093749995 0.2025088015625 0.47055990468750003 0.20956420625 0.489945171875 0.206609384375 0.5083259015625 0.188930934375 0.5462653937499999 0.1775691828125 0.5753432968750001 0.17313695 0.5813326562500001 0.1880305578125 0.61307574375 0.176683503125 0.6332920546875 0.17918078906249998 0.6473804984375 0.16587578281249998 0.659375 0.1615500359375 0.659375 0
0 0.6969880109375 0.26687295 0.710551946875 0.25216021718750004 0.700547240625 0.241830290625 0.6898956234375 0.2410828953125 0.6813334296875 0.24712995937499999 0.6794212140625 0.2553247015625 0.6828936734375 0.264279334375 0.6969880109375 0.26687295
0 0.8327487703124999 0.2035017984375 0.821891428125 0.20831805 0.8237453890624999 0.213567746875 0.8290420703124999 0.22066366406250001 0.8403703359374999 0.2189369390625 0.8500801031249999 0.21350528125 0.8462544515625 0.20223350624999997 0.8327487703124999 0.2035017984375
0 0.659375 0.06866305 0.6654657921875 0.06698305 0.6764111265625 0.055830771875 0.681059675 0.044847959375 0.6662886875 0.044728462499999996 0.659375 0.0486924453125 0.659375 0.06866305
0 0.7102700671875 0 0.70598039375 0.007855653125 0.6943286718749999 0.014373642187499999 0.71563190625 0.0158684359375 0.733768378125 0 0.7102700671875 0
0 0.8184401546875 0.012842999999999999 0.8102894078125 0.007762771875 0.7955481609375 0.0147516859375 0.7941068687499999 0.02603595625 0.8038761140625 0.034821118750000005 0.811085009375 0.03372229375 0.819882665625 0.0292199921875 0.8221183375000001 0.016233984375 0.8184401546875 0.012842999999999999
0 0.2632446796875 0.7729102156250001 0.268364153125 0.7650169296875 0.2679812203125 0.7555913750000001 0.254240078125 0.7553149031249999 0.24944405781249998 0.7584169234375 0.2440891234375 0.7647654453125 0.24835596093749998 0.7720183374999999 0.2539761 0.774322990625 0.2632446796875 0.7729102156250001
0 0.380910684375 0.7360069890625 0.3796156421875 0.727510790625 0.3737600421875 0.7236613734375 0.361166471875 0.7240003093749999 0.34963248125 0.73129068125 0.35069206249999996 0.7382421156250001 0.3539290609375 0.7456519828125 0.368494321875 0.7513351281249999 0.37994031875 0.7503807859375 0.382441190625 0.7460479531249999 0.380910684375 0.7360069890625
0 0.3564918515625 0.81085849375 0.3638482171875 0.8176404625 0.3726756109375 0.820246571875 0.3803256953125 0.8151288640625 0.386798465625 0.8022873390624999 0.380913128125 0.7913295109374999 0.37426315 0.789181834375 0.36443565312500004 0.793841109375 0.3576976796875 0.7980294609375 0.3564918515625 0.81085849375
0 0.31839501718749996 0.98263413125 0.324191140625 0.9722667265624999 0.322337178125 0.967017028125 0.3253969671875 0.95943769375 0.3289859359375 0.9415034453125 0.33022150156249996 0.9357828234374999 0.3299563 0.92712965 0.32501281249999997 0.9223508765625 0.31277243593750004 0.9250069562500001 0.3099481109375 0.93413105625 0.307123784375 0.9432551562499999 0.30447666562500003 0.96736845625 0.3004167734375 0.9822131781250001 0.2980336328125 0.9873183937500001 0.31839501718749996 0.98263413125
0 0.4503488625 0.666148265625 0.45105525 0.67078255625 0.4519971 0.6769616093749999 0.46859230781249994 0.6752223921875 0.476477853125 0.6716494484375 0.475977190625 0.6614515109375001 0.46885628749999997 0.65621430625 0.45123123749999994 0.658110496875 0.4503488625 0.666148265625
0 0.7658584640624999 0.591176509375 0.7606212593749999 0.5982974125 0.7611219234375 0.60849535 0.7783057890625 0.6106180421875 0.789280859375 0.606574171875 0.79128106875 0.5920434015625 0.7859843859375 0.5849474828125001 0.774538390625 0.5859018265625 0.7658584640624999 0.591176509375