0 0.0223486484375 0 0.025272615625 0.009891290625 0.0285391328125 0.0102796109375 0.038335203125 0.0072048609375 0.0414052734375 0.00233304375 0.0418110640625 0 0.0223486484375 0
0 0.050740804687499995 0.1403473796875 0.049393515625 0.1374441359375 0.04670241875 0.13587736718750001 0.036899384375 0.13047268437499998 0.029994339062499997 0.1446140609375 0.035190528124999995 0.1552066109375 0.040186790625 0.15629930625 0.047677696874999995 0.1536986296875 0.04902150625 0.15236215625 0.050740804687499995 0.1403473796875
0 0.27513285 0.35604599375 0.2766661453125 0.351490225 0.27647317656250003 0.35046980156249996 0.2634105890625 0.35315623125 0.2555372265625 0.357955778125 0.2547792828125 0.370832953125 0.2570879265625 0.37459859375 0.2643893484375 0.3752172109375 0.270915421875 0.367514421875 0.27513285 0.35604599375
0 0.4359362296875 0.34523771718749996 0.3698723046875 0.3800264703125 0.3693003640625 0.385444634375 0.44190777031249995 0.3641516734375 0.46667521562500003 0.343156421875 0.4804992296875 0.33183253437500004 0.4897094375 0.3172170828125 0.4763072640625 0.3104966265625 0.4582090265625 0.32793583593750003 0.44957075937499996 0.337133121875 0.4359362296875 0.34523771718749996
0 0.27677058125 0.47868171562499995 0.28906478281250003 0.47615331093749996 0.2969346625 0.4671140484375 0.3024959 0.454309146875 0.284812540625 0.44522457812500005 0.2777040875 0.44562638125 0.27252182187499996 0.4519926984375 0.2713814234375 0.46706874374999996 0.2754232921875 0.4757784734375 0.27677058125 0.47868171562499995
0 0.6047681046875 0.02681046875 0.599563021875 0.019150634375 0.5925540640625 0.016850526562500003 0.5819332578124999 0.02028196875 0.5801334796875001 0.030629596874999998 0.5814956 0.0378325828125 0.5923516156249999 0.0455774390625 0.600710409375 0.0401168265625 0.6047681046875 0.02681046875
0 0.6224265359375 0.0605944453125 0.630347671875 0.0726844421875 0.639387525 0.070825321875 0.6445762281249999 0.058533548437500006 0.6447909609375 0.0447703421875 0.637100940625 0.0388687421875 0.6260260953125 0.0398991890625 0.62376818125 0.042857921874999996 0.6212832453125 0.0446161546875 0.619029425 0.0525627875 0.6224265359375 0.0605944453125
0 0.7038261796875 0.093741375 0.7074339296875001 0.0830219203125 0.7060718078125 0.0758189375 0.69499286875 0.07186148437499999 0.6861800328125 0.07492109999999999 0.6823411671875 0.07945215312500001 0.6832574390625 0.0942299484375 0.6923013875 0.097358728125 0.7038261796875 0.093741375
0 0.9308657640625 0.216666096875 0.9238609 0.21935389062500002 0.9197950140625 0.222684446875 0.91709125 0.23321798437500002 0.9286242296874999 0.2395764328125 0.940598965625 0.233372171875 0.9428527859375 0.2254255390625 0.940363753125 0.2221958703125 0.9349357453125 0.218323440625 0.9308657640625 0.216666096875
0 0.964337796875 0.23971475937500003 0.9869128593750001 0.20513954843749999 0.9814930421875001 0.211242921875 0.9645525296875 0.22595155 0.9462498984375 0.23345719531250003 0.9338293140625 0.247236265625 0.9333834640625 0.254811075 0.9365494609375 0.2566543328125 0.9473972859374999 0.2544233890625 0.964337796875 0.23971475937500003
0 0.9311785484375001 0.559375 0.940407040625 0.5501968796875001 0.9349667453125001 0.5313607453125 0.9218528140625001 0.526574615625 0.914852046875 0.5342503125 0.9094322296874999 0.5403536875 0.9035624703125 0.54904396875 0.9049828328124999 0.559375 0.9311785484375001 0.559375
0 0.8995024421875 0.2842283359375 0.9094462812499999 0.28218330156250004 0.9207399546874999 0.2723775484375 0.9121377609374999 0.2566860578125 0.8994819640625 0.2592888265625 0.89903201875 0.261875734375 0.8949661328125 0.26520628749999997 0.8651428046875 0.281317190625 0.88819648125 0.27907038281249996 0.8995024421875 0.2842283359375
1 0.51875 0.559375 0.8797054093749999 0.559375 0.878015665625 0.5430732046875 0.8852352625 0.52662220625 0.885660634375 0.49410788749999995 0.8865523312500001 0.47895827031250005 0.8987499921875 0.46896660625 0.8924057125000001 0.45031638437500005 0.88629664375 0.4428424625 0.8801875750000001 0.43536854218750004 0.871597665625 0.43464075468749996 0.8898880124999999 0.41217140468749996 0.8783550296874999 0.40581295468749995 0.867053165625 0.4056429046875 0.8609359062499999 0.38819318125 0.8701823015624999 0.36259505000000003 0.85773714375 0.346446709375 0.8647297203125 0.3287952125 0.8746735609374999 0.3267501796875 0.879404125 0.3070695078125 0.869220978125 0.29295034062499997 0.860172934375 0.28483365781250003 0.8466131515624999 0.2876223390625 0.8488505921874999 0.2597241015625 0.8321289078125 0.2656574234375 0.8677933281250001 0.20594092968750002 0.8673270015625001 0.18857623125 0.8147097828125001 0.24803764843749998 0.8051872203125001 0.21258046562500002 0.793196103125 0.1988331203125 0.7857249125 0.1841562140625 0.7630966078125001 0.1538887046875 0.75517956875 0.14678660937500002 0.7425237734375 0.149389378125 0.7337068437500001 0.1474610953125 0.7149501703125 0.15256574375 0.7120070984375 0.1469350828125 0.7246547015625 0.13435650937500002 0.7169523984375 0.11349120625 0.7063356875 0.1219105484375 0.6923054843750001 0.10234662812499999 0.6746798171874999 0.108465865625 0.662486253125 0.1234454328125 0.6468587171875 0.085502228125 0.6314827734375 0.07868693125000001 0.61474880625 0.06965655 0.604359115625 0.0792763890625 0.5867211625000001 0.0704319203125 0.5722451078125 0.0584428109375 0.579691725 0.043192307812500004 0.5735785609375 0.030730482812499998 0.5550530015625 0.0420235328125 0.5611743578125 0.0644611609375 0.5505371734375 0.0479409953125 0.5450968765625 0.029104862500000002 0.5299561453125 0.033465865625 0.5234094171875 0.043542556249999996 0.51875 0.0481765421875 0.51875 0.559375
0 0.788416390625 0.15865896875000002 0.7816262609375 0.14758355625 0.7734822015624999 0.1392809625 0.7642235203125 0.14991539062499998 0.765589734375 0.16210627500000002 0.7712447640625 0.1671792 0.7802846171875 0.1653200796875 0.788416390625 0.15865896875000002
0 0.1926478109375 0.937612715625 0.186504190625 0.943116634375 0.18939521718750002 0.9541832593749999 0.19631766875 0.961240465625 0.20476993281250003 0.9595021890625001 0.21341168124999998 0.9545446171874999 0.211292525 0.9475596828124999 0.20571388124999998 0.939166003125 0.1926478109375 0.937612715625
0 0.4419774 0.8714945109375 0.4358372609375 0.8812381453124999 0.43142686562500004 0.891686153125 0.432977565625 0.9083289671875001 0.4475804109375 0.9095662046874999 0.45103641562499996 0.9067352328125 0.46215540781250003 0.876885709375 0.4527243828125 0.8565630093750001 0.4419774 0.8714945109375
0 0 0.8472036171875 0.00140783125 0.8507899406250001 0.0169755125 0.8571292906250001 0.025038359375000003 0.8491104500000001 0.0229087578125 0.8294063671874999 0.015410885937499999 0.8235276109375 0.0029272 0.829275309375 0 0.8379726875 0 0.8472036171875
0 0.55890745625 0.559375 0.558064409375 0.56317974375 0.5601870484375 0.5744043953125 0.57017956875 0.57658978125 0.5815054515625 0.5647195484374999 0.5800220796875 0.559375 0.55890745625 0.559375
0 0.782540003125 0.8806315484375 0.7727439328125 0.8837063015625001 0.7669897296875 0.89549078125 0.7698842359375 0.9107971218750001 0.7808415921874999 0.9180846234375 0.7925568921874999 0.9124949515624999 0.797356703125 0.90832750625 0.79792168125 0.8944299093750001 0.7957990421875 0.8832052593749999 0.782540003125 0.8806315484375
0 0.8359377203125 0.86328921875 0.831716809375 0.8705179328125 0.8340358968749999 0.887002721875 0.8467229953125 0.8949945953124999 0.8542069437500001 0.8839144875 0.85804191875 0.8746449281249999 0.8559227593750001 0.86765999375 0.85015463125 0.8624856093750001 0.8359377203125 0.86328921875
0 0.7801478109375 0.775112715625 0.774004190625 0.7806166343750001 0.7768952171875 0.791683259375 0.78381766875 0.798740465625 0.7922699328125 0.7970021890625001 0.80091168125 0.7920446171875 0.798792525 0.7850596828125 0.79321388125 0.776666003125 0.7801478109375 0.775112715625
0 0.6044755125 0.694629290625 0.612538359375 0.6866104500000001 0.6104087578125 0.6669063671875 0.6029108859375001 0.6610276109375001 0.5904271999999999 0.666775309375 0.5858273171875 0.680442609375 0.58890783125 0.688289940625 0.6044755125 0.694629290625