0 0.0095914765625 0.44380669531250005 0.0151624640625 0.4437857328125 0.0263044421875 0.443743809375 0.0277846875 0.4263372171875 0.0183240046875 0.41321237968749996 0.009186248437499999 0.4150014859375 0.00505905 0.4211585515625 0.0049007156250000005 0.43402712968749996 0.0095914765625 0.44380669531250005
0 0.0190937671875 0.2065906328125 0.023784526562499998 0.2163701984375 0.02578875 0.21811738125 0.0358890328125 0.2204190109375 0.038051590625 0.20929761562500002 0.03468274375 0.19498004062500002 0.030433665625000002 0.19046298749999999 0.025864785937500002 0.19135754062500002 0.018932304687500002 0.199133659375 0.0190937671875 0.2065906328125
1 0.259375 0 0.027275384375 0 0.0276397921875 0.0059349390625 0.0112101703125 0.0241289140625 0.0015119828125 0.030306940625 0 0.030007303125000002 0 0.0841299453125 0.0005984296875 0.0839757140625 0.0060871218749999996 0.070063490625 0.02095733125 0.0757103953125 0.03578795625 0.08457444374999999 0.028776304687499997 0.0987848515625 0.015432184375 0.11316531406250001 0.0214875671875 0.1355152703125 0.0355962984375 0.1413112671875 0.04681744375 0.13483505625 0.048706046875 0.16655922343750001 0.043659034375 0.1857339609375 0.0480695765625 0.1977079859375 0.0654252734375 0.207147440625 0.0792173328125 0.23868059375 0.084029971875 0.2591342765625 0.074654715625 0.2802262484375 0.0909718453125 0.312334809375 0.106000390625 0.3051131359375 0.11145575781249999 0.3350691578125 0.131860503125 0.3642377953125 0.1417232828125 0.3858422921875 0.15919773125 0.3856303171875 0.173349175 0.4085347203125 0.20064681874999998 0.4331443828125 0.20449693125 0.449507328125 0.20930644062499998 0.44963545937499994 0.2195681875 0.4593940609375 0.2233818453125 0.4992997 0.23212063593750001 0.5093564890625 0.236211378125 0.5267421171875 0.2511211703125 0.5291718765625 0.259375 0.529549603125 0.259375 0
0 0.7031145921874999 0.6390625 0.7073569703125 0.6371832984375 0.7071955046875 0.629726325 0.7062725609375 0.62241844375 0.6994984125 0.6173259843750001 0.6916034 0.6210113671874999 0.6841896515625 0.62674211875 0.6859136593749999 0.6306837625 0.6908846343749999 0.638268865625 0.6931411390625 0.6390625 0.7031145921874999 0.6390625
0 0.7879418109375 0.6390625 0.7888780015625 0.638338834375 0.7886373703125 0.6373161515625 0.783023665625 0.62022870625 0.784345578125 0.61569069375 0.7869102328124999 0.61304895625 0.79051658125 0.6080636671875 0.7954448421875 0.5985403640625 0.79408021875 0.58596996875 0.7903519875 0.5802811421875 0.7842601499999999 0.5814738796875 0.7766453546875 0.5829648015625 0.7766057703125 0.586181946875 0.7749640609374999 0.5961315640625 0.7709983265625 0.6097456046875 0.7663502828125 0.6170744453125 0.7617022375 0.6244032875000001 0.7627455578125 0.6390625 0.7879418109375 0.6390625
0 0.9611213375000001 0.530798759375 0.9574754046875 0.53900119375 0.9591598296875 0.5461599828125 0.9630891078125 0.5560886375 0.9787207953125 0.5615864515625 0.9841303203125001 0.5541085156250001 0.9855313984375 0.5431362140625 0.9816417031250001 0.5299904125 0.9763509296875 0.5278169140625 0.9611213375000001 0.530798759375
0 0.4541852515625 0.4278613640625 0.4582332828125 0.4281385859375 0.46432511875000004 0.4269458484375 0.47326182499999997 0.42091691249999996 0.471936784375 0.405129375 0.46772729062499996 0.39739517968750004 0.45450192187500005 0.40212420781249997 0.45009450781249993 0.41047573281250005 0.45097786875 0.42100075937500003 0.4541852515625 0.4278613640625
0 0.259375 0.4308167015625 0.2732270625 0.420499753125 0.2876951734375 0.4176670015625 0.297594409375 0.4157288015625 0.30729259531249997 0.40955077500000003 0.30272058749999997 0.3901197765625 0.3009965796875 0.38617813437500004 0.2982308765625 0.384580040625 0.2872107796875 0.39529608125000004 0.27899596875 0.40439306875 0.27566983437500003 0.4071839 0.259375 0.4160727546875 0.259375 0.4308167015625
0 0.376416384375 0.32754975625 0.3842718140625 0.327081515625 0.394810646875 0.3143201078125 0.389157359375 0.3004498078125 0.3854291296875 0.29476097968750004 0.3754507265625 0.30313346874999997 0.37020266875 0.3180683765625 0.376416384375 0.32754975625
0 0.43556490312499996 0.274246775 0.4263875640625 0.2792530265625 0.4211790875 0.290970790625 0.421340553125 0.2984277640625 0.42707300625 0.3058637734375 0.43861708125 0.3143015078125 0.4469537734375 0.3158786390625 0.451680984375 0.30211550625 0.4487934015625 0.2898432984375 0.4420984203125 0.27831655 0.43556490312499996 0.274246775
0 0.49070184375 0.1971238765625 0.49202375468750004 0.1925858625 0.4913810265625 0.1830835234375 0.486970484375 0.1711094984375 0.48143907812500003 0.167913315625 0.4700564671875 0.16693255468749998 0.466090734375 0.1805465953125 0.47106170937499997 0.188131696875 0.4805619765625 0.198039390625 0.49070184375 0.1971238765625
1 1 0 0.43387492656250004 0 0.43380020625000004 0.006072968749999999 0.42578644218750006 0.0194097859375 0.42198217499999996 0.0404807984375 0.43452836250000004 0.0497921234375 0.447031834375 0.04199504375 0.46214267656249997 0.048664632812500004 0.4698366390625 0.0407394203125 0.47597119062500004 0.056655090625 0.458018609375 0.07514724843750001 0.46078744218749995 0.09707089062499999 0.478983784375 0.09992696718750001 0.4863579484375 0.097413359375 0.49305293125 0.1089401078125 0.4924925 0.11332902812500001 0.4812713546875 0.119805240625 0.47674518906249996 0.1378082 0.48035466875 0.1531484609375 0.495544678125 0.1533837609375 0.501676096875 0.1489738796875 0.5041647140625 0.1730919828125 0.51001905 0.1912021109375 0.5095409171874999 0.20948229375 0.510345109375 0.2264416078125 0.5204516515625001 0.269394340625 0.529190440625 0.27945112499999997 0.541354215625 0.289907121875 0.549212775 0.30976443593749997 0.5597151546875001 0.32054572187499997 0.57069566875 0.313046825 0.5877315640624999 0.3278978859375 0.595669290625 0.3413209109375 0.6058091578125 0.3404053953125 0.609138421875 0.35794011718749996 0.62685663125 0.379076375 0.639603865625 0.39262752968750003 0.6513885734375 0.40208794687499994 0.66946929375 0.4349210078125 0.67299960625 0.45669555624999997 0.682901971875 0.47508290937500003 0.69280120625 0.47314470937499997 0.6924782765625 0.45823076250000006 0.70033370625 0.457762525 0.72105825 0.48151955781250005 0.719578003125 0.49892614999999996 0.730439765625 0.5010786890625 0.7345669640625 0.49492162031250003 0.7326877515625 0.5241741046875 0.7429495 0.5339327093749999 0.762589634375 0.5429248890625 0.7635490328125 0.526690075 0.7604208171875 0.51339518125 0.7618218953125 0.502422878125 0.770119003125 0.5072171515624999 0.7701617171875 0.524325559375 0.77697545 0.5262008734375 0.78114223125 0.5168266625 0.791601896875 0.5104995437500001 0.8086773765625 0.522133459375 0.8127254078124999 0.5224106828124999 0.8191401734374999 0.536131890625 0.831323846875 0.5337464140625 0.8368521234374999 0.516617046875 0.8356489640625 0.5115036265625 0.840979321875 0.51045998125 0.8456304953124999 0.5234566890625 0.8574975 0.5468083703125 0.8669977687500001 0.5567160640625 0.8797814562500001 0.5467245234375 0.8752490343750001 0.52407638125 0.8852274359375001 0.51570389375 0.895607934375 0.5158110625 0.9043831765625001 0.5023251546874999 0.9098354140625 0.5119556265625 0.9194940171875 0.50899474375 0.9249431265624999 0.49829966406250004 0.9361376015625 0.5023161984375 0.944758590625 0.49508266250000005 0.9614821812500001 0.487186965625 0.9734979296875 0.4885314390625 0.9817373234375001 0.476751275 0.9944793624999999 0.47240793906249995 1 0.45998789375 1 0
0 0.5169516203125 0.3265190078125 0.5044516765625 0.32896640625 0.5079175375 0.3495459796875 0.516817528125 0.355197571875 0.5274832953124999 0.3595791671875 0.5282779828124999 0.34833235625 0.519756884375 0.32966682812500003 0.5169516203125 0.3265190078125
0 0.9414745421875 0.5308478453125 0.9499929343750001 0.5319528078125 0.9575402375 0.5230809546875 0.9522744 0.5065508765625 0.9434797125 0.5101213484375 0.9383218796874999 0.5203738953125 0.9397771625000001 0.5265588390625 0.9414745421875 0.5308478453125
0 0.9758586093750001 0.5278127640625 0.9765507 0.524904453125 0.97384803125 0.51341813125 0.9715269593750001 0.5064784343750001 0.9618322828124999 0.51207365625 0.9533507906249999 0.52574975625 0.9655744390625 0.52797779375 0.9758586093750001 0.5278127640625
0 0.6489755015625001 0.4956902453125 0.6503965875000001 0.5046546875 0.6580149937499999 0.5077844 0.6703070375 0.5044534390625001 0.671101725 0.49320662656250003 0.6690227484375 0.48437099375 0.6489755015625001 0.4956902453125
0 0.2518525078125 1 0.2506753578125 0.9906793234375 0.2467460796875 0.98075066875 0.24065424218749998 0.9819434062500001 0.230234159375 0.98505338125 0.2260673796875 0.9944275921875001 0.22737853593750001 1 0.2518525078125 1
0 0.20314352812499997 1 0.22306104375000002 0.9918068171875 0.23047479062499998 0.9860760640624999 0.238247921875 0.971716565625 0.25107119375 0.9585078796875 0.24606063749999998 0.9541399203125 0.23419676250000002 0.9511137921875001 0.22065159374999999 0.9612544249999999 0.21840986875 0.9788101078124999 0.1973206125 1 0.20314352812499997 1
0 0.22557561874999998 0.663956265625 0.21856396875 0.6781666734375 0.2169222578125 0.688116290625 0.22365682343749999 0.6964258953125 0.225661046875 0.6981730781250001 0.2360019609375 0.7014973921875 0.244978253125 0.6922513125 0.24866376875 0.680831734375 0.2545941421875 0.6721820218750001 0.251666975 0.6631269578125 0.2402843640625 0.662146196875 0.22557561874999998 0.663956265625
0 0.559568921875 0.994882771875 0.571993228125 0.9935199812500001 0.576400640625 0.9851684531250001 0.573994321875 0.9749416125 0.5677410203125 0.968677378125 0.557841784375 0.9706155781250001 0.5527124765625 0.9758990515624999 0.5535958375 0.9864240765625001 0.559568921875 0.994882771875
0 0.6038503609375001 0.9562584375000001 0.6040086953125 0.9433898609375 0.6013221609375 0.9353574796874999 0.5932656843749999 0.931585890625 0.5780360906249999 0.934567734375 0.5734276296875 0.9386794328124999 0.573750559375 0.953593378125 0.5787611171875 0.9579613359374999 0.5947126062500001 0.95804754375 0.6038503609375001 0.9562584375000001
0 0.553162440625 0.7746889109375 0.561980396875 0.778311409375 0.5693149765625 0.7790149468750001 0.5756474468749999 0.77884489375 0.5798538109375 0.7662535390625 0.5749224203125 0.755451290625 0.5677065906250001 0.7450963171875 0.5578073546875 0.7470345171874999 0.5502748562499999 0.7624167015625 0.553162440625 0.7746889109375
0 0.54216001875 0.6399089515624999 0.5370702921875 0.6419752812499999 0.534225421875 0.646811478125 0.529135696875 0.648877809375 0.5252095484374999 0.659274703125 0.5273752359375 0.6684788609375001 0.53082325 0.6763621468750001 0.5385995109375 0.6823281984375 0.5446517656250001 0.6843526046874999 0.55082276875 0.676725578125 0.552223846875 0.6657532749999999 0.5517425828125 0.6637079078125 0.553664509375 0.651563828125 0.551739453125 0.64338235625 0.5459674156250001 0.639163490625 0.54216001875 0.6399089515624999
1 1 1 1 0.6390625 0.5833512187500001 0.6390625 0.57274108125 0.644619378125 0.571541053125 0.659831509375 0.58889361875 0.6489454140625 0.6008366609375 0.6455372546875 0.6011991734375 0.6572340578125 0.6036054937499999 0.667460896875 0.6050492843749999 0.6735970015625 0.607214971875 0.6828011578125001 0.6030877765625 0.688958225 0.6007241703125 0.695839790625 0.601887746875 0.7041703546875 0.606097240625 0.7119045515625 0.6042148984375 0.7208314859375 0.592673953125 0.7327193015625 0.5960428015625 0.7470368796875 0.6052628546875 0.759139034375 0.5948031859375 0.765466153125 0.5942854687500001 0.78696348125 0.5982543328125 0.7936749937500001 0.6080743984375 0.7981710828125 0.5941302640625 0.8201576093749999 0.6083181609375 0.81951931875 0.618217396875 0.8175811203125001 0.6199018203125 0.8247399062499999 0.622548771875 0.8359894328124999 0.6259572046875 0.8470898640625 0.6308490109375 0.86110925625 0.6393867515625 0.8669262156249999 0.6390669515624999 0.8723378203125 0.6196278640624999 0.86758546875 0.62323734375 0.88292573125 0.6159850609374999 0.896113453125 0.615747559375 0.9154163203125 0.619396621875 0.9275394359375 0.6271728828125 0.9335054890624999 0.6361491734375 0.9242594078125 0.6446046171875001 0.916185103125 0.6573518515625001 0.929736259375 0.6481349296875 0.9379596546875 0.64184204375 0.9349125640625001 0.638677375 0.9451603671875001 0.63928051875 0.9578798531249999 0.6371575453125 0.9657841015624999 0.6482203562500001 0.9721764687500001 0.659922765625 0.9677456234375 0.67435129375 0.9681300140625 0.6765961500000001 0.9708998828125001 0.6847349234375 0.9885627343750001 0.6882864125 1 1 1