0 0.232317059375 0.359375 0.23218690625 0.35913985312499996 0.2172505046875 0.3439440859375 0.2108769234375 0.350113434375 0.2124450296875 0.359375 0.232317059375 0.359375
0 0.096185103125 0.359375 0.096689353125 0.3589727078125 0.0930218828125 0.3508730484375 0.085703121875 0.34207145625 0.072160221875 0.33823550625 0.06961972968749999 0.35869853906250004 0.06980113437499999 0.359375 0.096185103125 0.359375
0 0 0.2411974671875 0.000483203125 0.2455802390625 0.011469434375 0.2624814921875 0.0142079015625 0.263007940625 0.026074595312499997 0.265289215625 0.0333610015625 0.2592953515625 0.035917671875 0.24623004843750002 0.0323996421875 0.23692667968749997 0.0255292046875 0.22451396406250002 0.015488153125000001 0.2225836515625 0 0.21352079375000002 0 0.2411974671875
0 0.799366828125 0.3110031546875 0.7931321296875 0.2972337328125 0.7827638859375 0.2847648109375 0.77436976875 0.28838896406250003 0.7727046984375 0.29540186562500004 0.772872978125 0.3132429234375 0.774692578125 0.3177830109375 0.7754959796875001 0.3305083109375 0.7818577031249999 0.3432545828125 0.7919306421875 0.3389055984375 0.7961912124999999 0.33658194531249996 0.8031330531249999 0.319060178125 0.799366828125 0.3110031546875
0 0.8560107406250002 0.26427608281250003 0.8432152765625001 0.264958971875 0.8392362578124999 0.2778124609375 0.8432702828124998 0.2901112515625 0.8501263531250001 0.292476846875 0.8609751921874998 0.28827702187500004 0.8610747125 0.27467773125 0.8587332625 0.267942178125 0.8560107406250002 0.26427608281250003
0 0.5348676640625 0.2978678828125 0.5347131359375 0.28631489375 0.529141065625 0.280005853125 0.5222849953125 0.27764025625 0.5170219796875 0.29443719218750003 0.5178116312500001 0.3008744234375 0.525951696875 0.2992965734375 0.5348676640625 0.2978678828125
0 0.5312042203125 0.2185957859375 0.5401339390625 0.22345516562499998 0.5542271515625 0.2251169 0.5571899734375 0.220448625 0.5609424453124999 0.2222175765625 0.5651755125 0.2073177828125 0.5528606453125 0.1913319265625 0.5343935890625 0.199305065625 0.53079564375 0.2090891 0.5312042203125 0.2185957859375
0 0.5681828484375 0.1638979359375 0.5674482046875 0.1826129859375 0.5734013499999999 0.1858525734375 0.5841231640625 0.1826758984375 0.5905706562499999 0.175534809375 0.589640228125 0.16383266093749999 0.5789046625000001 0.1607212640625 0.5681828484375 0.1638979359375
1 0.4296875 0 0.4296875 0.031570507812499995 0.4303608375 0.0326456609375 0.4552308703125 0.056283003124999995 0.47155226250000004 0.0719915125 0.4976787890625 0.07910926874999999 0.51388690625 0.10212899843750001 0.5185835562500001 0.12188817031250002 0.539673615625 0.13118041875 0.5660541921875 0.1362518734375 0.5809370578124999 0.1443508375 0.5980068421875 0.14763236562499998 0.6123816078125 0.15982393749999999 0.6214245984375 0.157372096875 0.6361666859375 0.16020614375 0.65725674375 0.16949839375 0.6771760765625 0.175422865625 0.6897174921875 0.17678628125 0.71053975 0.1818367625 0.7211070359375 0.1671071015625 0.7254946312499999 0.1637602984375 0.7270189265625 0.1514824796875 0.740336240625 0.15299505468750002 0.7483767859375 0.1650164953125 0.7673656921875001 0.15923881875 0.7626245265625 0.17823121718749999 0.7751796921875 0.185882703125 0.7919816765625 0.18492246406249999 0.7956791421875 0.1615391390625 0.8026347328125001 0.150305440625 0.804286053125 0.137004471875 0.8207789812499999 0.1129382578125 0.8289327999999999 0.11764847656249999 0.8318098515625 0.132867559375 0.8483715390625001 0.1402416953125 0.85273163125 0.12431874999999999 0.8491782015624999 0.0953512140625 0.8568959390625001 0.0779786078125 0.8635699765624999 0.0562150765625 0.8737149359374999 0.025690659375 0.8901083421875 0.015223734375 0.8928515687499999 0 0.4296875 0
0 0.8845985093750001 0.15558660625 0.8800563859375 0.1473804234375 0.8725514421875001 0.14384251406249998 0.8605456312499999 0.150962634375 0.8570884624999999 0.1660115875 0.86693485625 0.176285046875 0.8754697499999999 0.17792581093749998 0.8861778125 0.1684610671875 0.8845985093750001 0.15558660625
1 0.4296875 0.37887341874999997 0.401850853125 0.373522046875 0 0.3594891046875 0 0.9607462234374999 0.007491420312499999 0.9608221 0.02821415625 0.9794718734375 0.030246884374999998 1 0.3660857421875 1 0.3666640546875 0.9984430124999999 0.367384946875 0.9734398921875 0.36435336875 0.9466678187500002 0.3845267515625 0.9505459890625 0.383187746875 0.9293371546875001 0.4071718671875 0.9025207796875 0.422240021875 0.877133090625 0.4296875 0.87550734375 0.4296875 0.37887341874999997
0 0.4296875 1 0.4364738703125 1 0.4390176828125 0.9986943499999998 0.4454514234375 0.985265190625 0.4441399234375 0.97663249375 0.43869487500000004 0.9693003015624999 0.4314577328125 0.9700041625000001 0.4296875 0.9718917109374999 0.4296875 1
0 0.52973240625 0.9270899828125 0.53466935625 0.9385147828125 0.5442341984375 0.9382584062500001 0.5502868640624999 0.9278987000000001 0.5472827875 0.9137027671875 0.5344735734375 0.9080975859375 0.5300997296875 0.917732459375 0.52973240625 0.9270899828125
0 0.6289957765625 0.8634144546875 0.62071493125 0.8597273859375001 0.6098523421875 0.857639140625 0.600823103125 0.8663790531250001 0.6008506046875001 0.8789551921874998 0.60862335 0.8867348671874999 0.61586049375 0.88603100625 0.6225757859375001 0.8831316828125001 0.6309561515625 0.873219459375 0.6289957765625 0.8634144546875
0 0.8118604890625001 0.785431046875 0.7996726453124999 0.7684220374999999 0.7905026296875001 0.77189703125 0.7913060328125 0.7846223328125 0.8020553500000001 0.7940217984375 0.8568318890625001 0.839121990625 0.8118604890625001 0.785431046875
0 0.863962278125 0.7304977890625001 0.8897077328125 0.7406850015625001 0.8772658390625001 0.725722296875 0.8740214671875 0.719860734375 0.86778676875 0.7060913125 0.855372378125 0.7037047453125 0.8469782625000001 0.7073289 0.8402767203125 0.71651629375 0.8330533296875 0.7235082234375 0.83268600625 0.7328657484375001 0.8396691015624999 0.7342081921875 0.8511668140624999 0.7311806781250001 0.863962278125 0.7304977890625001
0 0.818565290625 0.718627871875 0.82838418125 0.7163251921875 0.833025825 0.710932084375 0.8361019187500001 0.698952584375 0.8298947250000002 0.697759303125 0.818778084375 0.697717359375 0.8153071656249999 0.7064782421875 0.818565290625 0.718627871875
0 0.8045603953124999 0.40271180156249997 0.8017383500000002 0.41264499531250004 0.8012302515625 0.4167376015625 0.800989953125 0.425071975 0.8053912999999999 0.428013240625 0.81315029375 0.42950484375000003 0.822320309375 0.4260298515625 0.827216003125 0.4185904390625 0.8261585515625001 0.40791144375000005 0.8184990781250001 0.3928205484375 0.8088072125 0.3941000765625 0.8045603953124999 0.40271180156249997
0 0.8056178468749999 0.4133907984375 0.80949734375 0.41413659999999997 0.8153097125000001 0.41211126875000004 0.8165937109375001 0.40816782187499995 0.8132223109375 0.40332941250000004 0.80117524375 0.391585321875 0.7937973250000001 0.3870242625 0.792259278125 0.3930140125 0.7907349828125 0.40529183125 0.7952771046875 0.413498015625 0.800835425 0.4135189859375 0.8056178468749999 0.4133907984375
1 0.4296875 0.359375 0.4296875 0.9084205265625 0.43596186093749995 0.9017303546874998 0.4548374953125 0.9032639 0.4633723859375 0.9049046656249999 0.47361360625 0.9183967390625 0.4882149171875 0.9159658671875001 0.48337748906249994 0.8909417765625001 0.4914042828125 0.8966751484375 0.49596015937499993 0.9111694015625 0.5049173796875001 0.9286049203125 0.5193916671875 0.927197203125 0.5210292359375 0.9076081609374999 0.5105339671875 0.8961623921874999 0.5120582625 0.8838845718750001 0.5603355609375 0.8533577937499999 0.5304120453125 0.8832226546874999 0.545294909375 0.891321621875 0.5656948374999999 0.8805773484374999 0.5846699921875 0.8685116015624998 0.5831902109375 0.84203785 0.58887555625 0.84103566875 0.594715428125 0.8515864765625001 0.623155903125 0.8528636468750002 0.623622746875 0.8299068296875 0.630338040625 0.8270075046875001 0.6368267875 0.8387306265625 0.644290475 0.8234043234375001 0.6327652593749999 0.8138556953125 0.6341625296875 0.8026010281249999 0.6546894828125 0.7908336031250001 0.67384666875 0.8028969874999999 0.6855984312500001 0.797823171875 0.6865871265625 0.7770618203125 0.6967733390624999 0.7654016125 0.7209977578125001 0.7302508609375 0.7168367078125 0.7189752234375 0.7301402687499999 0.714199728125 0.7366290156249999 0.725922846875 0.75550465 0.72745639375 0.762841315625 0.7131532437500001 0.7589068109375 0.6872551609374999 0.7645784046874999 0.6799649109375 0.7792929875000001 0.6702228171875 0.7845560046875001 0.6534258828125 0.7728762578125 0.6323242671875 0.7689555078125 0.61271425625 0.7757703218750001 0.596215640625 0.7696626484375 0.581423065625 0.7627790765625 0.56648133125 0.7683098921875 0.5539261625 0.7870585015625 0.556482859375 0.7933377125 0.5315007109375001 0.7963863046874999 0.5069450734375 0.7898700546875 0.4826458140625 0.793454246875 0.466573709375 0.7825779046875001 0.45819739375 0.783199275 0.446793565625 0.77793951875 0.40597472031250004 0.7754160375 0.375110040625 0.7706287671875 0.359375 0.4296875 0.359375