0 0.41875 0.2315343296875 0.41758903125 0.230670396875 0.4065717390625 0.2238468046875 0.3983616890625 0.21853933906249998 0.3863936140625 0.22284761562500002 0.3862895125 0.23094315 0.3966717921875 0.24004399375 0.4031850078125 0.235992146875 0.41764455156249997 0.242054615625 0.41875 0.24291129374999998 0.41875 0.2315343296875
0 0.32310404843749996 0.21428615468749998 0.3295096921875 0.2028978546875 0.337664221875 0.196821103125 0.33422196875 0.1975822296875 0.31901984375 0.18646056093750002 0.30726343906250003 0.19000975312499999 0.3083252640625 0.20164631875 0.312669721875 0.20923307656249998 0.315796203125 0.21732656874999998 0.32310404843749996 0.21428615468749998
0 0.2875676484375 0.2143085984375 0.2876717484375 0.206213065625 0.27464184999999997 0.1988847765625 0.26484600468749997 0.20698643125 0.2679724859375 0.215079925 0.27941311875 0.22038535 0.28550299218749997 0.21785166875 0.2875676484375 0.2143085984375
0 0.24433475312500003 0.13768193906249998 0.241419940625 0.12882936250000002 0.2343758140625 0.127062928125 0.22563832343749998 0.13136916406250002 0.21679673125 0.1437709328125 0.22479511093750001 0.1498374828125 0.232633871875 0.15261534999999998 0.24052467968750002 0.1513454484375 0.24221804531250002 0.145272778125 0.24433475312500003 0.13768193906249998
0 0.262389228125 0.1154079984375 0.2514239859375 0.10453663906249999 0.24326598437500002 0.09518140625 0.232408315625 0.09164649531249999 0.23686034375 0.106569703125 0.24501834374999998 0.11592493749999999 0.2589504453125 0.13160110625000002 0.284534853125 0.15182361875 0.273514090625 0.129568040625 0.262389228125 0.1154079984375
0 0.31680942968750003 0.012915359375 0.30897067031250003 0.0101374921875 0.3004969 0.0096368765625 0.2928177609375 0.01014769375 0.2843995125 0.0210312953125 0.29059695625000004 0.025834065625000003 0.2968464484375 0.02658906875 0.3091858125 0.0248103921875 0.318929609375 0.0207565046875 0.31680942968750003 0.012915359375
0 0.11988621875000001 0.17469611406250002 0.11331748125 0.1673637453125 0.10569039375 0.16382679375 0.09541568593750001 0.1620624 0.09388194062500001 0.171423753125 0.0963213625 0.185842265625 0.1091916390625 0.189881871875 0.1163398640625 0.18355277187500002 0.11988621875000001 0.17469611406250002
0 0.057609900000000006 0.19725096875 0.043150354687499996 0.1911885 0.0350999265625 0.1891697171875 0.0297526375 0.196762596875 0.03409709375 0.20434935312500002 0.0380702578125 0.20940651093749998 0.04998628125 0.20914600156250002 0.0575057984375 0.205346503125 0.057609900000000006 0.19725096875
0 0.07921419843750001 0.181552353125 0.07471012187500001 0.1706769125 0.0613644515625 0.1722032421875 0.054427896875000006 0.1777732578125 0.0522591375 0.1894118625 0.0660836703125 0.19775158125 0.08997471093750001 0.2240467640625 0.0800643515625 0.1939480015625 0.07921419843750001 0.181552353125
0 0.07011235625 0.2141929578125 0.070802890625 0.2232999234375 0.08293405625 0.237712315625 0.0891314984375 0.242515084375 0.0925182296875 0.2303697421875 0.08377726875 0.2192439953125 0.0766255703125 0.2101411109375 0.07011235625 0.2141929578125
0 0.10444466875 0.27640518593749996 0.090248846875 0.265535865625 0.07679560625000001 0.259725746875 0.06562216562499999 0.26504545468749996 0.07494609062499999 0.2779417171875 0.0924245453125 0.2847612296875 0.1106455828125 0.29663993906249997 0.1145632265625 0.29031288125 0.10444466875 0.27640518593749996
1 0 0 0 0.18816813125 0.00644803125 0.1876699125 0.03965258125 0.18056540625 0.0466411875 0.170947625 0.0622631828125 0.1651191390625 0.0666562203125 0.1532261453125 0.0764000140625 0.14917225781250001 0.07878044375 0.13677456875 0.0979522640625 0.1375214109375 0.1029282609375 0.12739893124999999 0.11585058906250001 0.12739077031249998 0.128245475 0.1369963109375 0.149697096875 0.1488729796875 0.15875382968750001 0.1511441109375 0.171089721875 0.13393345 0.169816228125 0.12305596875 0.1573172421875 0.12154596250000001 0.152126103125 0.11699554062499999 0.1622932375 0.111423484375 0.174632603125 0.10964480624999999 0.1768013609375 0.09800620156249999 0.18214865 0.0904133234375 0.197933740625 0.10330550624999998 0.20921474999999998 0.1053222484375 0.1940646734375 0.0901528125 0.2173102875 0.0724292953125 0.2288550203125 0.0696391859375 0.23081210625 0.058759665625 0.24876248125 0.044581257812500004 0.2453167578125 0.029910398437500003 0.26242044999999997 0.018768328125 0.2699399671875 0.014968828125 0.2741140296875 0 0 0
0 0.6015119734375001 0.2479812484375 0.590489659375 0.2544804 0.5963155296875 0.2666164921875 0.607472021875 0.27151291093749996 0.6172558953125 0.2613737890625 0.6165696078125 0.2538559453125 0.6015119734375001 0.2479812484375
0 1 0.151288134375 0.9824976624999999 0.1455652015625 0.9832991296875001 0.1611277859375 1 0.1670459359375 1 0.151288134375
0 0.9526215593749999 0.091521103125 0.9611050953125 0.0810559 0.9400925703125 0.07158909218750001 0.9264746265625 0.075519828125 0.9352771609375001 0.090444171875 0.9526215593749999 0.091521103125
0 0.9469828218749999 0.042230846875 0.9624003953125001 0.0614423765625 0.98307233125 0.077120071875 0.9777986171874999 0.061106184375000004 0.9626688 0.0405219734375 0.9450775078125 0.028764990624999997 0.9469828218749999 0.042230846875
0 0.787093234375 0.20410766875 0.7777968265625 0.21453313437500002 0.7886798031250001 0.22041041562500002 0.806271096875 0.23216739843749998 0.8210551671874999 0.23902294375 0.8083197546875001 0.21484161093749998 0.787093234375 0.20410766875
0 0.7904498546875001 0.1841257921875 0.8058481015625001 0.18378960625000001 0.8018747265625 0.168101803125 0.7890050750000001 0.1543806625 0.7817549093749999 0.17040208125 0.7904498546875001 0.1841257921875
0 0.7561549109375 0.15243922031249998 0.7698905578125 0.1473335828125 0.763405125 0.1364178140625 0.7540960046875 0.1298858359375 0.74259895 0.1312003109375 0.7434916312500001 0.142967390625 0.7561549109375 0.15243922031249998
0 0.76778106875 0.12072500625 0.766826353125 0.13412755781250002 0.783232434375 0.14936777968749998 0.7974214640625 0.1491455484375 0.7970757890625 0.1354168203125 0.7899546781250001 0.12103848749999999 0.77934519375 0.1141804203125 0.76778106875 0.12072500625
0 0.8029790828125 0.1097283984375 0.8047388187500001 0.1278939703125 0.8262983515624999 0.13539921093750001 0.8246522625000001 0.12134438125 0.8188315171875 0.1072921375 0.8029790828125 0.1097283984375
0 0.5922715609375 0.19197497187499998 0.6131330375 0.196327334375 0.6224370453125 0.1829196875 0.608473403125 0.17312176875000002 0.5873937859375 0.168885065625 0.58780653125 0.1773836859375 0.5922715609375 0.19197497187499998
0 0.621678553125 0.16069240468749998 0.5987515140624999 0.158091246875 0.5982767156250001 0.174762334375 0.6140877046875 0.18292476875000002 0.6247661203125 0.1752049296875 0.621678553125 0.16069240468749998
1 0.41875 0 0.41875 0.0891324609375 0.4390726640625 0.09706134375 0.45857842499999996 0.10195274531250001 0.471174484375 0.116654646875 0.4839720515625 0.115666296875 0.4867070203125 0.10585827968749999 0.49382299375 0.100297065625 0.50471105625 0.1261138828125 0.5290777640625001 0.1385205484375 0.5372876765625 0.1290360984375 0.560421190625 0.135886590625 0.5717169640625 0.150262503125 0.5683677921875 0.16726216249999998 0.589375325 0.156789375 0.5973789187499999 0.1430556328125 0.6171581703125 0.14696624687499998 0.6189333890625 0.130621259375 0.6302911390625 0.1198273671875 0.6370665515624999 0.12047704687500001 0.6458286390625 0.12897058749999998 0.6684821624999999 0.13255260625 0.6956509546875 0.12992115625 0.724393603125 0.12663501093750001 0.7519700265625 0.11256255781249999 0.771677096875 0.1017636578125 0.7937785234375 0.0873676265625 0.796786984375 0.07657882499999999 0.8061631765625 0.0778806953125 0.8151936890625 0.0654538375 0.8373672984375 0.0657673203125 0.8494164734375002 0.0824308203125 0.8735096640624999 0.09581834375 0.8833606781250001 0.0804490515625 0.8660428781250001 0.0677112828125 0.8803419671875 0.0513586828125 0.8992956624999999 0.038272121874999995 0.9210615859375 0.0500265953125 0.9075056468749999 0.028787612499999997 0.9172224531250001 0.023878598437500002 0.9392567312499999 0.014712657812499998 0.9378170906250001 0.00490715625 0.943359953125 0 0.41875 0
0 0.2977524671875 0.9046159578124999 0.29139887343750004 0.9119564890625 0.3084019375 0.9243419359375 0.32280943125 0.9344521703125 0.3341945421875 0.9283733796875001 0.33609957968750004 0.9215416234374999 0.3275182375 0.913704559375 0.314064996875 0.9078944390625001 0.2977524671875 0.9046159578124999
0 0.20612677656249997 0.8857000750000001 0.1907685 0.8867217078125 0.1923612359375 0.9041765546875 0.199617034375 0.9051839062500001 0.213122325 0.9069462609375 0.21746330937499997 0.8991010328125 0.21672072656250002 0.8940418359375 0.20612677656249997 0.8857000750000001
0 0.3963771734375 0.9602100109375 0.40288691718749997 0.9407261796874999 0.3986500296875 0.9404758718749999 0.3927718296875 0.94225046875 0.3920327171875 0.9526232546875001 0.3963771734375 0.9602100109375
0 0.31310378125 0.637202828125 0.313263403125 0.6404915109375 0.3257103375 0.646049284375 0.34043360312500004 0.6473049015625 0.3484285109375 0.6379394671874999 0.3386291953125 0.6306091374999999 0.33179673906249996 0.6280836203125 0.3192457046875 0.6306213812499999 0.31310378125 0.637202828125
0 0.2513202109375 0.7313516671875 0.2530135765625 0.725278996875 0.24644484218749999 0.717946628125 0.23087489374999998 0.7197273453124999 0.22817522499999998 0.72554766875 0.23050707343750002 0.7326297281249999 0.24094140468749997 0.7376828062499999 0.24740256875000002 0.7376787265625 0.2513202109375 0.7313516671875
0 0.21990618281250002 0.6934240015625 0.2172065125 0.699244325 0.2203329953125 0.7073378171875 0.2263187671875 0.712899671875 0.2363818046875 0.71542315 0.24114613125 0.7060597546875 0.24384580156250002 0.70023943125 0.23722501562499998 0.6969548296875001 0.2281682828125 0.6946836984375 0.21990618281250002 0.6934240015625
0 0.25319747656249997 0.601064040625 0.24588963125 0.60410445625 0.2421836578125 0.60967243125 0.241073253125 0.6175156171875 0.2480132796875 0.6273775859375 0.2595059625 0.62863524375 0.269249759375 0.62458135625 0.27359074375 0.6167361296875 0.27062388125000003 0.61193131875 0.2652731234375 0.6040922140625 0.25319747656249997 0.601064040625
0 0.053116559375000004 0.8513909734375 0.057669215625000006 0.8427866640625 0.0592029625 0.8334253109375 0.047974 0.8273607999999999 0.035051671875 0.8273689624999999 0.0256791671875 0.83395245 0.027323953125 0.8473595312499999 0.0417834984375 0.8534219984375 0.053116559375000004 0.8513909734375
0 0.1419592890625 0.741287090625 0.1362407078125 0.7463503703125001 0.1357653171875 0.7519163046875 0.1359249390625 0.7552049890625 0.1446659 0.7663307359375 0.154409696875 0.762276846875 0.158962353125 0.7536725375 0.15520085625 0.7478562953125 0.149003415625 0.743053525 0.1419592890625 0.741287090625
1 0 0.3890625 0 0.8402279171875 0.0090508671875 0.8395285859375001 0.0069827375 0.8276396734375 0.027847923437499998 0.8223138437500002 0.02938166875 0.8129524906250001 0.0300132109375 0.7952432546875 0.035148828124999996 0.788409459375 0.045635209375 0.7894147703125001 0.06719092812500001 0.7931959078124999 0.07094895 0.7835801640625 0.0853009234375 0.7823061843750001 0.10648535156250001 0.7835577218750001 0.11151339843750001 0.769387475 0.099701475 0.7615524515625001 0.0949336765625 0.7554838609375001 0.10737714062499999 0.74560965 0.1123010890625 0.7395349375 0.12426916406249999 0.7352266625 0.1314694390625 0.7248497953124999 0.14889584375 0.7357170749999999 0.164143078125 0.7119270078125 0.15640841875 0.70105360625 0.163289453125 0.684099375 0.168792890625 0.6643631937500001 0.1726029625 0.6506996859375 0.18912369375 0.6377870984375 0.18758300781249998 0.6162844843749999 0.19721923125000002 0.604894146875 0.21681092343750002 0.5886908359375 0.2103462859375 0.5732629328125001 0.1964662328125 0.5535389953125 0.19561608125000002 0.541143346875 0.1875621796875 0.52369258125 0.18146883593750002 0.5107942765625 0.1818887046875 0.493844125 0.17796411875 0.46930721562500005 0.170968571875 0.448061028125 0.16709950625 0.4349083375 0.149936821875 0.41923420624999996 0.14156715 0.410638059375 0.12753094843749999 0.4030574234375 0.122974821875 0.39622975 0.121675403125 0.3890625 0 0.3890625
0 0.8100879890625 0.9434190234375001 0.821428809375 0.9481739015624999 0.8279687609374999 0.9383480625 0.8297119328125 0.9320967843750001 0.8184323484375 0.9225798296875001 0.809336834375 0.9279428703124999 0.8100879890625 0.9434190234375001
0 0.7102740937500001 0.9470535953125001 0.718871559375 0.9434766359375001 0.7298368015625 0.9404934375 0.7236030234374999 0.9265088796875001 0.7084615203125 0.9217564046875001 0.7022318265624999 0.9259271234374999 0.6994925578125001 0.9357505609375 0.702484934375 0.943189359375 0.7102740937500001 0.9470535953125001
0 0.6274387546875 0.8125782812499999 0.6166000687500001 0.8241925999999999 0.6207763296875 0.8319282781249999 0.6321783859375 0.831921075 0.6400900125 0.8262611546875 0.6397144359375 0.8185230781249999 0.6274387546875 0.8125782812499999
0 0.41875 0.826999409375 0.423826571875 0.8341360625 0.429060165625 0.8335374999999999 0.43317110937500003 0.8278799812500001 0.43541232812499997 0.8198426234374999 0.43453870156249996 0.8138906234375 0.422699834375 0.8109218265625 0.41875 0.8130865171874999 0.41875 0.826999409375
0 0.4441322671875 0.8067415062500001 0.44406694843750005 0.793348309375 0.44032749843749996 0.7885886296875 0.431170746875 0.79871375 0.429366340625 0.8097271078125001 0.4384006203125 0.809126146875 0.4441322671875 0.8067415062500001
0 0.43260365624999997 0.7981175890625 0.43522045625 0.7978183078125001 0.44456499687499995 0.79156223125 0.4375841453125 0.78025679375 0.42767623749999994 0.77490575625 0.42406334218749997 0.7787771953125 0.4203279765625 0.79217279375 0.42574936250000006 0.7954432703125 0.43260365624999997 0.7981175890625
1 1 0.3890625 0.429956871875 0.3890625 0.41875 0.4300561171875 0.41875 0.7314814296875 0.43252608906249995 0.7302585671875 0.45184385312500003 0.7427467218749999 0.4671731453125 0.7513682359375 0.4538442171875 0.7719129546875 0.453101228125 0.7927473484374999 0.463943996875 0.79928830625 0.48425786249999997 0.8082043015625 0.497215296875 0.79807678125 0.499207490625 0.7909324625 0.48624597343750003 0.78290470625 0.48524579062499995 0.7683215921875 0.50132215625 0.7742639859375 0.515026665625 0.7614573484375 0.5160227625 0.7578851890625 0.5368346734375 0.7650151046875 0.54226014375 0.786440859375 0.563508871875 0.7965467734375 0.5684281234374999 0.7834480562499999 0.5778992140625 0.78582309375 0.5901136625 0.7965299703125 0.6109255734375 0.8036598859375002 0.623821775 0.7982944453124999 0.6365914203124999 0.7842978875 0.6694299906250001 0.798265640625 0.6886212031250001 0.8021226765625 0.7158505984375 0.8089509109375002 0.73859346875 0.8136985875 0.7621446515625 0.8110050640625002 0.790304825 0.8008679437499999 0.8203959578125 0.7883485828125 0.8532304421875001 0.7841610593749999 0.879835234375 0.7841442562500001 0.903635440625 0.7805576953125 0.9203323250000001 0.7751898546875 0.9402093749999999 0.7811298484375 0.9544160171874999 0.7846924078124999 0.9810208093749999 0.784675603125 1 0.7835101578125 1 0.3890625