0 0.37429358437500004 0.1736351671875 0.3711879234375 0.1775581765625 0.3694311296875 0.186066253125 0.3849199640625 0.1916567390625 0.395360990625 0.1837085984375 0.39867061718749996 0.173239015625 0.3931940296875 0.165482784375 0.38205773125000003 0.1638276421875 0.37429358437500004 0.1736351671875
0 0.20960808125 0.3124846625 0.19599887031250002 0.30242356406250004 0.1816340828125 0.30065396718750004 0.1770775796875 0.30326519687500003 0.1823501984375 0.31756799999999996 0.1911781 0.32947614999999997 0.20987457968749998 0.3278703390625 0.20960808125 0.3124846625
0 0.39579423125 0.257580271875 0.40067752968750003 0.2524599359375 0.398879046875 0.2463465125 0.39062359375 0.2400041828125 0.3775056859375 0.24609293906250002 0.37709775156249997 0.2591860828125 0.39579423125 0.257580271875
0 0.38377953125 0.26017916875 0.3783446296875 0.2670444359375 0.381369146875 0.2737054609375 0.39485553281249997 0.279729096875 0.4058690078125 0.277346775 0.41273391249999997 0.26448253906249997 0.4126110859375 0.26044507499999997 0.4034772359375 0.2583567828125 0.38377953125 0.26017916875
0 0.0818569984375 0.2872860421875 0.0725191796875 0.2917443234375 0.0814490625 0.3003791859375 0.090705740625 0.3065049421875 0.10396731562499999 0.3117643984375 0.1218665390625 0.303828590625 0.11796362187500001 0.301421603125 0.10157554375 0.29277440625 0.0962217828125 0.2890556390625 0.0818569984375 0.2872860421875
0 0.0959575171875 0.3134969953125 0.087722909375 0.314465415625 0.0850668703125 0.31991678125 0.08598695468749999 0.33028424218749997 0.10035173906249999 0.3320538375 0.10343655468749999 0.320820078125 0.0959575171875 0.3134969953125
0 0.11669813281250001 0.326079534375 0.11665644687500001 0.3114580359375 0.10862580468750001 0.3058798828125 0.1004931796875 0.3035750171875 0.0933826203125 0.3083643265625 0.0944046890625 0.3154585 0.10155693125000001 0.3252906921875 0.11669813281250001 0.326079534375
0 0.0253454734375 0.41736697187500005 0.0164155890625 0.4087321078125 0.0177436078125 0.406006425 0.013390485937499998 0.40585210156249996 0.014926076562500001 0.424663871875 0.019502635937500002 0.4373253828125 0.028411676562499998 0.438649496875 0.028594799999999997 0.424792175 0.0253454734375 0.41736697187500005
1 0.5296875 0.5 0.5296875 0.31430245156250003 0.500906465625 0.30718325 0.48108593437499997 0.304968171875 0.445593440625 0.3110199296875 0.43856402499999997 0.305225203125 0.41941792343750006 0.3053026578125 0.41520905781249995 0.312715528125 0.4000678578125 0.31192668437500004 0.3967165453125 0.3077747671875 0.40525710625 0.29698649062500004 0.393752325 0.28321895625 0.3755054671875 0.28635312343749997 0.3749121765625 0.2734765546875 0.35997494375 0.26614113906250003 0.3490842953125 0.2725609234375 0.3418925984375 0.2879342671875 0.32879553281249996 0.30133377499999997 0.3098534 0.2948646578125 0.289400125 0.3049785453125 0.2850081328125 0.3262487375 0.2700917421875 0.326224071875 0.2718485390625 0.3177159953125 0.2575857359375 0.3126731125 0.2389101015625 0.3215896734375 0.2136755109375 0.3335506125 0.19044336875 0.3450784015625 0.188911384375 0.35435065625 0.175221028125 0.35487359375 0.1620219796875 0.3715463859375 0.145756728125 0.366936653125 0.1308403390625 0.3669119875 0.11905045 0.37027506093749996 0.1116942390625 0.3669894421875 0.09526670468750001 0.38354778125 0.079145121875 0.3902862625 0.07027776718749999 0.40358364687500003 0.06463889687499999 0.41699548750000004 0.060001253125 0.43019075156250003 0.04457494375 0.44653251562499996 0.0334594859375 0.4521881234375 0.028657328125 0.44672442500000004 0.0235492203125 0.451080584375 0.0378249328125 0.5 0.5296875 0.5
0 1 0.225910321875 0.99420056875 0.22590073125000001 0.9876416171875 0.22894511093749997 0.981655109375 0.23755530781249998 0.9821255718749999 0.24639441406249998 0.98870536875 0.250660784375 0.9991672390625 0.25002339375 1 0.24984325937500002 1 0.225910321875
0 0.8481981671875 0.1241822109375 0.8508542046875001 0.1187308453125 0.84850411875 0.11436235312500001 0.8420471484375 0.1141334453125 0.8322597078125 0.1170633703125 0.826375184375 0.12240028124999999 0.8222683015625 0.126539865625 0.8209402828125001 0.1292655484375 0.8217375406249999 0.135595546875 0.8241896093750001 0.136690753125 0.83164780625 0.1367030859375 0.8396576046875 0.1349704875 0.8439892999999999 0.13159508125 0.8481981671875 0.1241822109375
0 0.7880413 0.1079336921875 0.7840155578125 0.101489240625 0.78289150625 0.0976683515625 0.7819922640625 0.094611640625 0.779765003125 0.0942806125 0.7770881234375 0.092421228125 0.7688535140624999 0.0933896484375 0.761293334375 0.09665060156250001 0.7594137109375 0.1011212140625 0.759986159375 0.106687034375 0.7622342625 0.1143288125 0.7723693390624999 0.116200528125 0.7801543265625 0.113703753125 0.7880413 0.1079336921875
0 0.5824239421875 0.18004614375 0.5774178187500001 0.18112901718750002 0.56975565625 0.18766325625 0.5653219796875 0.19431195 0.5715749796875 0.20108742968749999 0.5829360921875 0.2035067484375 0.591620321875 0.2040666859375 0.600181725 0.2005891578125 0.601284934375 0.197099296875 0.601938521875 0.19208108125 0.5976879687500001 0.1848724515625 0.5936622265625 0.1784280015625 0.5824239421875 0.18004614375
0 0.9426051093750001 0.2061746859375 0.9421554875 0.2046463296875 0.9366788984374999 0.1968900984375 0.9267686328125 0.195782559375 0.9208841109374999 0.201119471875 0.9163484499999999 0.21104145000000002 0.9181469312499999 0.217154871875 0.9309588890625001 0.2208859734375 0.9402967062500001 0.21642769374999998 0.9426051093750001 0.2061746859375
0 0.3630616984375 0.7839236328125001 0.37217470625 0.7787011749999999 0.3763835734375 0.771288303125 0.376117078125 0.7559026265625001 0.36387756875 0.7577373453125 0.3599954953125 0.7626411078124999 0.35255814375 0.7699395234375 0.3544794515625 0.7800904109375 0.3630616984375 0.7839236328125001
0 0.2876065796875 0.5165758515625 0.2850733671875 0.52606468125 0.28121213906250003 0.5382791921875001 0.27822930625 0.5462396671875 0.2873237015625 0.5735334937500001 0.29878679531249996 0.572679528125 0.2999294578125 0.54398413125 0.3032390859375 0.53351455 0.3146813375 0.5253498343749999 0.3047293875 0.5096207953125 0.2876065796875 0.5165758515625
0 0.259381696875 0.7681487203125 0.2620794203125 0.7773188531249999 0.2639798859375 0.7801589906249999 0.27644420625 0.77908845 0.28345278125 0.7775724265624999 0.2820830765625 0.7656766109375 0.27883375 0.75825140625 0.2683718796875 0.7588887984375 0.2615881140625 0.7611689984375 0.259381696875 0.7681487203125
0 0.2584221578125 0.7829867937499999 0.25811620625 0.7928066515625 0.26504364062499997 0.8018746640625001 0.26927335 0.8017725437500001 0.2832905 0.7987404984375 0.29262831718750004 0.79428221875 0.29183105781249996 0.7879522203125 0.2878053171875 0.7815077703125001 0.27644420625 0.77908845 0.2639798859375 0.7801589906249999 0.2584221578125 0.7829867937499999
0 0 0.9289920015625001 0.004259159375 0.92899904375 0.0187259296875 0.9274953546875 0.02416083125 0.9206300875 0.0222395234375 0.9104791999999999 0.012758034375 0.9035892671875001 0.002296165625 0.9042266578125 0 0.9049140281250001 0 0.9289920015625001
0 0 0.937792828125 0.0056288640625 0.9408948609374999 0.011759040625 0.9436328765625 0.018419979687499997 0.9373152125 0.0206263953125 0.930335490625 0.0149249953125 0.9218150812499999 0.0092444421875 0.9206054218750002 0 0.9226050828125001 0 0.937792828125
0 0.407352325 0.6231611359375 0.3990760296875 0.6095080562499999 0.3899421796875 0.607419765625 0.3745970109375 0.61317749375 0.3699385234375 0.619062009375 0.3699802109375 0.6336835078125 0.3796865078125 0.64133761875 0.39525648593749996 0.6363440687499999 0.41062249531250006 0.637897090625 0.40937561875000006 0.6300387375 0.407352325 0.6231611359375
0 0.5296875 0.75455230625 0.5427999359375 0.7509432203124999 0.5436574890625 0.7393784328125 0.540306178125 0.7352265140625001 0.5296875 0.7350061999999999 0.5296875 0.75455230625
0 0.6928116984375 0.9314495125000001 0.6782221046875 0.9289157375 0.6692110796875 0.9308649093749999 0.6659222953125 0.9486452421875 0.6768546296875 0.9568469546875 0.6967563015625 0.9484779984374999 0.7011899796875001 0.9418293046875 0.6928116984375 0.9314495125000001
0 0.7462301671875 1 0.7468823078125 0.999408546875 0.7459622218749999 0.9890410859374998 0.74606420625 0.9857678 0.7393615812500001 0.9774639656249999 0.7230151890625 0.98343826875 0.7220556499999999 0.9982763421874999 0.7236463921875 1 0.7462301671875 1
0 0.819679925 0.8812481 0.8192511484375 0.8870304953125 0.8214992500000001 0.8946722734375001 0.834086396875 0.897639196875 0.8412989390625001 0.8895766015625 0.8430557343749999 0.8810685250000001 0.8378039578124999 0.8740764703125 0.8266676562499999 0.872421328125 0.819679925 0.8812481
0 0.933105678125 0.8794715890625 0.9474496218749999 0.8739304359375 0.9676780875000001 0.8630523703125 0.9642039484375001 0.8548629890624999 0.9731941328125 0.8456030671875 0.967942353125 0.8386110125 0.9566229281249999 0.8508131921875 0.944608228125 0.8534120875 0.933492771875 0.8590676953124999 0.923726175 0.8693083703125 0.925647484375 0.87945925625 0.933105678125 0.8794715890625