0 0.18868437031250002 0.5726758125 0.1970618421875 0.5688402515625001 0.20526085 0.5569248453125 0.2044393734375 0.5470990015625 0.1871428953125 0.5393750625 0.16072445468750002 0.54738975 0.16513627656250002 0.5555717828125 0.1631057734375 0.5639828625 0.1755258890625 0.5698586234375 0.18868437031250002 0.5726758125
0 0.14897535312500002 0.6357448390625 0.16002021718749998 0.6340886890624999 0.17134503125 0.626863325 0.17622751718750002 0.6198670093749999 0.1708035015625 0.61146826875 0.145040315625 0.603539965625 0.153042484375 0.6100781859375 0.1465048 0.6151118015625 0.141896140625 0.6253833984375 0.14897535312500002 0.6357448390625
0 0.07963546406250001 0.5613912640625001 0.07338385 0.5520111734375 0.062523578125 0.55290268125 0.0556167078125 0.5594655828125 0.060671540625 0.5693936109375 0.07281783124999999 0.571994090625 0.0808261234375 0.5696878187500001 0.07963546406250001 0.5613912640625001
1 0.46875 0 0.06525204531249999 0 0.0648383375 0.0009375968749999999 0.043843909375000004 0.017351023437499998 0.0209204578125 0.02852646875 0.0019442890625 0.0542178015625 0 0.0622717453125 0 0.3055048671875 0.0028742765625 0.306120240625 0.019152440625 0.322471965625 0.0152821453125 0.32968498749999997 0 0.33260723125 0 0.3495738453125 0.0290713890625 0.35193715625 0.04766000625 0.3543085890625 0.06119379375 0.34675199375 0.0680822921875 0.366722571875 0.0860279 0.36734801093749997 0.089612125 0.3745486921875 0.1026752484375 0.38217044843750003 0.099537196875 0.395169390625 0.1269555828125 0.4050603953125 0.1481162328125 0.4144158046875 0.152611165625 0.4354822546875 0.1727596265625 0.44462095625 0.1776298671875 0.45531362656249996 0.1676803046875 0.470070903125 0.1791774625 0.4797698828125 0.1916868125 0.48968556875 0.20706038906250002 0.4833270328125 0.227393440625 0.491701090625 0.2488401609375 0.48664279375 0.2725850890625 0.4852931921875 0.266779646875 0.49611272656249994 0.283159290625 0.498815390625 0.3064396796875 0.5037996453125 0.30440917500000003 0.5122107234375 0.3120421625 0.5202782328125 0.35151760468750004 0.52872979375 0.359621253125 0.5216189546875001 0.368730971875 0.5235693140625 0.365688275 0.5317636875 0.3679803609375 0.544316875 0.3851876046875 0.5480008890625 0.40001352968750004 0.535091790625 0.41805449687499996 0.5309126609375 0.4203465796875 0.54346585 0.4329451625 0.5574214609375 0.4267705390625 0.5697702812500001 0.43283756249999994 0.5799150140625 0.448478840625 0.5856762515625 0.46875 0.5725392703125001 0.46875 0
0 0.2760494640625 0.532676415625 0.2750311515625 0.5413042031249999 0.2900232984375 0.5541639390624999 0.3053015203125 0.552609971875 0.31083313437500004 0.53851515625 0.3117560921875 0.5346919390625 0.3082611015625 0.5315311796875 0.289857075 0.528395103125 0.2760494640625 0.532676415625
0 0.5677680765625001 0.5287439296875001 0.5756871343750001 0.5223977343749999 0.5753240765625 0.515082528125 0.57164449375 0.5126864140625 0.5587598390624999 0.5131445078125 0.5536927609375 0.52090546875 0.550554709375 0.5339044078125 0.5515669 0.534121115625 0.5561694390625 0.5326940109375 0.5677680765625001 0.5287439296875001
0 0.541267165625 0.71875 0.55844666875 0.6996435062499999 0.58224058125 0.6275379609375 0.57681044375 0.6279837140625 0.53976881875 0.6932321499999999 0.5312006281249999 0.7066768453125001 0.52171560625 0.7151002640625 0.5179928312500001 0.71875 0.541267165625 0.71875
0 0.6757155578124999 0.535771846875 0.6671596140625 0.53152755625 0.6520659875 0.53231688125 0.6455283015625 0.5373504953125 0.6448791703125 0.54444899375 0.653333634375 0.5623423468750001 0.6663136453125 0.557079684375 0.675614078125 0.5494209078125001 0.6785675390625 0.537186609375 0.6757155578124999 0.535771846875
0 0.975729959375 0.5453207812499999 0.97765093125 0.5308233953125 0.9582611359375001 0.5206725 0.9492345312499999 0.5316065578125 0.9500560078125 0.5414323999999999 0.964131321875 0.5492708625 0.975729959375 0.5453207812499999
0 0.96020240625 0.5082214953124999 0.9525571734374999 0.5178429734375001 0.9601901609375 0.5259104812500001 0.973074815625 0.5254523875 0.9794340328125 0.512338921875 0.9769512328125 0.5093948703125 0.96885370625 0.5076612171875 0.96020240625 0.5082214953124999
1 1 0 0.507433025 0 0.5001157015625 0.0108531171875 0.49108909531249995 0.021787175 0.473875728125 0.0269476546875 0.4894986375 0.0592423703125 0.4844254390625 0.07584782343749999 0.4824719234375 0.10598781406249999 0.46875 0.127694121875 0.46875 0.1372311984375 0.48899123906249997 0.12748767968750002 0.490265009375 0.148668653125 0.48234595156250004 0.1550148484375 0.47396235468750003 0.1676949 0.46962751875000003 0.181241778125 0.473300978125 0.1924823859375 0.46875 0.202068759375 0.46875 0.24304674999999998 0.47887896874999997 0.244338946875 0.4979137578125 0.26691000468750004 0.5061897531249999 0.27672350625000003 0.5395028156249999 0.279834903125 0.5405027609374999 0.297740596875 0.5268797390625 0.30125726406250003 0.5203359328125 0.31513537343750003 0.5394722015625 0.3240573703125 0.555214959375 0.3161695453125 0.57104083125 0.32116613906249997 0.569284153125 0.3328525 0.5909093421875 0.3358740546875 0.6038709859375 0.35714487031250003 0.5954935109375 0.36098042812500003 0.5876636875 0.37136654999999996 0.6128731000000001 0.3815887859375 0.637338025 0.40371408750000004 0.66024923125 0.4102276296875 0.6611599421875 0.42409339843750005 0.68628624375 0.4214312140625 0.702385940625 0.429703090625 0.69703279375 0.4518777546875 0.7050349625 0.458415978125 0.7023553265625 0.47392555625000005 0.711458921875 0.4847204109375 0.7336440078124999 0.4766035390625 0.742295309375 0.4760432609375 0.7646649859375 0.4671617484375 0.7774481609375 0.48035271562500004 0.8029375234374999 0.48500573906250005 0.81840645625 0.47384263281249994 0.8305466234375001 0.48528760625 0.83182651875 0.49762408750000003 0.8567682281250001 0.49572655 0.8624660671875001 0.5074005703125 0.894213165625 0.5125891890625 0.914272390625 0.51768796875 0.92551409375 0.49757818593750003 0.9404231281250001 0.4975535046875 0.9526586546875 0.5041939109375 0.9899312453124999 0.504132209375 1 0.506911990625 1 0
0 0 0.8555874750000001 0.0007515250000000001 0.8548733765625001 0.01382689375 0.844806146875 0.0063784984375000004 0.83597399375 0.00031147499999999997 0.825829259375 0 0.8259718656249999 0 0.8555874750000001
0 0.07142902031250001 0.725255675 0.061122521875 0.7238532515625 0.0548586625 0.732162146875 0.058627478125 0.7385981875 0.0725182015625 0.7472012921875 0.0877010640625 0.75045189375 0.0900053921875 0.74531609375 0.08099715468749999 0.729716671875 0.07142902031250001 0.725255675
0 0.2659664953125 0.7484097281250001 0.24949149375 0.750511634375 0.2447936 0.7567433078125 0.2429476859375 0.7643897421875 0.24184013750000002 0.768977603125 0.255641628125 0.7735407859375 0.26328073750000003 0.7727638015625 0.268067865625 0.7705720546875 0.2732241765625 0.7668510171875 0.274790140625 0.76477379375 0.27690988125 0.7604026390625 0.2774636546875 0.758108709375 0.2753500390625 0.753635371875 0.2659664953125 0.7484097281250001
0 0.1934063484375 0.9387408265625 0.1467318453125 0.9601103671875 0.1642190375 0.95822516875 0.18465356718749998 0.952950165625 0.2047189171875 0.9492044500000001 0.213001034375 0.9501734593750001 0.2212000421875 0.9382580515625 0.2292975671875 0.9399917062500001 0.2442958375 0.94400695 0.2504643390625 0.9405026218750001 0.257740390625 0.9324104312499999 0.26804688906249996 0.9338128546875 0.2689698453125 0.9299896359375 0.2683268390625 0.9282436421875 0.26216445781250003 0.9229034781250001 0.250756534375 0.9172444234375 0.2329001578125 0.9206589078124999 0.218169590625 0.9287634390624999 0.208047684375 0.9265963718750001 0.1934063484375 0.9387408265625
1 0.46875 1 0.46875 0.71875 0.3545255953125 0.71875 0.3419114203125 0.720440265625 0.33813036093750004 0.7316932125 0.3236797390625 0.7342285296875 0.3206370453125 0.7424229046875 0.310044475 0.7554341859375 0.299922565625 0.7532671203125 0.28325685 0.764978159375 0.276719165625 0.7700117765625001 0.2606964578125 0.7834688109375 0.2477103234375 0.7975759671875 0.2604103875 0.797882515625 0.27706997968749997 0.7950159671875 0.295110946875 0.7908368390625 0.2960277796875 0.7958581140625001 0.29362809375 0.8057984812499999 0.28717964218750003 0.8148720218750001 0.2952649234375 0.8342946609374999 0.293419009375 0.8419410968750001 0.282088075 0.8580109531250001 0.2637732828125 0.8589148015625 0.2542051484375 0.8544538046875001 0.2370871390625 0.854809715625 0.22824512343749997 0.8649791296875 0.2438864046875 0.8707403671874999 0.26578541875 0.8770372015625 0.273602996875 0.8843400671874999 0.26687459687500004 0.8989828187500001 0.2730247328125 0.9220119703125 0.2775257890625 0.9342339265625 0.279817875 0.9467871156250001 0.2741077890625 0.95280208125 0.2752984484375 0.9610986374999999 0.2681177546875 0.9643862578124999 0.2544947359375 0.9679029265625001 0.2518151 0.98341250625 0.26662265625 0.9970368859375001 0.281537815625 0.9881677124999999 0.294133709375 1 0.46875 1
0 0.79765288125 0.740807109375 0.7956346218749999 0.731529203125 0.7803625265624999 0.7242386765625 0.768299346875 0.734522615625 0.7727111703125 0.7427046484375001 0.77464019375 0.7479426296875 0.7840237359375 0.7531682703125 0.7926750375 0.75260799375 0.79765288125 0.740807109375
0 0.6141795453125 0.9540335750000001 0.593941853125 0.9408549468749999 0.5667814921875001 0.9494432484375 0.567981828125 0.9513802734375 0.5692617234374999 0.963716753125 0.5701785562499999 0.9687380296875 0.574316553125 0.9736447796875 0.592351396875 0.9783101437500001 0.6071712 0.9742455375000001 0.6141795453125 0.9540335750000001