0 0.2697755796875 0.169620728125 0.27000809062500003 0.1657799125 0.2631227578125 0.1585561625 0.250078128125 0.15630769375 0.23965382656249998 0.1639975125 0.241327009375 0.175066171875 0.25224483593749997 0.183416203125 0.26670163125 0.17685266718749998 0.2697755796875 0.169620728125
0 0.35538230625 0.1731650640625 0.33689301718750003 0.178602321875 0.3463929765625 0.19102006093749999 0.3589611828125 0.19146156875 0.3641676328125 0.18287236406250001 0.35538230625 0.1731650640625
0 0.163218859375 0.29441565000000003 0.1677163765625 0.287860303125 0.1660488953125 0.2815359375 0.16343426875 0.2763419484375 0.155369278125 0.2740893875 0.14872785625 0.27251341406249996 0.1425685609375 0.27748869531250003 0.1399710390625 0.28652759375 0.1406913734375 0.29398233125 0.15136529062499998 0.296684584375 0.163218859375 0.29441565000000003
1 0 0.5390625 0.4390625 0.5390625 0.4390625 0.341502390625 0.40932394062500005 0.337137978125 0.360537028125 0.32872870781249997 0.3437941953125 0.317412628125 0.32724414999999996 0.2987992046875 0.289154746875 0.30286316874999997 0.271018784375 0.3063346390625 0.2750344609375 0.293465246875 0.274605271875 0.2717660703125 0.26389806875 0.2512275328125 0.24958499218750002 0.249126953125 0.24236355937499998 0.2779375734375 0.226686428125 0.314820453125 0.20593276249999998 0.32040641875000003 0.1849572328125 0.30909381874999997 0.1460579140625 0.31008595 0.115026234375 0.31683255 0.112596475 0.30761705 0.0960609671875 0.3011015796875 0.0745070734375 0.311681015625 0.05255306875 0.324757184375 0.0454808078125 0.30997659375 0.016440007812499997 0.29617421718750003 0 0.30637629375 0 0.5390625
0 0.9736284765625001 0.1026541375 0.9877342265625 0.09995410625 0.9935673765625002 0.0899636875 0.9911424640625001 0.0847808375 0.9790469765625 0.0830625 0.96736129375 0.0869127296875 0.9669708703125 0.09747476875 0.9736284765625001 0.1026541375
0 0.9384367906249999 0.1698939921875 0.94447241875 0.1606715328125 0.9376123328125001 0.154724203125 0.9357948593749998 0.1518452296875 0.9243068109374999 0.152430765625 0.9110109812499999 0.15820263125 0.9180783937499999 0.1689505703125 0.9384367906249999 0.1698939921875
0 0.7257024624999999 0.093640434375 0.7355900546875 0.1030418375 0.7480856578124999 0.102263440625 0.7519085453125001 0.0966913921875 0.7468610874999999 0.08959038750000001 0.744841134375 0.085943453125 0.7351657125 0.0853753140625 0.7321430515625 0.08595389375 0.7257024624999999 0.093640434375
0 0.8085630984375 0.11085513281249999 0.7996927515625 0.10932617656250002 0.791632321875 0.11086905 0.7934594875000001 0.12181332812500001 0.79023919375 0.1256565984375 0.8005269 0.1325612671875 0.8124150625000001 0.1294789953125 0.8178432546875 0.11795266093750001 0.8119907203124999 0.11181247187500001 0.8085630984375 0.11085513281249999
0 0.57991039375 0.038455284374999996 0.574684684375 0.050749579687500004 0.5754946046875 0.0538214125 0.582957284375 0.058039965625 0.595853 0.054764834375 0.602086265625 0.0422776828125 0.600871384375 0.03766993125 0.5837332828124999 0.0328832390625 0.57991039375 0.038455284374999996
0 0.6264409546875 0.0142211046875 0.614562484375 0.025368678125 0.6079242609375 0.0363199140625 0.6020911109375 0.0463103328125 0.5972655140625001 0.056107892187499994 0.610166075 0.056865412500000004 0.618414446875 0.043992540625 0.621832375 0.0368845765625 0.6373264109375001 0.01536434375 0.6264409546875 0.0142211046875
1 1 0.39243668593750003 0.9989540421874998 0.37935030625 0.9765805375 0.3787926046875 0.9822063625 0.36400157499999997 0.9876345546875 0.35247524218750004 0.9700866453125 0.34211997968749996 0.963814615625 0.32234591875 0.9736731328125 0.3075514125 0.9625755078125 0.2975749109375 0.9440200453125 0.287412509375 0.9387555687500001 0.267445590625 0.9431713593750001 0.2520794625 0.9308491609375 0.2294299078125 0.9267995640625 0.2140707390625 0.94372065 0.20599151875000002 0.9574117484375 0.1936902671875 0.9684948359375 0.1915688125 0.984374446875 0.15545389062499998 0.9571947312500001 0.1808243515625 0.931610625 0.192175225 0.9183341765625 0.214077696875 0.8951555984375 0.2144808125 0.9046091578125001 0.1981503875 0.8778150171875 0.2089261609375 0.8741703796875001 0.19510290937500002 0.8644852671875001 0.186469465625 0.8574178546875 0.1757215265625 0.8749366875 0.16188087812500002 0.856786184375 0.15325439375 0.845495771875 0.1505752375 0.821516965625 0.155971821875 0.8104484124999999 0.1701912296875 0.80117310625 0.16712635625 0.787853046875 0.15273496250000002 0.7721177671875 0.1412260234375 0.7795465265624999 0.11721601562499999 0.7877803609375 0.0922451890625 0.7895542203125 0.0588302984375 0.7840824171875 0.03406276875 0.7661731625 0.058465456250000006 0.767002465625 0.0776678953125 0.76057156875 0.093419740625 0.7422573531250001 0.1162865109375 0.69910595625 0.101151515625 0.6638318890624999 0.0998362921875 0.648111146875 0.1004253078125 0.6283601890625 0.1017857625 0.6180918656250001 0.1110117 0.5997485765625 0.10968256093749999 0.6053792453125 0.098924184375 0.6045450984375 0.0756890921875 0.5860041734375 0.07762464531249999 0.5817908640625 0.09375873125 0.565250509375 0.0832106109375 0.567058290625 0.07802428125000001 0.5642187265625 0.0632402125 0.5476977562500001 0.068822696875 0.5229187234375 0.07921275156249999 0.5078054187500001 0.08210564375 0.4967320234375 0.0922924 0.48909593593749995 0.11150179843750001 0.46873753906250004 0.1105583765625 0.46146764687499997 0.09904247968749999 0.443939121875 0.104817825 0.4390625 0.1087570046875 0.4390625 0.5390625 0.9496235921875 0.5390625 0.9568063953125 0.528593209375 0.9622345859374999 0.517066875 0.9716833000000001 0.49670379843749995 0.9726666234374999 0.47634767968749997 0.9702271734375 0.4590668765625 0.9829058734375 0.4429258328125 1 0.4359103375 1 0.41281746718749995 0.9883098328125002 0.4112362390625 1 0.40295616093750003 1 0.39243668593750003
0 0.792802159375 0 0.7879473765625 0.0083147734375 0.79198728125 0.015608639062499999 0.8008527828125 0.0131049453125 0.816563834375 0.0044506265625 0.8111568218749999 0 0.792802159375 0
0 0.43268520781250003 0.9015038375 0.4298504890625 0.8907524171875 0.4171427171875 0.882697553125 0.4114975078125 0.8813579734375001 0.39578645625000003 0.8900122937500001 0.393978675 0.8951986234374999 0.396205953125 0.9036461656250001 0.40427607343750005 0.9101685937500001 0.415364009375 0.9120797921874999 0.42443199062500003 0.9103440578124999 0.4298698734375 0.9068830234374999 0.43268520781250003 0.9015038375
0 0.310269353125 0.842650878125 0.3036214359375 0.8455368109375 0.30342864999999997 0.8528341562499999 0.3104960609375 0.8635820953125 0.3175537828125 0.8662647296875001 0.323999215625 0.8626108390624999 0.3328598734375 0.8560744937500001 0.3312351890625 0.845898175 0.322562475 0.8411045234374999 0.3163146734375 0.8414937218749999 0.310269353125 0.842650878125
0 0.20445095625 0.6741344515625001 0.20181871875000001 0.664150990625 0.192745890625 0.661854075 0.1861028203125 0.668772659375 0.18591003281250001 0.6760700046875 0.1891400203125 0.6802920359375 0.1978078875 0.6810530359375 0.20445095625 0.6741344515625001
0 0.125533309375 0.5835605859374999 0.11424774062500001 0.58491408125 0.10982225625 0.5922149046875 0.11205438281249999 0.6046951 0.11448414062500001 0.6139106 0.11569902031249998 0.6185183515625 0.12899485 0.6127464859375 0.13200781875 0.6041026046875 0.133608275 0.594115665625 0.131583475 0.58643608125 0.125533309375 0.5835605859374999
0 0.095398771875 0.66596675 0.1014392484375 0.6607769421875 0.089931815625 0.645231871875 0.0792246125 0.6246933328125001 0.0766069109375 0.626807828125 0.0729913484375 0.637180484375 0.0685852484375 0.6606119171875 0.07605762187500001 0.672895771875 0.095398771875 0.66596675
0 0.0680262671875 0.69863455625 0.0754937953125 0.7068857609375 0.0869818421875 0.706300225 0.09826256562499999 0.7009140765625 0.1000655015625 0.691695096875 0.09320056875 0.6817151156250001 0.0806952734375 0.6744282109374999 0.064169459375 0.6759780421875 0.06297880781250001 0.6915335515625001 0.0680262671875 0.69863455625
1 0.4390625 0.9537913124999999 0.43595880625000005 0.9420197328125 0.418618225 0.9364650812499999 0.3998845125 0.945697978125 0.3964472015625 0.9366753375 0.40067505 0.9326392046875001 0.411353178125 0.9289818359375 0.4069083125 0.920152053125 0.394812825 0.9184337156249999 0.38996299843750004 0.9080680156250001 0.37664778593750003 0.8977092750000001 0.3752304265625 0.892333565625 0.3661430609375 0.8779386953125 0.3584924390625 0.8850501390625001 0.3486145375 0.8837140390625 0.32845377343750004 0.8795059249999999 0.32420654375 0.86741145 0.31130598125 0.866653928125 0.300410834375 0.8574453859375 0.2893277453125 0.8595668390625001 0.273814328125 0.864956465625 0.2748121890625 0.8566983031250001 0.268554696875 0.8490221984375002 0.2488134328125 0.8584479546875 0.23348311093750002 0.8484749328125 0.22097297187499998 0.8371553734375 0.2024223546875 0.831025625 0.184069375 0.8216311812499999 0.1616958703125 0.821073478125 0.14577264843749999 0.8208945359375001 0.1443552890625 0.8155188265625 0.11814920468750001 0.81246786875 0.1159219265625 0.8040203265624999 0.105021934375 0.7907791312500001 0.09513918593750001 0.7854103796875 0.0812213796875 0.7767804171874999 0.064097815625 0.784091678125 0.058062184375000006 0.7933141390625 0.0449639890625 0.7958213109375001 0.0359056984375 0.8056223499999999 0.02078755 0.8044825890624999 0.01614505 0.7989175 0.012307624999999999 0.7923915921875 0 0.7931582796875001 0 1 0.4390625 1 0.4390625 0.98908681875 0.437829584375 0.9892578750000001 0.43157693750000004 0.9856144203125 0.4297546171875 0.9787027953125002 0.435597459375 0.9767776796875001 0.4390625 0.971619515625 0.4390625 0.9537913124999999
0 0.9939528921874998 0.792754171875 0.9735579093750001 0.7909635828124999 0.9664571687500001 0.8018135359375 0.9707392765625 0.8133318890625001 0.9849692624999999 0.8153534656250001 0.9953935640625 0.8076636468749999 0.9956260765625 0.80382283125 0.9939528921874998 0.792754171875
0 0.6623240890625001 0.687296640625 0.673247615625 0.7003909703125 0.6884133484375 0.691793578125 0.6919580171874999 0.6816243046875 0.682231246875 0.6777916765625001 0.672271965625 0.6777998609375 0.6606623062500001 0.6857165734375 0.6623240890625001 0.687296640625
0 0.5615516312500001 0.6923496953124999 0.5684312640625 0.6948291515625 0.5836083953125 0.6957203515625 0.59165628125 0.683740025 0.5833473796875 0.6758396875 0.5712498953124999 0.6724608453125 0.5634288187500001 0.6758560593749999 0.55774594375 0.682638303125 0.5615516312500001 0.6923496953124999
0 0.49740675 0.789095790625 0.492653921875 0.7805147734375 0.48150928281249994 0.7807498515625 0.47511177499999996 0.784821653125 0.47085247187499996 0.7922804859375 0.476552446875 0.7997311296875 0.4903060109375 0.79994574375 0.4964653078125 0.794970459375 0.49740675 0.789095790625
1 0.4390625 1 0.9651682656249999 1 0.9624145000000001 0.9895556156249998 0.9559998890625 0.9793945296875 0.95123565625 0.9613249187499999 0.9303642499999999 0.957727371875 0.91470499375 0.9502849125000001 0.91113181875 0.9367327046874999 0.9134854296875 0.9220460312500001 0.9061293750000001 0.9177596156250001 0.9220040390625 0.9071283671874999 0.9236430171875 0.889731253125 0.8838001953125 0.8850197015625 0.8705116531249999 0.8771234578125 0.865509209375 0.8581503671874999 0.85459138125 0.8498003359374999 0.8247078390624999 0.8450805984375 0.796968203125 0.8484921890624999 0.776590321875 0.8609344859375 0.758322140625 0.8530423359375 0.7161029046875 0.8440402765625 0.6776722484375 0.830516721875 0.6314262203125 0.8251326796875 0.6145759046875 0.8131728171875 0.58896876875 0.8152271390625 0.572833090625 0.8059777203125 0.5571966390625 0.8175124468749999 0.5353780859375 0.815045271875 0.5045588015625 0.8209445015625001 0.48748737656249996 0.822314046875 0.47870205156249995 0.8126067499999999 0.455227421875 0.8133038046875001 0.44789416875 0.8279945718749999 0.4390625 0.828479946875 0.4390625 1