0 0.045879610937499996 0.297426728125 0.055991303125 0.2947239421875 0.05517331875 0.2814052359375 0.051909768749999995 0.2730914984375 0.051035946875 0.2518909265625 0.030100660937500003 0.229767446875 0.016834296874999998 0.224933190625 0.023361395312499998 0.24156065937500001 0.025321204687499998 0.2555411203125 0.013417215625000001 0.2679090328125 0.0185847359375 0.282321365625 0.030164885937500004 0.2826104109375 0.0366361484375 0.29135601875 0.045879610937499996 0.297426728125
0 0.3264134875 0.3080173703125 0.3382672296875 0.3177416625 0.34055087500000003 0.3190651671875 0.35234878125 0.3209075953125 0.36224271875 0.3166514265625 0.3636553375 0.3117613921875 0.360282909375 0.3026709640625 0.358105346875 0.28713711875 0.3466340765625 0.28762476718749996 0.3358691140625 0.2856673984375 0.327008121875 0.28980862812499997 0.32478031406249996 0.2963669859375 0.3264134875 0.3080173703125
1 0 0.459375 0.45 0.459375 0.45 0.3664060890625 0.435969865625 0.348676690625 0.41911611249999997 0.3481856546875 0.39100884687500004 0.34973565156249997 0.378775428125 0.344786453125 0.36431420000000003 0.3463956140625 0.33799922968749996 0.3382804828125 0.334194084375 0.34107031875 0.3078791125 0.33295518749999997 0.2942330734375 0.3328960234375 0.278791940625 0.327514953125 0.24399565625 0.3187659578125 0.230131859375 0.31715340937500003 0.21985824843750001 0.326184671875 0.2006119703125 0.32359343906250004 0.192351209375 0.33949999218750004 0.1774014265625 0.3451075546875 0.1563070171875 0.3442995859375 0.1367369015625 0.354365309375 0.12238175625 0.3417641296875 0.112323103125 0.33736174375 0.0986742703125 0.3223155453125 0.0766027515625 0.3295043796875 0.0731270375 0.349611328125 0.059427956250000004 0.356657334375 0.036429576562499996 0.3497507671875 0.0218064296875 0.3576884046875 0.016100109374999998 0.369366678125 0.0279008109375 0.38619614062499996 0.032468103124999995 0.38884314999999997 0.0334480078125 0.3958333796875 0.0184423890625 0.39355907968750004 0 0.4022894375 0 0.459375
0 0.49292916875000004 0.220212746875 0.48711117656249997 0.21612729375 0.4731943390625 0.221619915625 0.47254386562499995 0.2319467953125 0.4799391953125 0.23980077031249997 0.48852938906250004 0.241211325 0.49646631250000006 0.23796172968749998 0.4974434203125 0.22996492656249998 0.49292916875000004 0.220212746875
1 0.7505154734375 0 0.7495544921875 0.007864815625 0.734713590625 0.0142490703125 0.7088341312499999 0.0092407078125 0.689699528125 0.0224132 0.7009027984375 0.0424643703125 0.7019915812499999 0.0502312953125 0.6941635359375 0.054257584375 0.649096434375 0.0695268859375 0.6465978265625 0.0816370296875 0.6195235046875001 0.0830720859375 0.60946765 0.0936567328125 0.6250762921875 0.12268339218749999 0.6071923921875 0.1372943296875 0.5891940203125 0.12115450781249999 0.574353115625 0.1275387609375 0.582022040625 0.144827984375 0.5564161750000001 0.14925486875 0.5652297171875 0.182192878125 0.55142175625 0.1884621921875 0.5273904328125 0.181670565625 0.5279376203125 0.20054106093750002 0.5165780234375 0.2167924328125 0.5177226421875 0.23244121875 0.5331637734375 0.237822290625 0.5199560421875 0.255856928125 0.48858522656250003 0.24909318906250003 0.48287890625 0.2607714625 0.4823373109375 0.27187503281250003 0.5146321953124999 0.27774713906250004 0.5194730812499999 0.2898293953125 0.4929403546875 0.28016088125 0.4853859 0.29362241718750004 0.4987081015625 0.3063385390625 0.4984401 0.326877359375 0.49420223906249994 0.341547459375 0.49627092343749996 0.3563046125 0.49116483281249995 0.379748209375 0.49562604375 0.396605559375 0.488780696875 0.4226091140625 0.4930771921875 0.4308079078125 0.5022117765624999 0.436101925 0.5063463515625 0.45062919843750004 0.51700733125 0.459375 1 0.459375 1 0 0.86489735625 0 0.8658445453125001 0.006756854687499999 0.8357244296874999 0.0014315625000000001 0.8295300671875001 0 0.8136604999999999 0 0.80783491875 0.0045349421875 0.7883708859375 0.000390325 0.7880448250000001 0 0.7505154734375 0
0 0.531189984375 0.1489066609375 0.529397690625 0.1585717890625 0.5391855421875 0.1685259609375 0.5599533187500001 0.167003853125 0.5536970171875 0.1448245953125 0.5375495734375 0.1418885421875 0.5314607828125 0.143354875 0.531189984375 0.1489066609375
0 0 0.8168269609374998 0.0104719125 0.8277010296875 0.011451815625 0.8346912609375 0.02080415625 0.8415386625 0.033796928125 0.8369376734374999 0.037981746875 0.8293727437499999 0.0509214765625 0.8318769249999999 0.0501593296875 0.826440078125 0.0466780234375 0.8165729578124999 0.033193903125 0.8101853171875 0.0128616421875 0.81481419375 0 0.8091445078125 0 0.8168269609374998
0 0.038944875000000004 0.7464407718749999 0.031063787500000002 0.7575722328125 0.049494878125 0.7618317906250001 0.059824325 0.760682390625 0.062431809375 0.7493489375 0.053297225000000004 0.7440549203125 0.0459577328125 0.7440828078124999 0.038944875000000004 0.7464407718749999
0 0.285025790625 0.548675890625 0.2689872265625 0.5465165296875 0.263442828125 0.5518663234375 0.2654556765625 0.5587416140625 0.27230661562499997 0.562712128125 0.284593075 0.56055615625 0.28752719375 0.5515527796875 0.285025790625 0.548675890625
0 0.3590600015625 0.47812199843750003 0.356723315625 0.4839036640625 0.357376584375 0.48856381718749997 0.35928055312499996 0.494662415625 0.372764675 0.5010500578125 0.38825884843749997 0.49932595781250005 0.3894537125 0.49288253906249996 0.3859724046875 0.4830154203125 0.371237584375 0.4751893328125 0.3590600015625 0.47812199843750003
0 0.3925665265625 0.5674728859375 0.401971909375 0.56721511875 0.4093644421875 0.560082059375 0.4087642140625 0.5483167359375 0.4032170171875 0.538679496875 0.38864691093750003 0.5395119640625 0.3742945609375 0.5418978171875 0.373208575 0.549117928125 0.37386184375 0.55377808125 0.3748417484375 0.5607683125 0.3838674546875 0.5652856374999999 0.3925665265625 0.5674728859375
1 0.45 1 0.45 0.6255393109374999 0.44384527812499996 0.6264491125 0.41481394375 0.6288907406249999 0.391165090625 0.632311053125 0.36697464375 0.6468349390625 0.368825571875 0.6600387078125 0.354584896875 0.6781882875 0.3456150265625 0.6815528234375 0.3316451484375 0.6941506171875 0.30761661875 0.7023460234375 0.306368715625 0.7158946109375 0.287504909375 0.72351531875 0.26978292812500004 0.7317977765625 0.25918268125 0.7384989640625 0.23732892031250002 0.7472411828125 0.22835905156249997 0.7506057203125 0.21525460624999998 0.739442984375 0.1995985140625 0.7474955624999999 0.1961758421875 0.760497340625 0.2052015484375 0.7650146640625 0.21026019062499998 0.77865030625 0.20053096875 0.79156503125 0.18531039062500002 0.802724378125 0.1628564015625 0.7997012734375 0.134151703125 0.8044729796875 0.128989775 0.8200347125 0.133668740625 0.838445446875 0.158241659375 0.8341335015624999 0.139922246875 0.8456376703125 0.1483505203125 0.8533767046874999 0.15487762031250002 0.870004175 0.145201440625 0.8758137296874999 0.1355810984375 0.8895051468750002 0.1441740890625 0.9059027374999999 0.1502098375 0.9115415734375001 0.14406800625 0.9201130765624999 0.12694345468749998 0.9251738265625 0.1146039546875 0.9344349703125001 0.1319490578125 0.9459146390625002 0.1386911171875 0.9491084593749999 0.14173691093750002 0.9558688109375 0.143370084375 0.96751919375 0.14880840312500002 0.9763797421875001 0.15261634375 0.9885769390625001 0.1551735828125 0.9993356906249999 0.1554079640625 1 0.45 1
1 1 1 1 0.459375 0.6562756390625 0.459375 0.6591361484375 0.4658896203125 0.64480958125 0.4693398125 0.6260687734375 0.46771314531249997 0.61679361875 0.46317717500000005 0.5895462078125 0.462497071875 0.5819986484374999 0.461480903125 0.58545713125 0.4861523046875 0.5790624 0.4933599359375 0.5802152281249999 0.5015837359375 0.5792561828125 0.503546471875 0.5500282796875 0.5151508609375 0.5196508390625001 0.536163253125 0.4864586625 0.554704828125 0.47206969374999996 0.5665140453124999 0.45281651875 0.5612323546875 0.45 0.5627442671875 0.45 0.9163247796875 0.45499418281250004 0.920129503125 0.4629293078125 0.94151874375 0.48128912812499997 0.9580359484375001 0.49843372031250005 0.974688378125 0.5265810625 0.9993965765624999 0.528752925 1 1 1