0 0.2026675421875 0.34673538593750003 0.20688982500000003 0.35611181406250003 0.22982594843749998 0.3584559203125 0.24228365937500002 0.35064223125 0.22970774375 0.3381403265625 0.2120131 0.341265803125 0.2026675421875 0.34673538593750003
0 0.25 0.1523001671875 0.2494370609375 0.1474862890625 0.245232965625 0.1412353375 0.245264790625 0.146704921875 0.2265600390625 0.1552999796875 0.22246505625 0.16780188437500002 0.21730995625 0.1771783109375 0.23291164531250003 0.172490096875 0.24953708125000001 0.16467640781249998 0.25 0.16104647968750002 0.25 0.1523001671875
0 0.05903561875 0.3733019328125 0.0715478859375 0.3748646703125 0.0808843484375 0.3678323484375 0.077704 0.3584559203125 0.07248070625 0.35611181406250003 0.055827992187499995 0.359237290625 0.05903561875 0.3733019328125
0 0.9817228421875 0.2553325875 0.98046495 0.249817040625 0.9780026484375 0.2479785265625 0.96206723125 0.2479785265625 0.955997059375 0.2580903609375 0.9560345 0.26452516406250004 0.96463115625 0.2672829375 0.9780882265624999 0.262686646875 0.9817228421875 0.2553325875
0 0.6018323609375 0.0632077375 0.595756840625 0.0724003125 0.5958049781250001 0.08067363281249999 0.6093048390625 0.08343140624999999 0.6227512125000001 0.076996603125 0.6128431796875 0.059530706249999996 0.6018323609375 0.0632077375
0 0.589654578125 0.076996603125 0.600611909375 0.0641269953125 0.6102311171875 0.031952978124999996 0.60402188125 0.0181641109375 0.5773056359375 0.061369221875000005 0.589654578125 0.076996603125
0 0.5824227859375 0.098139528125 0.573842178125 0.0981395296875 0.5653417968750001 0.11192839375000001 0.5629597265624999 0.12387874218749999 0.5752872703125 0.1358290921875 0.58372881875 0.11192839218749999 0.5824227859375 0.098139528125
0 0.28478305000000004 0.13766760625000002 0.27996007500000003 0.1514564734375 0.2873683671875 0.16064905000000002 0.29594897656249997 0.16064905000000002 0.3044867953125 0.15329498749999998 0.311777421875 0.14226389687500002 0.311659753125 0.12204022656249999 0.2957296828125 0.12295948593749999 0.285923271875 0.12295948593749999 0.28478305000000004 0.13766760625000002
0 0.8325815734375 0.32519616875 0.8252802515625 0.33438874531249996 0.8302476390625 0.34541983906249996 0.8437528515625001 0.34909686875 0.855978771875 0.343581321875 0.8509792890625001 0.327034684375 0.8325815734375 0.32519616875
0 0.8645914734375001 0.34909686875 0.8585159515624999 0.3582894453125 0.858590834375 0.3711590515625 0.8708648921875 0.373916825 0.8843166140625 0.368401278125 0.8793385296875 0.355531671875 0.8645914734375001 0.34909686875
0 0.725402959375 0.022760401562499998 0.7192097671875 0.011729309375 0.7094033578125 0.011729309375 0.700897628125 0.024598915625000002 0.70462851875 0.0337914921875 0.713219825 0.035630009375 0.7205639359375 0.0337914921875 0.7254403984375 0.029195204687499997 0.725402959375 0.022760401562499998
1 0.25 0.409375 0.8611857234375 0.409375 0.8600252296875001 0.4070101015625 0.872192315625 0.391382721875 0.8586657140625 0.384028659375 0.8366494265625001 0.392301978125 0.8157252265625001 0.3775938546875 0.818075203125 0.3601279609375 0.8155326765625001 0.3445005796875 0.8044095359375 0.3288732 0.7748726328125 0.30864953125 0.7771423828125 0.27739477031250004 0.75872861875 0.27279848281249997 0.7586590875 0.260848134375 0.7304817031249999 0.26360590625 0.7169069593749999 0.2479785265625 0.713143978125 0.233270403125 0.7217085421875 0.23051262968750003 0.719107178125 0.20477341718750003 0.6958704375 0.21396599374999997 0.6725320765625 0.20569267343750003 0.64671001875 0.191903809375 0.6222100359375 0.19466158281249998 0.6245867578125 0.181791975 0.675653221875 0.11008987968749999 0.6085604124999999 0.16616459374999998 0.5843415234375 0.1780739359375 0.5852915828125 0.169841625 0.5791144375 0.16156830625000002 0.5606739328125 0.1523757296875 0.550797990625 0.14042538124999998 0.5275077625 0.14042538124999998 0.523899890625 0.1523757296875 0.5178190218750001 0.1606490484375 0.4994320015625 0.16064905000000002 0.47492667187500004 0.1624875640625 0.455351290625 0.1689223671875 0.45160970312500004 0.157891275 0.43317454375000003 0.14961795625000002 0.4283087796875 0.1560527609375 0.42226000468749997 0.1698416265625 0.41973351875000003 0.15697201875 0.39762095625000005 0.14869870000000002 0.37806162187500003 0.1578912765625 0.3511367828125 0.1652453359375 0.32301823125 0.17811494375 0.2911794859375 0.183630490625 0.2655232359375 0.1983386140625 0.25 0.2094717796875 0.25 0.409375
0 0.008198303125 0.6131281890625 0.01763933125 0.6240673546875 0.0197368359375 0.6264114624999999 0.0384825015625 0.6248487234375 0.0436603328125 0.619379140625 0.0404072421875 0.5975008078124999 0.036225878125 0.5951567015625 0.0247419046875 0.5912498562499999 0.007097270312499999 0.6029703921875 0.008198303125 0.6131281890625
0 0.0250328703125 0.641257471875 0.0385143265625 0.6303183062500001 0.02494194375 0.62563009375 0.01869945 0.62719283125 0.013512526562499998 0.631099675 0.0125342421875 0.6420388421875 0.01985049375 0.6459456875 0.0250328703125 0.641257471875
1 0 1 0.25 1 0.25 0.6308594968750001 0.241727271875 0.6365692578125 0.2313352390625 0.641257471875 0.21460978281249998 0.6318810453125 0.19585047656250001 0.631099675 0.19589139375 0.6381319968750001 0.1844756140625 0.6459456875 0.164633459375 0.6381319968750001 0.1697840125 0.6279741984375 0.1562070828125 0.622504615625 0.14484586093750002 0.6396947359375 0.1344401875 0.6420388421875 0.1270557421875 0.6264114609375 0.11867483125 0.618597771875 0.093704853125 0.624848725 0.0801552015625 0.6240673546875 0.0729026015625 0.6310996765625 0.07822136874999999 0.6498525328125 0.0574145703125 0.655322115625 0.041753778125 0.6498525328125 0.018854025 0.6537593765625 0 0.6547347796875 0 1
0 0.9048847078125 0.8037710406249999 0.9184389046875001 0.8053337781250001 0.9236349234375 0.8029896703125001 0.9277799156250002 0.7990828249999999 0.9350325171874999 0.7920505046875 0.9276708031249999 0.78032996875 0.9109953609375001 0.7795486 0.9057993421875 0.7818927078125 0.9048483375 0.7975200875 0.9048847078125 0.8037710406249999
0 0.9385856656249999 0.8654991921875 0.9521444109375 0.8678432968750001 0.9656531421875 0.8615923468750001 0.9749987000000001 0.8561227625000001 0.977032553125 0.8475277046875 0.9540509640625 0.83736990625 0.9488413093750001 0.8373699078125 0.932179503125 0.83893264375 0.9322749765625 0.8553413937500001 0.9385856656249999 0.8654991921875
0 0.62353229375 0.619367953125 0.6236004890625 0.6310884890625 0.6351071968750001 0.6389021796875 0.6486204750000001 0.6334325953125 0.6527791078125 0.6318698578124999 0.6558594375 0.6240561687499999 0.65372101875 0.614679740625 0.6391339828125 0.6146797390625001 0.62353229375 0.619367953125
0 0.5348544875 0.5998337296875 0.5348999515624999 0.60764741875 0.53909040625 0.6115542640625 0.546411203125 0.616242478125 0.5567441359374999 0.6013964671875 0.5514981078125001 0.595145515625 0.5441909515625 0.5928014078125 0.535869140625 0.5951455140624999 0.5348544875 0.5998337296875
0 0.432271596875 0.6975048546875 0.4332907953125 0.693598009375 0.438436803125 0.68265884375 0.41965021875 0.677189259375 0.41135568437500003 0.6842215828125 0.41140569375 0.692816640625 0.4135350203125 0.7006303296875 0.42395433281250006 0.70063033125 0.432271596875 0.6975048546875
1 0.25 1 0.8269428109374999 1 0.8236769062499999 0.9936437078125 0.8340734874999999 0.9897368640625 0.8559404015624998 0.98739275625 0.8432917453125001 0.9623889484374999 0.843228096875 0.9514497828125 0.834792628125 0.9342596640625 0.812848425 0.923320496875 0.8127984140625 0.9147254390625001 0.8189636218749999 0.8998794265625001 0.8168206578125 0.8897216296875001 0.829228359375 0.8733128812500001 0.8145594890625001 0.8592482390625001 0.788511209375 0.8592482390625001 0.789498584375 0.8498718109375 0.7790747265625 0.8490904406249999 0.7655114359375 0.8459649656250001 0.7748660843749999 0.8420581203124999 0.780021184375 0.83268169375 0.7715902625 0.8162729437500001 0.747594021875 0.8108033609374999 0.7226013124999999 0.8131474671875001 0.6965894046875001 0.81939841875 0.6964712 0.7990828249999999 0.675655309375 0.8029896703125001 0.6442791703124999 0.782674075 0.616078834375 0.770953540625 0.6076297265624999 0.7514193171875 0.57005655625 0.74048015 0.531473278125 0.7350105656249999 0.5251489515625 0.7225086624999999 0.5053295265625 0.7186018171875 0.4814196671875 0.7279782453125 0.45223195625 0.7256341390625 0.42714377343750004 0.711569496875 0.4021328796875 0.710788128125 0.3709340484375 0.720945925 0.37397346093749995 0.7060999140625001 0.34161904062500004 0.696723484375 0.320834971875 0.7060999140625001 0.299027159375 0.7186018187500001 0.29584226406249997 0.7084440203125 0.3009246234375 0.6865656890625 0.294582109375 0.6709383078125001 0.270617690625 0.6709383093750001 0.25 0.6740333484375001 0.25 1