0 0.61875 0.2306852234375 0.615971090625 0.23081497031249998 0.6040603124999999 0.23607931875000002 0.601364040625 0.248760496875 0.6121626109375 0.2608116 0.61875 0.26002579375 0.61875 0.2306852234375
0 0.5438020031249999 0.1847480875 0.536845621875 0.17879523749999998 0.521857721875 0.17557149375 0.516849396875 0.1773747421875 0.516721325 0.185227778125 0.5242237015625 0.1958633703125 0.5352413421875 0.200841896875 0.54250779375 0.2005026265625 0.5472431203125 0.19635800625 0.5476441921874999 0.19084634218750002 0.5438020031249999 0.1847480875
0 0.3051679765625 0 0.30586274687500004 0.005958703125 0.3201765796875 0.01235274375 0.3351105546875 0.006162537500000001 0.335511625 0.0006508734375 0.33543573437499996 0 0.3051679765625 0
0 0.0249247296875 0.08499094375 0.0261077203125 0.0951368828125 0.033465171875 0.0955780703125 0.0478160765625 0.093338615625 0.05480953125 0.09065797656249999 0.0531715453125 0.076609753125 0.048382290625000005 0.071340425 0.030553195312499996 0.0706034515625 0.0249247296875 0.08499094375
0 0.0318440390625 0.0995772875 0.030586903125 0.10669833437500001 0.0346110890625 0.11435750156249999 0.04905299375 0.1128985046875 0.0598347109375 0.10690216718750001 0.0619479125 0.0981717421875 0.049892204687500004 0.09324168125 0.0406406234375 0.09445834374999999 0.0318440390625 0.0995772875
1 0 0.4296875 0.61875 0.4296875 0.61875 0.27914745 0.6140735953124999 0.27720119374999996 0.6154217296875 0.2708606046875 0.6021459609375001 0.2644180984375 0.600507975 0.2503698765625 0.5828069515625 0.24177986875 0.5823890265625 0.2292440921875 0.5375533984375 0.2117198265625 0.52883095625 0.1995717859375 0.5091448015625 0.1918591703125 0.4841402515625 0.1922419234375 0.4635980328125 0.1861386890625 0.45911885 0.1745772390625 0.456624796875 0.16213839531250002 0.440234834375 0.15584129062500002 0.4097130375 0.14471106250000002 0.38785975625 0.1363149234375 0.368500525 0.1403576265625 0.36759053124999996 0.132553059375 0.343624046875 0.13288734687499998 0.337250734375 0.1229837421875 0.3397650046875 0.1087416515625 0.3237221875 0.0875189328125 0.2978076453125 0.08009711875 0.2798504765625 0.087213184375 0.2729480203125 0.09067428125 0.2605451734375 0.10066983593750001 0.24366314218750001 0.09910393906250001 0.236470834375 0.082176225 0.21011815 0.08889956875 0.21270320312500002 0.1021188671875 0.1900477796875 0.10474605781249999 0.189356859375 0.0898689125 0.1559028671875 0.080444996875 0.1592698390625 0.1093219 0.1496171875 0.1160502265625 0.148343196875 0.1051238296875 0.14991040312499998 0.0917106625 0.1478713484375 0.0831741046875 0.1313533140625 0.0847300359375 0.11410728437499999 0.0800423125 0.10083151562499999 0.07359980625 0.07659203437499999 0.0715927234375 0.07258470156249999 0.0819809984375 0.078192946875 0.094274440625 0.09882616875 0.1011581328125 0.0880444515625 0.10715446875000001 0.0754596046875 0.11558911093749999 0.0698142859375 0.11192916093750001 0.0447726625 0.12094540937500001 0.03781628125 0.11499255625 0.01683591875 0.12303447812499999 0.009987390625 0.1359095234375 0 0.13876323906250002 0 0.4296875
1 1 0.4296875 1 0 0.61875 0 0.61875 0.057252781249999996 0.657951284375 0.3997581265625 0.663559528125 0.4120515671875 0.675214165625 0.422493290625 0.6870958734375 0.4296875 1 0.4296875
0 0.57630425 0.62424254375 0.5748688828125 0.6224631953124999 0.571098065625 0.621716071875 0.5599997343750001 0.6213110703125 0.5522003734375 0.6281375015624999 0.549607196875 0.6374904062500001 0.5536991859375 0.640992084375 0.5634692078125 0.640535921875 0.5744604765625 0.6400227421875 0.5783819640625001 0.6315309984375 0.57630425 0.62424254375
0 0.52940498125 0.6116613375 0.5377396328125 0.6094258296875 0.5434176625 0.6054679875 0.542347084375 0.59628614375 0.5366056109375 0.5891687484375 0.5316135421875 0.5884786453124999 0.5157372609374999 0.5892199078125 0.5107015765625 0.598686853125 0.5119862734375 0.6097050656249999 0.5243058546875 0.6100530515625 0.52940498125 0.6116613375
0 0.49620117812500003 0.5375106125 0.49232330781250006 0.535845303125 0.47756122031250003 0.5356113609375 0.4696548 0.541519609375 0.46616154375 0.553684090625 0.47201007500000003 0.56171966875 0.48321546406250004 0.56304285625 0.49802116406249997 0.5531197484375 0.5007214015625 0.544685028125 0.49620117812500003 0.5375106125
0 0.400884003125 0.47826133437500007 0.3979062109375 0.47378445156249993 0.388715096875 0.46867448593749994 0.3818158125 0.472689346875 0.3771449171875 0.47475379531249995 0.3733304859375 0.4841637203125 0.3748729140625 0.4868612546875 0.3818356390625 0.49392162968750003 0.3949482421875 0.49053985625 0.4028546640625 0.48463160624999996 0.400884003125 0.47826133437500007
1 0.1888284484375 0.4296875 0.1867405515625 0.4319455109375 0.1751703734375 0.4380248203125 0.172684253125 0.44829590937499997 0.17034880937500002 0.44932813281249995 0.15914341875 0.4480049453125 0.14226000156250002 0.45063959843749996 0.11894914375000001 0.45080479687499997 0.1199562828125 0.44891140781249994 0.11691504374999999 0.43335929218749997 0.0978032375 0.4379443515625 0.0919745328125 0.4511410546875 0.089103796875 0.44758235781250005 0.076463040625 0.4444798203125 0.07481355468749999 0.44086410468750004 0.066629578125 0.43386075 0.0504321234375 0.431847459375 0.041518565625 0.4396490953125 0.0441315734375 0.45152847500000004 0.025919843749999998 0.45330196093749997 0.008136346875 0.4587481859375 0 0.4637149 0 1 0.48069207968749994 1 0.481918925 0.9942298640625001 0.4900830765625 0.9800009359375 0.5019744265625 0.9766761796874999 0.5162448390625001 0.9621621515625 0.5272797234375 0.95149191875 0.5375652078125001 0.934394396875 0.55029319375 0.917182834375 0.5542146828125001 0.9086910937500001 0.5609434624999999 0.8926828140625 0.5507888265625 0.8793091890625 0.56951601875 0.8608943406249999 0.5736516218750001 0.85423896875 0.5821369453125 0.8427645937499999 0.5904081546875 0.829453846875 0.5793534375 0.8188917953124999 0.5742344859374999 0.7960512234375 0.5799125140625 0.792093384375 0.5836198890625 0.781765275 0.5868990296875001 0.7677644265625 0.5797221875 0.7588676828125 0.5624541515625 0.7476725468750001 0.5695041062499999 0.7344188234375 0.565134559375 0.7180055421875 0.563635746875 0.7051509578124999 0.570320915625 0.69929973125 0.57514248125 0.687996415625 0.5730647656250001 0.6807079609375 0.5574026 0.6832855906249999 0.5556460578125 0.6787516890624999 0.5684374859375 0.672615359375 0.56363970625 0.6525293421875 0.5545556484375 0.648337559375 0.535657959375 0.6547589890625 0.5301306 0.6494779625 0.5148768375 0.6344960484375 0.5106143484375 0.6190009515625 0.5006302125000001 0.6176207453125 0.4962606640625 0.6012074640625 0.49587604843750005 0.587377678125 0.479999765625 0.588118940625 0.46513062187500004 0.5869668109375 0.452596921875 0.5847824609375 0.45131222656250003 0.5737642468749999 0.4615540921875 0.5668237734374999 0.467061621875 0.550872515625 0.45000770156250003 0.5415137484375 0.4400235671875 0.5401335406250001 0.442144896875 0.5372649468749999 0.44718058125000004 0.527798 0.43464688125000006 0.5256136484375 0.4268475203125 0.5324400828125 0.4234613234375 0.54552274375 0.4067285765625 0.53891853125 0.41277139687500003 0.527558196875 0.4041591859375 0.516882103125 0.39289035625 0.5044836828125 0.3778507078125 0.4913381375 0.3592543625 0.47928183593749996 0.335194103125 0.47301974218750004 0.3172401046875 0.46647255000000004 0.2929221140625 0.46853113750000003 0.27550340625 0.46657486718749996 0.2796390109375 0.4599194953125 0.29588008125 0.45177573750000005 0.300576478125 0.4296875 0.2819912203125 0.4296875 0.27775558125 0.43323512500000005 0.2371727328125 0.47482680468750005 0.2250038203125 0.46523995625000003 0.2371092875 0.46375157031249997 0.2502218921875 0.4603697953125 0.25860015937499997 0.447977234375 0.240217928125 0.4377573015625 0.229698503125 0.43178617187499996 0.22898114687499999 0.4296875 0.1888284484375 0.4296875
0 0.7309479875 0.5035861546875 0.7463960359375 0.49917215312499996 0.750531640625 0.4925167828125 0.7513246640625 0.48878702343749997 0.74547613125 0.48075144375 0.7327283171875 0.4767307234375 0.7211581406249999 0.4828100328125 0.7212215828125 0.4938852671875 0.7309479875 0.5035861546875
0 0.8367449328125 0.5263419953125 0.843215984375 0.5186543984374999 0.8358250234375 0.507921284375 0.8164991031250001 0.5106699765625 0.824211234375 0.5241576421875 0.8367449328125 0.5263419953125
0 0.61875 0.6002197875 0.6255277421875001 0.5999033359375 0.63099165625 0.594109128125 0.63024225 0.5876818375 0.6283786499999999 0.58222975 0.6206229046875 0.5788991328125 0.61875 0.5781795546875 0.61875 0.6002197875
1 0.61875 1 1 1 1 0.7349290953125001 0.9846148390625 0.735647425 0.9709750749999999 0.72608309375 0.9772034609375 0.7257922906250001 0.9939405687499999 0.7171637796875 0.987877325 0.70096805625 0.9636378421874999 0.6989609734375 0.9483769437499999 0.6933958578125 0.915121803125 0.7035802984374999 0.908111496875 0.6882134984375 0.8659889906250001 0.6760554937500001 0.818312165625 0.6610179984375 0.8031793374999999 0.64759985 0.7893036484375 0.6270606531249999 0.7505312609375 0.6257321109375 0.7318460984375 0.6266045203124999 0.7377475625 0.6145583968749999 0.7404809046875 0.5932437265624999 0.732742603125 0.5716332703125 0.7187017671875 0.5675806031249999 0.7072628390625 0.5947946749999999 0.6861712578125 0.6287370734375 0.6645539 0.631315796875 0.6451778140625 0.617311059375 0.61875 0.6143058359375 0.61875 1