0 0.20794384375 0.09097801562499999 0.203093928125 0.085715878125 0.1967773546875 0.0862581546875 0.1869999484375 0.0891550109375 0.1837180421875 0.1074599078125 0.1924207625 0.1162592625 0.2047829515625 0.1084495625 0.2066126609375 0.1001450328125 0.20794384375 0.09097801562499999
0 0.303026596875 0.07195174531250001 0.29166151406249996 0.081486396875 0.28464776875000003 0.095420725 0.2816447953125 0.11216161093749999 0.2889215328125 0.11324152968750001 0.29930402031250003 0.10617785625000001 0.29715990625 0.09516949218750001 0.310112665625 0.0789970453125 0.303026596875 0.07195174531250001
0 0.2413222953125 0.105970978125 0.23415860781250003 0.11234680625 0.232086815625 0.122318065625 0.25067349375000003 0.12319128906250001 0.2587132734375 0.11937376250000001 0.2610125859375 0.10353984218750001 0.258263390625 0.0966982953125 0.24611430625000003 0.0944494140625 0.2413222953125 0.105970978125
0 0.193248209375 0.14063054375 0.19971473281250002 0.14764673281250001 0.215189165625 0.1441784953125 0.22407601093750001 0.134527446875 0.233916575 0.11401354062499999 0.22796304687500002 0.11205573124999998 0.21930372031249998 0.11584414999999999 0.211748053125 0.1163282140625 0.1968010765625 0.12905079375 0.193248209375 0.14063054375
0 0.23505837812500002 0.157697709375 0.2360120453125 0.14683488281249998 0.233398328125 0.1433559109375 0.2304799171875 0.1370190046875 0.2207651796875 0.1444404625 0.2162152015625 0.15429529375 0.21488401875 0.1634623140625 0.220218003125 0.165390984375 0.22517442187499997 0.16562384218749998 0.23505837812500002 0.157697709375
0 0.35831984375000003 0.26249646718749997 0.346742265625 0.2651564546875 0.33992655156249996 0.2817695203125 0.3478887125 0.29137311875 0.3582857015625 0.2885054359375 0.36519285625000003 0.27960035156249996 0.3686102859375 0.2646580609375 0.35831984375000003 0.26249646718749997
0 0.294848940625 0.2872031734375 0.291359178125 0.2811659046875 0.2840775859375 0.2779399984375 0.2742826109375 0.2870759796875 0.268749990625 0.2994017890625 0.2759571171875 0.30561376875 0.2867315875 0.3044418296875 0.2909185171875 0.29708708437500003 0.294848940625 0.2872031734375
0 0.266562478125 0.27580568125 0.2578886859375 0.2753981765625 0.2525981515625 0.28605721875 0.2557393265625 0.29879053125 0.2648971859375 0.2958645703125 0.27440362500000004 0.28624262968749997 0.2744956609375 0.2770174265625 0.266562478125 0.27580568125
0 0.24044053281250002 0.51153369375 0.2431318765625 0.5015915078125001 0.2396131359375 0.4871623859375 0.22757060624999997 0.4798841953125 0.215948978125 0.48688965156249997 0.21476779218750003 0.503615140625 0.22221690781249998 0.50816035625 0.23116165937500002 0.5152930078125 0.24044053281250002 0.51153369375
1 0 0 0 0.559375 0.183428796875 0.559375 0.18331935625 0.5526522875000001 0.1821578296875 0.53917300625 0.1897911296875 0.5252677234375 0.188537525 0.5210135828125 0.2032279515625 0.5057618421875001 0.20956424375 0.47501470625 0.2229234921875 0.46892995312499997 0.22730901406249998 0.44732069374999994 0.221733 0.4470587265625 0.22539246875000002 0.43044967187500005 0.21534405156249997 0.42662140624999995 0.21640427187500003 0.4107292703125 0.2266512765625 0.40030305468750005 0.2359011734375 0.388151890625 0.24277939218750003 0.37085498906250003 0.24030640937499997 0.33633780468749996 0.2504468640625 0.3309408640625 0.26159888750000004 0.3314648 0.2651372875 0.3156891421875 0.2510085046875 0.3141862703125 0.24357385312500002 0.3138369796875 0.24155074999999998 0.3019952796875 0.244484075 0.29038637500000003 0.22961472500000002 0.2896877953125 0.2203503625 0.297643034375 0.21188967343749998 0.2871769484375 0.212857803125 0.2805100453125 0.21506502656249998 0.27390135781249997 0.22396638750000003 0.268446203125 0.22328893593750002 0.2516333953125 0.21596078749999997 0.2462548109375 0.218608684375 0.223724878125 0.21970391875 0.2032957578125 0.2085084984375 0.1901840484375 0.20882810625 0.17509618437500002 0.2004595046875 0.15540489531249999 0.187390934375 0.13800993749999999 0.1741092609375 0.130673528125 0.15689720468749999 0.13322109531249998 0.156718284375 0.11727074374999999 0.1438286328125 0.1158261375 0.142018590625 0.09392583437499999 0.16165102343749999 0.074711 0.1672901421875 0.057355929687499994 0.15201430625 0.046569624999999996 0.1372659703125 0.04503769375 0.138819509375 0.06440883593749999 0.128272565625 0.0597180828125 0.119342278125 0.056781354687499994 0.1199184296875 0.0442226859375 0.1101265625 0.0429236 0.11352948593750001 0.0237853359375 0.10065430156249999 0.026536653124999997 0.093868125 0.0346083203125 0.0893812609375 0.02684606875 0.082130734375 0.008046359375000001 0.0704801734375 0.0066599828125 0.064439884375 0 0 0
0 0.8645448218749999 0 0.8628969265624999 0.001917821875 0.8586056124999999 0.025153421874999998 0.8633596859375 0.030310923437499998 0.8794010390625001 0.033531640625 0.8852012078125 0.0251693765625 0.8888022515625 0.0130031828125 0.8906905 0 0.8645448218749999 0
0 0.9378800390625 0.0350455171875 0.9302151890625 0.030984801562499997 0.9165936468750001 0.0426802203125 0.9159247640625001 0.059918320312499995 0.9204795375 0.060132309375000005 0.9343003812500001 0.053380403124999996 0.93881238125 0.04125700625 0.9378800390625 0.0350455171875
0 0.61037780625 0.04186275 0.603688071875 0.056350907812499997 0.6155946390625 0.0754133546875 0.6299492250000001 0.06498591249999999 0.63119461875 0.056409659375 0.628952721875 0.040268345312499995 0.6165551875 0.0372188203125 0.61037780625 0.04186275
0 0.4796875 0.12488205156250001 0.4800762890625 0.130723421875 0.4946515609375 0.131408184375 0.5004517296875 0.12304592031249999 0.5035190328125 0.1145552625 0.5042306875 0.10965454687500001 0.5016329640625 0.0959635890625 0.4888796015625 0.0953644203125 0.4803679578125 0.1097669859375 0.4796875 0.11940314375000001 0.4796875 0.12488205156250001
0 0.9485653703124999 0.542531453125 0.96116220625 0.55052449375 0.9684284546875 0.544698184375 0.9672968140624999 0.5335431796875 0.9608987453125 0.5270749046875001 0.9532552843750001 0.5291828796875 0.9485653703124999 0.542531453125
1 0.4796875 0.559375 0.9405786890625001 0.559375 0.9347445265625 0.5492833609375001 0.9195927421875 0.5399367484375001 0.9302179625000001 0.5046633468749999 0.9321536250000001 0.4850176828125 0.9362456359374999 0.45683856718750004 0.9387150406250001 0.43351737031250004 0.9337188937499998 0.41107897031249996 0.9208799859374999 0.3858050328125 0.905486128125 0.3591775234375 0.8980915578124999 0.3279916796875 0.8954510609374999 0.30196333750000004 0.8895439625 0.2794821375 0.8825693796875 0.2643520125 0.8865048640625 0.2435667703125 0.8886398281249999 0.2288646203125 0.8859993312500001 0.202836278125 0.8820920546875 0.1792154984375 0.8671395687500001 0.1748124 0.8538310796874999 0.171720075 0.85085614375 0.154310784375 0.8494824265625001 0.1258748828125 0.832708034375 0.12138618906250001 0.8201967437500001 0.13806791875 0.80982041875 0.140047503125 0.8016218281249999 0.1396623234375 0.7965760875 0.15546125625 0.7825345593749999 0.1511009546875 0.7755813640625 0.1421395234375 0.7672972265625 0.1170795734375 0.7450784921875 0.11850278750000001 0.7386590375 0.10586581875000001 0.7208171609375 0.10872819843749999 0.713928125 0.11827284375 0.6959083375 0.12236040156250001 0.683688715625 0.11808569687499999 0.6596266859375 0.11325462187499999 0.6465388828125 0.1212745046875 0.62538763125 0.11534664218749999 0.613168009375 0.1110719375 0.5887929234375 0.12102860625 0.585924921875 0.13446277499999998 0.5709938234375 0.136228371875 0.5590376609375001 0.1554032578125 0.5423274265625 0.169420640625 0.5246420796875 0.1648891484375 0.5046438531249999 0.176284984375 0.48755640468749994 0.18658403437499999 0.4796875 0.191554584375 0.4796875 0.559375
0 0.445710028125 0.6841869046875 0.4366843875 0.6711807859375 0.421972475 0.6704896015624999 0.4231583109375 0.69990350625 0.4364910078125 0.7047239203125 0.445710028125 0.6841869046875
1 0.185018 0.559375 0.1791345984375 0.565763675 0.1669513796875 0.5798703921875 0.1519370109375 0.5812620125 0.14035869843749998 0.59120311875 0.1287440296875 0.590657446875 0.112991709375 0.6024994671874999 0.103585103125 0.6135911093749999 0.09400909375 0.620480765625 0.06012698125 0.6283255078125001 0.0415798671875 0.637939209375 0.02443015 0.6486670718750001 0.014702912500000002 0.65659813125 0.00251969375 0.6707048437500001 0 0.673170684375 0 1 0.4796875 1 0.4796875 0.88001346875 0.47890370937500004 0.8797201609374999 0.4796875 0.8711892125 0.4796875 0.86385129375 0.4726001484375 0.8479688046875001 0.463253878125 0.8318021015625 0.45776098281250005 0.8105739015625 0.45272177031250005 0.7862214937500001 0.44430103593750003 0.7690497687500001 0.43593483906249997 0.76760820625 0.4215071984375 0.75959083125 0.42559031562499994 0.7314729734375 0.4261406859375 0.7115772 0.4234789421875 0.7030640921875 0.4138302171875 0.6889801953125 0.404199671875 0.6801396828125 0.3979142875 0.6536317171875 0.404997959375 0.6424309390625 0.38254293281249996 0.641375975 0.3809579515625 0.6308164421875 0.396069009375 0.6126532546875 0.39136860625000003 0.5967048203124999 0.38005639062499996 0.5940763437500001 0.36679640625 0.6102294859375 0.3610919546875 0.61730103125 0.3564460859375 0.6170827640625001 0.347021303125 0.6229310171875 0.3383526515625 0.6235722609375001 0.347099815625 0.6009160609374999 0.35339099687500003 0.5844355171875 0.3465552421875 0.577823325 0.3452545359375 0.5599375984375 0.3451002796875 0.559375 0.32800077031249997 0.559375 0.3263686125 0.5611473296875 0.3106708265625 0.5887195140625 0.2975438921875 0.598587865625 0.28819762187500003 0.5824211625 0.28784063125000003 0.5687738015625 0.2600199609375 0.58319435625 0.241436490625 0.5823212828125001 0.2336751984375 0.5767141140625001 0.214317415625 0.5758046625000001 0.2160893484375 0.559375 0.185018 0.559375
0 0.058886609374999996 0.5831814359374999 0.05667854375 0.5715441234374999 0.048747846875 0.5617349671875 0.034677196874999996 0.5673649515625 0.0276117046875 0.5838091171875 0.0299891734375 0.599648415625 0.0343325875 0.601949490625 0.0505931265625 0.6027134296875001 0.058886609374999996 0.5831814359374999
0 0.9463797828124999 0.5702543734375001 0.94373621875 0.5669846546875 0.9382978609375 0.5614866203125 0.9284375765625 0.5757024703125 0.929550696875 0.58414281875 0.9359327703125 0.5938792187499999 0.9479829421874999 0.5860572953125 0.9516669140625 0.5767938109374999 0.9463797828124999 0.5702543734375001
0 0.8819127671875 0.643766640625 0.8740002484375001 0.6392008734375 0.8662571359375001 0.63883709375 0.86346234375 0.636608778125 0.8542251453125 0.65190240625 0.8583024640625 0.6667730609375 0.869463453125 0.6704429375000001 0.883062246875 0.6626937703125 0.8855000484375001 0.651274725 0.8819127671875 0.643766640625
0 0.7513805875 0.597790821875 0.7436192953124999 0.592183653125 0.7414475890625 0.5910331171875 0.7355555515625 0.5886592890625 0.7283570109374999 0.61138824375 0.7331904625 0.6210518875 0.747732971875 0.617541084375 0.75158635 0.6124795859375001 0.7517375765625001 0.6114381828125 0.7513805875 0.597790821875
0 0.9189110890624999 0.7755197234375 0.9261641656249999 0.7685209343749999 0.9267327140624999 0.7538685468749999 0.9189532437499999 0.7430179890625 0.9092260062499999 0.7509490484375 0.90552385625 0.7549691453125 0.9023117421875 0.7663518109374999 0.9079195046875 0.77605183125 0.9189110890624999 0.7755197234375
0 0.9535617171874999 0.8106998718749999 0.9492183015624999 0.8083987984375 0.9444030281250001 0.8039785453124999 0.9367144515625 0.8193449296875001 0.9367508093750001 0.82983170625 0.9407917687499999 0.834215584375 0.9537674781250001 0.8253886359375 0.9566953171874999 0.8213321609375 0.9535617171874999 0.8106998718749999