0 0.307905946875 0.2199582734375 0.31430439374999997 0.22871488125 0.3312487546875 0.22793937187500002 0.330210190625 0.2183598296875 0.3264058921875 0.21468311406249999 0.3187109375 0.2081038015625 0.30876953125 0.2122170875 0.307905946875 0.2199582734375
0 0.23381981093749998 0.241833028125 0.24246357500000001 0.23046255468750002 0.24419187656250002 0.22441466562499998 0.24099321875 0.2247536046875 0.231396115625 0.21633593437499998 0.219207128125 0.2217073375 0.2145392453125 0.22577180624999998 0.21324273749999997 0.2279491015625 0.21376314999999999 0.24217335625 0.23381981093749998 0.241833028125
0 0.09868200625 0.1215182328125 0.1008443609375 0.1304687171875 0.10992218281249999 0.134096615625 0.12159302031250001 0.1333699234375 0.12340768124999998 0.12654791875 0.122888396875 0.121758146875 0.1206396828125 0.11358178125 0.1081904875 0.11184105468750001 0.09868200625 0.1215182328125
1 0.509375 0 0 0 0 0.07636986875 0.017758840625 0.081900078125 0.0202677609375 0.0971885703125 0.046463793749999996 0.10792720625 0.058478932812499995 0.094669559375 0.057699442187500005 0.0827676609375 0.0909847875 0.0960699546875 0.1185636859375 0.1038571765625 0.13628527343750002 0.096114603125 0.14925261875 0.093210615625 0.15288306875 0.0890010859375 0.17873253281249998 0.0934017125 0.188676203125 0.108157390625 0.203720678125 0.12441248906249999 0.21746638125 0.1239759171875 0.225157940625 0.1022517828125 0.2223035859375 0.0900597640625 0.245560034375 0.0988149828125 0.2516971421875 0.0910249796875 0.2684687875 0.09179770937500001 0.30806395625 0.095761765625 0.31031040781249997 0.0850691671875 0.3238822625 0.07674635156250001 0.3272525046875 0.06542469375 0.3497294640625 0.0622780125 0.3744540078125 0.057873215624999995 0.3984865515625 0.050226884375 0.4128356328125 0.0349370015625 0.4398100203125 0.048143053125 0.456494175 0.040255417187499996 0.47698375937500004 0.0454789796875 0.48484916718750004 0.031641090625 0.474646421875 0.01920776875 0.4666060359375 0.0157249296875 0.4948758015625 0.017319203124999998 0.5006663437500001 0.0031911921874999997 0.509375 0.00734195 0.509375 0
1 0.509375 0.3296875 1 0.3296875 1 0 0.509375 0 0.509375 0.3296875
0 0.40087759062500006 0.9174908578124998 0.4135017671875 0.9365523093749999 0.42508624531250006 0.9365997359375001 0.4284564875 0.925278078125 0.4166106703125 0.9086840437500001 0.400617384375 0.9103787296875 0.40087759062500006 0.9174908578124998
0 0.2978274265625 0.9156608390625 0.29705133125 0.9320623874999999 0.307599509375 0.9413992375 0.3182329140625 0.940527484375 0.3249756625 0.9367531359375001 0.3267028328125 0.921270765625 0.3277391328125 0.91198134375 0.3168455203125 0.90574096875 0.303013459375 0.906951659375 0.2978274265625 0.9156608390625
0 0.31468429531250003 0.9062249671875 0.3273936984375 0.91507781875 0.3358658796875 0.9146900640624999 0.33880432968749996 0.907239 0.335431825 0.899691690625 0.321945196875 0.89780590625 0.31528880625 0.9008061375 0.31468429531250003 0.9062249671875
0 0.01347651875 0.810647046875 0.0234190546875 0.8159682421875001 0.035868250000000004 0.8177089656250001 0.04676073125 0.8145148578124999 0.046240318749999995 0.8002906062499999 0.0337036328125 0.7898895171875 0.0273063171875 0.7905673921874999 0.0194397765625 0.7949707984375001 0.0120061609375 0.8049380968750001 0.01347651875 0.810647046875
0 0.040361153125 0.79632376875 0.04485631875 0.7938075375 0.04727661875 0.7910011828125 0.038197665625 0.7779388015625 0.0215987390625 0.7756178359375 0.0207351546875 0.7833590218750001 0.025923449999999997 0.7935188046875 0.0287766734375 0.7962763421875 0.040361153125 0.79632376875
1 0.509375 0.3296875 0 0.3296875 0 0.7525184140625 0.0056031890625 0.7584435593750001 0.019780687499999998 0.7541363953125 0.0209897046875 0.7432987359375 0.0286005625 0.7695211328125 0.066120865625 0.7731950671875001 0.09102265000000001 0.8049799625 0.1516255546875 0.8095228703124999 0.16113516875 0.8092801765625002 0.1790317359375 0.818858328125 0.1836984859375 0.8053593781250001 0.1792885484375 0.797667009375 0.19130481875 0.7938438437500001 0.22312093906250002 0.8108716703125001 0.2425719578125 0.8065156890625002 0.2479341015625 0.8245617203125001 0.2704110625 0.8214150390625001 0.2803547296875 0.8361707171875 0.29902852343749997 0.838781803125 0.3070666484375 0.823395678125 0.3355091296875 0.8234417140625 0.3521944171875 0.8249885609375 0.34328818125 0.8103779421875 0.35245009843749997 0.7943627578125 0.360143921875 0.7915075890625001 0.38166980625 0.787441728125 0.4317234 0.7732133046875 0.45056991249999995 0.7742761546875 0.44883821562500004 0.7520205953125 0.4647440125 0.7416655453125001 0.48687666875 0.7510498203125 0.49482843593750003 0.7364378125 0.48497225625 0.730342496875 0.509375 0.7427752328125 0.509375 0.3296875
0 0.9283789484374999 0.575709625 0.9089256640624999 0.5611966390625 0.9156695453125 0.5668567734375 0.916880825 0.574888078125 0.907976853125 0.5791464265625 0.9178330328125 0.585241740625 0.9209464609375001 0.5951114046875 0.9322718671875 0.5974811859375 0.9490435109375 0.5982539140625001 0.9814641390624999 0.6098629125 0.9487833046875 0.5911417875 0.9454971562499999 0.5828203609375 0.9356409765624999 0.5767250484374999 0.9283789484374999 0.575709625
0 0.82532878125 0.57387960625 0.81772131875 0.575960659375 0.8160793765625 0.5812344265625 0.816253225 0.5891206734375001 0.8201438796874999 0.5920232703125 0.83155564375 0.593618934375 0.83544516875 0.587087046875 0.835790603125 0.5839905734374999 0.8362223953125 0.5801199828125 0.8335418875 0.5758142078125 0.82532878125 0.57387960625
0 0.6460255984375001 0.5472359296875 0.6354785515625 0.5473335640625001 0.629686878125 0.552027090625 0.6308118 0.560832515625 0.6383340390625 0.568960065625 0.6454233515625 0.5715237234374999 0.6528581 0.570990909375 0.66063828125 0.567361621875 0.662712015625 0.558217259375 0.661933659375 0.5557498437499999 0.659080434375 0.5529923078125 0.6532876296875 0.548251353125 0.6460255984375001 0.5472359296875
0 0.7296156921875 0.4779460703125 0.7230456609375 0.48017217968750003 0.7209719265625 0.48931654218750004 0.724776225 0.49299325781250003 0.7307417468749999 0.49618597500000006 0.737052703125 0.49628221875000006 0.7437090921875 0.4932819890625 0.749587125 0.4878143421875 0.750450709375 0.48007315781250004 0.7475974859375001 0.477315621875 0.7413728890625 0.476445259375 0.7350619328125 0.47634901562500004 0.7296156921875 0.4779460703125
0 0.805855134375 0.38954594062500003 0.816056746875 0.3925447796875 0.828678659375 0.39273726875000003 0.83732355625 0.3908012765625 0.8339510499999999 0.38325396874999995 0.824786871875 0.3804001875 0.8144125421874999 0.3789495859375 0.80671871875 0.38180475468749997 0.805855134375 0.38954594062500003
0 0.509375 0.692100403125 0.5138590562500001 0.6930700578125 0.520256371875 0.6923921828124999 0.5218119531250001 0.6878925328125 0.5181803734375 0.6826675796874999 0.51264664375 0.6756042703125 0.509375 0.6735810015625 0.509375 0.692100403125
0 0.5933812484375001 0.5846879078125 0.583265996875 0.5809149484375 0.571163365625 0.5855122328125001 0.5704724984375 0.59170518125 0.5767845859375 0.60123590625 0.583614825 0.606121921875 0.59329715625 0.6043309906250001 0.5973593968750001 0.59625086875 0.597532115625 0.59470263125 0.5933812484375001 0.5846879078125