0 0.19823161250000002 0.349447421875 0.1861925109375 0.337824875 0.17505794375 0.3445208015625 0.173220709375 0.3568115078125 0.176179353125 0.361831534375 0.186892525 0.3646009046875 0.193881825 0.362152434375 0.19823161250000002 0.349447421875
0 0.14378938125000001 0.26835445 0.1537249765625 0.26347619375 0.15183834062499998 0.24596765 0.144836690625 0.2409663046875 0.133587515625 0.2444411953125 0.1308704421875 0.2533130546875 0.1325278546875 0.264379528125 0.14378938125000001 0.26835445
0 0 0.29283995625000003 0.010165707812499999 0.2774284734375 0.0029348374999999998 0.26598505625 0 0.263605175 0 0.29283995625000003
0 0.23452678124999998 0.1620262328125 0.22033130937499998 0.1679309109375 0.2143364578125 0.1770192625 0.218506421875 0.18767143125000002 0.22878585 0.1924562828125 0.2367572484375 0.18919788437500001 0.241221646875 0.179713909375 0.23452678124999998 0.1620262328125
0 0.43636480000000005 0.038674146874999996 0.42697755937500004 0.04475795625 0.42415822500000006 0.0578585921875 0.4296417703125 0.0699141265625 0.43937284375 0.07349342343750001 0.4403549421875 0.0726834953125 0.44776563593749996 0.06076973125 0.44795780937499996 0.0448623640625 0.43636480000000005 0.038674146874999996
1 0 0 0 0.2227531703125 0.00166176875 0.22310385 0.013127817187499998 0.21862121874999998 0.0365183578125 0.22254009843749997 0.051057660937500006 0.226298528125 0.0683140390625 0.22118509843749998 0.07597865312499999 0.2306130328125 0.0910539625 0.22812720312499998 0.11803794999999999 0.29042035 0.1027368828125 0.2226368265625 0.111702728125 0.22601831562500002 0.115708684375 0.2036501953125 0.126536465625 0.2096406 0.133959509375 0.2051766484375 0.1421477796875 0.20091050937500002 0.1423770015625 0.20735258124999997 0.15604881718750002 0.2151419765625 0.168840796875 0.2195125234375 0.1761492296875 0.2118275375 0.18223399375 0.19106059375 0.1841858390625 0.1819909234375 0.17880455312500002 0.16570661250000002 0.1836004359375 0.15843593125 0.19998932656249999 0.1573534671875 0.207195496875 0.15389725625 0.2330862390625 0.14995201875 0.24490846875 0.1625823078125 0.258478025 0.17460047812499999 0.26352782812500003 0.18867149375 0.27894696875 0.195848771875 0.3133945109375 0.21220012812500003 0.2797527078125 0.1545687421875 0.28346422968749996 0.152336765625 0.288910725 0.1420428625 0.2886815046875 0.135600790625 0.282661953125 0.12978951562500002 0.272611746875 0.1314467359375 0.2650987921875 0.147589278125 0.25632511875 0.1283004234375 0.2770637953125 0.114512946875 0.29951275 0.077763915625 0.3102664328125 0.03905544375 0.3207380328125 0.027932928125 0.3198334953125 0.0096144546875 0.33175798749999996 0.018015965624999998 0.3438094390625 0.0370883265625 0.3562328859375 0.0168961375 0.35169944375 0 0 0
0 0.9427898109375 0.267412015625 0.9291539531249999 0.26771706093750003 0.9226182578125 0.2800706109375 0.92736134375 0.2940630984375 0.9354879046875 0.29233389375 0.9438824921875 0.276392040625 0.9427898109375 0.267412015625
0 0.9075960999999999 0.394914809375 0.9086225015625 0.3811371 0.89898705 0.37805535468749996 0.890149940625 0.3904049546875 0.8920155718749999 0.40876016562500006 0.8977061578125 0.4408705171875 0.9042564953125 0.4374572609375 0.9031424296874999 0.3975934359375 0.9075960999999999 0.394914809375
0 0.9191558234375 0.3276878015625 0.9252939 0.31267822500000003 0.9162429015625001 0.30913056562499996 0.9055990046875 0.296097321875 0.89589630625 0.2961424015625 0.8980221921875 0.31328829375 0.905780221875 0.3267835046875 0.91076899375 0.33062639374999997 0.9191558234375 0.3276878015625
0 0.8813190406250001 0.2017328109375 0.8905157953125 0.21304666874999997 0.9003413484374999 0.207926721875 0.9063711609375 0.20693219687500003 0.9062190953125 0.194126496875 0.8974200187499999 0.185468725 0.8854978078125001 0.1913232546875 0.8813190406250001 0.2017328109375
0 0.8411776828124999 0.19007959531250002 0.84526283125 0.2026253390625 0.8517049765625 0.21322712500000002 0.8594630078125001 0.22672233749999998 0.872523940625 0.23082504843749999 0.8679580187500001 0.2097687421875 0.8637354593750001 0.19335752343749998 0.8554568375 0.18228100625000002 0.8483713921875001 0.1791727890625 0.8411776828124999 0.19007959531250002
0 0.7427411265625 0.2105926140625 0.7504209515625 0.21840529375 0.7605702515624999 0.20881827031250003 0.7647491656250001 0.198408725 0.7602808359375001 0.192147153125 0.7545112062499999 0.1919323390625 0.749674584375 0.2008951234375 0.7427411265625 0.2105926140625
0 0.97777314375 0.09134257812499999 0.9682224421875001 0.10419334218750001 0.9678539796875001 0.11941777656250001 0.9791474734375001 0.1299970234375 0.991987896875 0.12437980468750001 0.99772823125 0.10671409999999999 0.9786913484374999 0.091579934375 0.97777314375 0.09134257812499999
0 1 0.0669058078125 0.9977927015624999 0.06587829687499999 0.9903387343750001 0.07799445 0.9920669421875001 0.09248425625 0.9983716031250001 0.09922054687500001 1 0.10113436093749999 1 0.0669058078125
1 1 0 0.52611755625 0 0.531440071875 0.00788086875 0.5452425046875 0.0293217390625 0.5566734171875 0.043766417187500004 0.5645688640625 0.0611270828125 0.5774385890625 0.073390359375 0.5903083015625 0.08565368125 0.604739440625 0.09066081718749999 0.6211446296875 0.100008109375 0.63113674375 0.1166341453125 0.62484659375 0.1188380421875 0.6231622515625 0.13116903124999998 0.6279054078125 0.1451615359375 0.638923996875 0.14800985625000002 0.650173696875 0.13176832968750002 0.6598909796875001 0.14066345625 0.6575486296874999 0.1515476796875 0.6662102859375001 0.15634001718749999 0.6804895 0.1485414875 0.69427735625 0.161042103125 0.6945521875 0.1687730125 0.7055854984375 0.1805615984375 0.7188089515625 0.1686602234375 0.7127499109375 0.151774271875 0.724947034375 0.1536506234375 0.731924359375 0.17077390312500002 0.747396546875 0.1709435765625 0.7632812 0.182709646875 0.7800255515625001 0.15895200781250002 0.7932783000000001 0.1649311515625 0.81949431875 0.1602182515625 0.837981528125 0.1598906453125 0.8560564046875001 0.14796672187499998 0.8768859656250001 0.1367548890625 0.889480778125 0.1412872859375 0.898373471875 0.12698975625 0.9086112796875 0.1334661546875 0.9105997531250001 0.14674656875 0.922138928125 0.1471762234375 0.9376111999999999 0.14734586875 0.9412402140625 0.12147456875 0.9278354703125 0.1026897421875 0.930943959375 0.079237171875 0.9461560312499999 0.080616225 0.9519109406249999 0.0718907734375 0.9608328640625 0.0754737234375 0.9846773750000001 0.0637645890625 1 0.053242481249999994 1 0
1 0 0.45 0 1 0.214108090625 1 0.227810553125 0.98374035 0.24045087187499997 0.9625404234375001 0.25833316562499997 0.93950414375 0.2611278 0.9115038828124999 0.276612153125 0.89210294375 0.2832576203125 0.8799913671875 0.2913189296875 0.86505438125 0.3036648140625 0.8639905984375 0.3099012375 0.8687941296874999 0.3233438328125 0.870141453125 0.3326164640625 0.86083660625 0.3266868234375 0.84334674375 0.318690725 0.831705515625 0.31505676562499996 0.8148090874999999 0.31306786875000003 0.8015293203125001 0.31554336875 0.778765578125 0.3226225796875 0.76463851875 0.332570525 0.7672100765625001 0.336715790625 0.7629626171874999 0.3394328640625 0.7540907578125 0.3368956140625 0.7396054390625 0.3392812046875 0.7285202843749999 0.341998278125 0.719648425 0.34110609062499997 0.708779765625 0.3397801609375 0.6999265859375 0.341515134375 0.69186465625 0.34608179375 0.6781519046875 0.3454064796875 0.6662755015625 0.3373081203125 0.65886305 0.344170459375 0.645743734375 0.3414163359375 0.6322661546875 0.3281782640625 0.6224612781250001 0.330244721875 0.6166126421875 0.33381693281249997 0.5962600046875 0.3438671390625 0.5946027859375 0.3550264046875 0.6028064843750001 0.3582794828125 0.5876903656250001 0.346457253125 0.575060078125 0.33235169062500003 0.569286165625 0.3276333734375 0.55742844375 0.32443315625 0.5385165359374999 0.321985815625 0.5123526234375 0.3109411625 0.5073699609375 0.30196296562499997 0.4965386609375 0.3046800390625 0.48766680312500005 0.296364809375 0.48126209218750005 0.302028178125 0.46996044687499994 0.30628805312499996 0.4689340234375 0.233042690625 0.45 0 0.45
0 0.3858276375 0.5948116 0.3823329875 0.5960358343750001 0.3726019140625 0.5924565375 0.3674869 0.6049637359375 0.37143999375000003 0.6166236453125 0.37559760937500003 0.619826 0.38020131875 0.6284626859375 0.3903661359375 0.6300264999999999 0.40139844062499996 0.6275593515625 0.40772477343749997 0.62068429375 0.40693484687500003 0.60558685625 0.39730603593749997 0.59777878125 0.3858276375 0.5948116
0 0.367340665625 0.714497634375 0.37311864375 0.7064170234375 0.3689486796875 0.6957648562500001 0.3619470296875 0.6907635125 0.3527643109375 0.688389765625 0.3472032046875 0.6954626359375 0.3473301640625 0.706133484375 0.350951775 0.7155800984375 0.3613334640625 0.7161361734374999 0.367340665625 0.714497634375
0 0.3902342109375 0.9459418640624999 0.3943794765625 0.9416944062500001 0.4015732984375 0.930788384375 0.3944570375 0.9225660031250001 0.38843748749999996 0.916754728125 0.3806829609375 0.9190053859375 0.37489263125 0.9196361828124999 0.37348913906250003 0.9299114093749999 0.3762432625 0.9433889875 0.38094923125 0.9477968953125 0.3902342109375 0.9459418640624999
0 0.37100475 0.8813980593749999 0.3612983765625 0.8927183875000001 0.37355435 0.9033331921875 0.386027196875 0.9129402578124999 0.39587288125 0.9197405921874999 0.40265765781249996 0.9257496781250001 0.419619603125 0.9407723906250001 0.42453009374999995 0.9367227453125 0.415208065625 0.9162283390624999 0.409073903125 0.9071960296875 0.40403645 0.9005748265625 0.400848584375 0.8891127296875 0.39111751093749997 0.8855334312500001 0.380404340625 0.8827640625000001 0.3735173 0.880983753125 0.37100475 0.8813980593749999
0 0.8398613609375 1 0.8326759609375 0.990696928125 0.8262350156250001 0.9943509484374999 0.82501930625 1 0.8398613609375 1
0 0.97814723125 1 0.9797669265625 0.9978698515625 0.977025153125 0.9918420859375001 0.9721023125 0.9884419203124999 0.9560325546874999 0.9842878671874999 0.9499107437500001 0.9827053687500001 0.9345039515625 0.9829779046875 0.93157000625 0.9928575046875 0.9375895562500001 0.9986687796875 0.9406243265625001 1 0.97814723125 1
0 0.8697822921875 0.89710008125 0.8667460859375 0.91120845625 0.8689395031250001 0.916030671875 0.885659875 0.9171615 0.8904557578125001 0.9098908203124999 0.88881069375 0.9062741593750001 0.883441759375 0.8974396625000001 0.8746927843750001 0.893050434375 0.8697822921875 0.89710008125
0 0.8428847515625 0.8869556218749999 0.842373446875 0.9080995078124999 0.84742325 0.9221705218749999 0.8630469140624999 0.9208902468750001 0.8642211828124999 0.9041729484375001 0.8695530687499999 0.8906580078124999 0.863750390625 0.8838389937500001 0.850307796875 0.8824916703125 0.8428847515625 0.8869556218749999
0 0.8380039234375 0.5793186828125 0.833756396875 0.5877949171875001 0.8322506421875 0.6022989187500001 0.83652286875 0.6087223109375 0.8457055875 0.6110960546875 0.8526948875 0.6086475859375 0.858472865625 0.600566975 0.8569177140625 0.5852717265624999 0.851778 0.5828793 0.8456561890625001 0.581296803125 0.8380039234375 0.5793186828125
0 0.816270796875 0.586466275 0.8135660734375 0.6027879484375 0.8186035265625 0.6094091515625 0.827123278125 0.6073563046875 0.83082245 0.5976745171875 0.8292796484375 0.5898290796875 0.8244590671875001 0.5822001375 0.8193193546875 0.579807709375 0.816270796875 0.586466275
1 0.459375 0.45 0.459375 1 0.630127375 1 0.6288683203125001 0.9805644984375 0.6418771718749999 0.983927303125 0.647961934375 0.9631603609375 0.6616090515625 0.9560501312499999 0.6742987687499999 0.9646494546875001 0.681913984375 0.9442781359375001 0.693686815625 0.9271091734375 0.7311211671875 0.8995529000000001 0.7310717671875 0.8697536484375 0.7375003625 0.8586498140625001 0.7496417265625 0.8660435859375 0.76418103125 0.8698020156249999 0.7794608609375 0.8588586312500001 0.7901369828125 0.8392785609375 0.7786215359374999 0.8139619421875001 0.7807779046875 0.796434715625 0.79112254375 0.7746413515625 0.7973342671875 0.764545259375 0.7907540109375001 0.75007861875 0.786162653125 0.7488917468749999 0.7793655265625 0.735432846875 0.7905124406249999 0.736186734375 0.8029605875 0.730894175 0.7974399921875 0.6964892015624999 0.8119792953125 0.70024763125 0.8182932796875001 0.6859227609375 0.8178224875 0.6655888046875 0.8263298906250001 0.656086146875 0.8281671265625 0.643795440625 0.7986547749999999 0.6382940640625 0.7999313046875001 0.617347990625 0.8070228671875 0.610670746875 0.8025214187499999 0.5978052828125 0.7977008375000001 0.5901763390625 0.800086428125 0.5790911859375 0.8091545374999999 0.5782438953125 0.811973871875 0.565143259375 0.8041822953125 0.5450444765625 0.8145392859375 0.530700925 0.8160450375 0.5161969234375 0.797884121875 0.5029918796875 0.78256724375 0.49158582656250005 0.7823256703125001 0.47769394062500004 0.7860248421875 0.468012153125 0.7839336859375 0.45896116249999996 0.7507008734375 0.45 0.459375 0.45