0 0.235490253125 0.20731578593750002 0.2246110140625 0.2063625203125 0.22196783281250002 0.21660336875000002 0.2221210890625 0.23756169531250002 0.22533834375 0.236796353125 0.2386429640625 0.229584178125 0.2397467546875 0.22653916093749998 0.24038537187500003 0.2129809328125 0.235490253125 0.20731578593750002
0 0.2472367109375 0.087911871875 0.23570406875 0.0931848234375 0.230620721875 0.104259103125 0.228645728125 0.11560574374999999 0.23187776875 0.1221724125 0.23476832343749998 0.124520178125 0.240099040625 0.126034515625 0.2424303078125 0.1262387859375 0.2535273484375 0.125116646875 0.2600411875 0.10788424062499999 0.25768035 0.09301595 0.2472367109375 0.087911871875
0 0.30789397812499997 0.11521895625 0.29179291875 0.11171365156249999 0.2879074765625 0.11137319999999999 0.2836953328125 0.11414585625 0.2817203390625 0.1254924953125 0.2908423859375 0.135716996875 0.29939036093750004 0.136465990625 0.3094777265625 0.1300191578125 0.3120120078125 0.1208160140625 0.30789397812499997 0.11521895625
0 0.36473973125 0.1788456390625 0.30796790625 0.15187900781250002 0.30597812812499997 0.1558936359375 0.3046713234375 0.16834607031249998 0.31001682812500003 0.1771924171875 0.3204604671875 0.18229649375 0.33112190625000004 0.185325165625 0.3527714875 0.1882694 0.427089646875 0.21991521875000003 0.43262338125 0.21202213906249998 0.36473973125 0.1788456390625
0 0.17511532968750002 0.1548995640625 0.173699625 0.1683897015625 0.17826804062499998 0.17716795624999998 0.1897065703125 0.18026471718749998 0.202560803125 0.16987134375 0.18565308281249998 0.151633928125 0.17511532968750002 0.1548995640625
1 0 0 0 0.26875 0.031374946875 0.26875 0.0331151203125 0.2450871578125 0.056477534375000006 0.21676412812499998 0.06432774999999999 0.20174330937499999 0.073855828125 0.193152978125 0.0801075078125 0.1559999484375 0.09485740625 0.14996165625 0.108815428125 0.13652326406249998 0.1242039421875 0.1169267453125 0.13719664843749999 0.12015968749999999 0.134944709375 0.10425369375 0.1529118625 0.0974500609375 0.1605442765625 0.084504646875 0.1695278515625 0.0811028296875 0.171488059375 0.062424179687500005 0.15882205625 0.056078128125 0.16549455156249998 0.007442278125 0.175037415625 0.00618395625 0.184362478125 0.007001040625000001 0.1866377828125 0 0 0
0 0.8128550765625 0.128762396875 0.8034211109375 0.128983015625 0.7960065000000001 0.13985302187499998 0.79414040625 0.1501619609375 0.7948233796874999 0.15859976250000002 0.7992681125 0.1610837109375 0.8075982859374999 0.16390811249999998 0.8123697171875 0.1632789515625 0.814795096875 0.15511350937499999 0.8178886656250001 0.1480538609375 0.8201903609375 0.1335941125 0.8128550765625 0.128762396875
0 0.8269421843749999 0.0692565375 0.8350397718749999 0.0668243328125 0.839360815625 0.063013975 0.8439937765625001 0.048758496875 0.8373118937499999 0.037700565625 0.82708605625 0.0305210828125 0.8162068156250001 0.0295678171875 0.81067308125 0.0374608953125 0.8087128734375 0.056139546875 0.8147265671875001 0.0660916859375 0.8199483875 0.0686437234375 0.8269421843749999 0.0692565375
1 0.46875 0 0.46875 0.26875 0.7785583984375 0.26875 0.77872630625 0.267150015625 0.7707080484375 0.25388049687500003 0.769886603125 0.2318163765625 0.7689710406250001 0.21812196718750002 0.771614221875 0.207881121875 0.77705384375 0.2083577546875 0.7836120390625 0.213121378125 0.7833498796875 0.1932007546875 0.7847655859375 0.1797106171875 0.7865079921875 0.163107371875 0.787473309375 0.1464360375 0.7774652734374999 0.1371811484375 0.7811181296875 0.13226499687499998 0.7856421890625 0.11904722187500001 0.7810737718749999 0.11026896562499999 0.7657498015625 0.106831753125 0.774391890625 0.0992110328125 0.775357209375 0.0825396984375 0.761681528125 0.070868953125 0.7659877890625 0.059726584375 0.7739469031249999 0.043668060937499996 0.7775849734375 0.0314199 0.7579103859374999 0.017129023437499998 0.7547724609375 0.0021926421875 0.752259428125 0 0.46875 0
0 0.23708583437500003 0.9246112875 0.23588058437499998 0.9097210453125001 0.2256786328125 0.9014348078125 0.218894725 0.9045365437499999 0.21002613750000002 0.9099197218749999 0.207702615625 0.9232687109375 0.2108644265625 0.9370983359375 0.22315106093749998 0.9431031328125 0.230592953125 0.9425231578125001 0.2343605640625 0.9329968624999999 0.23708583437500003 0.9246112875
0 0.28753729843750003 0.8834460140625 0.280607878125 0.8791426828125001 0.274738190625 0.8823245234375001 0.2720129203125 0.8907100984374999 0.273730640625 0.9007170328124999 0.2802757078125 0.9086828453125001 0.2862735125 0.9042801765625 0.2914852125 0.8985765718749998 0.2910834625 0.8936131609375 0.28753729843750003 0.8834460140625
0 0.43181373125 0.42297957343750003 0.43521438124999995 0.42574164999999997 0.4409559484375 0.4237806375 0.452165453125 0.4136743640625 0.4531903984375 0.40390775 0.4414336296875 0.40164553906249995 0.43190705781250005 0.40450695625 0.42918178749999997 0.41289253124999997 0.43181373125 0.42297957343750003
0 0.46120632656250005 0.6879822828125 0.4420076671875 0.6863000484375 0.433668946875 0.6954258140625 0.4400858953125 0.704612453125 0.456798125 0.7036127125 0.46592294843750004 0.6957878828124999 0.46341912343749997 0.6844800156249999 0.46120632656250005 0.6879822828125
1 0.46875 0.26875 0 0.26875 0 0.782105696875 0.023554978125 0.778999740625 0.0368839515625 0.783863815625 0.0643106078125 0.7862670078125 0.0761954921875 0.787308390625 0.1041520171875 0.7934541687500001 0.110056490625 0.8075241156249999 0.1200955359375 0.799779390625 0.1399521796875 0.8039833859375001 0.1628836609375 0.778887534375 0.18116809843749998 0.7804896625 0.19866643125 0.7807908578125 0.20915941093749998 0.8038872296874999 0.2322537984375 0.7948223421875 0.2436847484375 0.765022628125 0.25255333750000003 0.7596394515625 0.2666684125 0.7658044609375 0.28199509218749996 0.725257625 0.2912306390625 0.707586075 0.2944335921875 0.6770654031250001 0.30432712500000003 0.6619156109375 0.32643771093749996 0.618267040625 0.3441748859375 0.6075006875 0.3583137109375 0.560689503125 0.3791605109375 0.53787509375 0.3861658640625 0.5150799156250001 0.39291498125 0.4947263921875 0.3987324828125 0.46566686874999996 0.4037290890625 0.4180546203125 0.4145194484375 0.39435904062500005 0.424430375 0.3878351453125 0.42295149531250004 0.3667606625 0.4184737140625 0.347887515625 0.439483421875 0.34110406718749997 0.43944863281249996 0.32385227968749997 0.4236158328125 0.307680334375 0.42266682187500004 0.2903484390625 0.42851911249999997 0.278540703125 0.44117270625 0.272257128125 0.4606623890625 0.2887494953125 0.46875 0.286595046875 0.46875 0.26875
0 0.7815501828125 0.9776099703125001 0.793363975 0.9786451234375001 0.8024056671875 0.9702189140625 0.8012257765624999 0.957544940625 0.7974833171875 0.9513507687499999 0.786029903125 0.9528613187499999 0.7785920859375001 0.9639421109375 0.7815501828125 0.9776099703125001
0 0.779976975 1 0.779011209375 0.9958243515625 0.7704453046874999 0.9757988578125001 0.7617168984375 0.963301540625 0.755574515625 0.9560590062500001 0.7482756890625 0.947877115625 0.747241740625 0.9637092609375 0.7545522671875 0.9777584578125001 0.7656924390625 0.99717145625 0.766967528125 1 0.779976975 1
0 0.6650138546875001 1 0.666841409375 0.9943761500000001 0.6631744453125 0.9814842515625 0.6553682828125 0.979159525 0.650041715625 0.9870378546874999 0.6475780453125 0.9985545265625 0.6488039609375 1 0.6650138546875001 1
0 0.875330740625 0.8433605875 0.8652951546875001 0.8433192703125 0.8578455859374999 0.8485328031249999 0.8555680484374999 0.864255996875 0.8655399906250001 0.8768622921875 0.8756627703125 0.8760731906250001 0.8819559 0.869920303125 0.8769464062499999 0.8518825484375 0.875330740625 0.8433605875
0 0.9759433296874999 0.88318396875 0.9773494093749999 0.8757648078125001 0.9783080109375 0.8666303828124999 0.9727002484374999 0.8602727359374999 0.9629378484375 0.8636075265625 0.9571717968750001 0.875745925 0.96344411875 0.8946593468749999 0.97456075 0.9023377187499999 0.9836896328125 0.8930811390625 0.9759433296874999 0.88318396875
0 0.9127716171875001 0.8692683156250001 0.9245854125000001 0.8703034703124999 0.9314249625000001 0.8709027687500001 0.9389616796875 0.8648588125 0.9370728265625001 0.8529607765625 0.9276921890625001 0.8427927453125001 0.9189423578125 0.8463438859375 0.9084710421875 0.8504546171874999 0.909029209375 0.863074115625 0.9127716171875001 0.8692683156250001
0 0.9144557359375 0.8233237250000001 0.921632121875 0.8147340859375 0.922765015625 0.8039388500000001 0.9101434109375 0.7986427171875 0.9040245265625 0.8031347890625 0.9037748390625 0.8114933015624999 0.9053905046875 0.8200152640624999 0.9144557359375 0.8233237250000001
0 0.8925946093749999 0.8163799421875 0.88388970625 0.815617196875 0.8784915296874999 0.8252006734374999 0.8825942687499999 0.833940559375 0.8949544843750001 0.8417278984374998 0.9017186390624999 0.8490248968749998 0.9093660468749999 0.8538851796875001 0.9116553265625 0.8440293249999999 0.911155528125 0.843438253125 0.9060358171875 0.8318043687500001 0.9009509296874999 0.820464315625 0.8925946093749999 0.8163799421875
0 0.9867120015624999 0.6729416546875 0.9769496 0.676276446875 0.9723474859374999 0.6842535890625 0.9752184374999999 0.698751821875 0.9836619046875 0.702005771875 0.9888975828125 0.6999504234375 0.993761140625 0.68948204375 0.9938247875 0.676917034375 0.9867120015624999 0.6729416546875
0 1 0.669649590625 0.9943476656249999 0.6719345624999999 0.991175128125 0.6842271656250001 0.9947550374999998 0.6979495250000001 1 0.69882840625 1 0.669649590625
0 1 0.46130499374999995 0.9981896359375 0.46192340625000006 0.9883518375000001 0.471955928125 0.9888346140625 0.49127309375 0.9994048234375 0.49219928125 1 0.491856084375 1 0.46130499374999995
0 0.9431624953124998 0.26875 0.9429582546875 0.270696190625 0.9465263703125 0.2785512046875 0.957358065625 0.2769861609375 0.9680908109375 0.2703842890625 0.9686072671874999 0.26875 0.9431624953124998 0.26875
1 0.46875 0.26875 0.46875 0.8968484578125 0.47438482656250003 0.902927140625 0.488598603125 0.905010596875 0.49995311718749996 0.898463190625 0.5072519468750001 0.9066450484375 0.5155210734375 0.9115598078125 0.5307169421875 0.9162434906249999 0.5250456265625 0.9224508796875 0.5215010078125 0.9263304890625002 0.5170849343749999 0.9385141125 0.5220943796874999 0.9565518796875001 0.5371796062499999 0.9503313343750002 0.5438967609375001 0.9341591234374998 0.55021339375 0.939740809375 0.554937996875 0.948535184375 0.5643753125 0.9602566390625 0.58043084375 0.9507689312500001 0.5841615499999999 0.951095825 0.5926921125 0.95351939375 0.5901531890625 0.9717337953125 0.609166815625 0.97591394375 0.6160582671875 0.9580808906249999 0.6169180203125 0.94390958125 0.6206369281249999 0.9383691765624999 0.6282842390625 0.9432294500000001 0.6346244624999999 0.9605457812499999 0.6546956359375 0.9606283796875001 0.67031553125 0.9552927265625 0.6847789437499999 0.9490176828125 0.7012937953125 0.9471126 0.7157807046875 0.9525721734375001 0.725357015625 0.9450308828124999 0.7422087015625 0.93393688125 0.7599317953125 0.9145388421875001 0.7722165656250001 0.9290238953125 0.7700545265625001 0.9137497515625 0.771100275 0.9037849046875 0.7863715453125 0.901770840625 0.787056959375 0.8892603109374999 0.79797575 0.8868649046874999 0.8036824062499999 0.898259440625 0.8083198203125 0.9078841843750001 0.8234921921874999 0.90083325 0.8356545656249998 0.8985468078124998 0.829651178125 0.872041540625 0.818958528125 0.8543438390624999 0.8209746250000001 0.8411118796875 0.83546158125 0.8465714609375 0.8391451968750001 0.8234291359375 0.8505986562500001 0.8219186046875 0.8614420562499999 0.8262208687499999 0.8675491921875 0.8158614875 0.8829076046874998 0.8130170328125 0.9006546156249999 0.7874118265625001 0.9151816734375 0.768571778125 0.9238512828125 0.7517326046874999 0.9310041187500001 0.731408371875 0.9323984484375 0.7181219171875 0.9407195218750001 0.7046043734375 0.9378602718749999 0.69597344375 0.934815028125 0.683136025 0.9427874718750001 0.672940071875 0.9500862953125001 0.681121978125 0.9654564578125001 0.68414481875 0.969238965625 0.6660393984375 0.9749103765625 0.6598320171875001 0.9858409625 0.6633039078125 1 0.6485099078125 1 0.6476738046875 0.985979959375 0.6440411765625 0.9747644390625 0.6313258828125 0.9812083578124999 0.6117775921874999 0.9863215984375 0.5929507328125 0.9802311109375001 0.5672758921875 0.9667145062500001 0.5585491687499999 0.9683702734375 0.5427714921875 0.9837286875 0.5399270375 0.9913407968750001 0.527185415625 0.9863195062500001 0.5032803453125 0.9787592953124999 0.49758964687499996 0.9777937546875 0.4589551875 0.9706692624999999 0.44911256718750003 0.96183016875 0.425711 0.9696283250000001 0.41717584062499996 0.9738583578124999 0.40078570312499995 0.9783733250000001 0.3936389828125 0.96980746875 0.3736134953125 0.9695107328125001 0.358502825 0.9660933593750001 0.3372524046875 0.950176825 0.3274773671875 0.9341496015625002 0.3067980953125 0.9277340265625 0.2961795015625 0.9249501765625 0.2808508421875 0.9209903796875001 0.271457028125 0.9330983796875 0.27590443750000004 0.93628266875 0.269479115625 0.936134290625 0.26875 0.46875 0.26875