0 0.5796875 0.2805745421875 0.5782482703125 0.28041100625 0.5615310124999999 0.281968121875 0.5574007187500001 0.29075370624999997 0.57730348125 0.29764264375 0.5796875 0.298421134375 0.5796875 0.2805745421875
0 0.46749357812500003 0.2902387484375 0.45288934843749995 0.2956041140625 0.45925579531249994 0.3117151734375 0.46656703125 0.31059459375 0.4801443890625 0.3084019359375 0.482184453125 0.2997133609375 0.480066865625 0.295124059375 0.46749357812500003 0.2902387484375
0 0.50252664375 0.02376461875 0.5035899984375 0.026840321875 0.5171901562500001 0.028552921874999998 0.5318080703125 0.025530712500000004 0.53696979375 0.01435346875 0.52544618125 0.0102007046875 0.5181258265625 0.00975918125 0.506661496875 0.0157600875 0.50252664375 0.02376461875
0 0.468653521875 0.1308072171875 0.46861703906249996 0.1245588046875 0.460224209375 0.11947947656249999 0.4456245375 0.12562589375 0.44461590624999997 0.1319228109375 0.44883284218749997 0.13797720625 0.46034277343749996 0.1397868171875 0.4666043359375 0.137933690625 0.468653521875 0.1308072171875
0 0.42772535781250004 0.1037999671875 0.426716725 0.11009688437500001 0.4319833375 0.116883828125 0.439321934375 0.1204495578125 0.44977307031249997 0.11996451562499999 0.45180401562499994 0.10971383750000001 0.452812646875 0.103416921875 0.44548773124999996 0.102194346875 0.4360817078125 0.10263088281249999 0.42772535781250004 0.1037999671875
0 0.4344756875 0.00661004375 0.4282323671875 0.0115873765625 0.42617861875 0.0179327984375 0.42726933593750005 0.025694809375 0.43672096250000003 0.0330687890625 0.4482080921875 0.030973142187500004 0.4565325203125 0.0243366953125 0.45857258593749994 0.0156481203125 0.45436932968750005 0.011936878125 0.447017053125 0.00602799375 0.4344756875 0.00661004375
0 0.3097042109375 0.30146812343749996 0.3117397140625 0.2919984953125 0.3106398796875 0.28267437968750003 0.2980802734375 0.2801322234375 0.28555715 0.28383847812499996 0.278291515625 0.2927695734375 0.283590046875 0.305023878125 0.299280434375 0.30663947187499996 0.3097042109375 0.30146812343749996
0 0.36539703437500004 0.17153749375 0.3612530609375 0.1779799234375 0.3623300953125 0.18339878125 0.3633934515625 0.18647448125 0.3749398640625 0.1945325046875 0.383264290625 0.187896059375 0.385299796875 0.17842643281249998 0.3800468671875 0.17398264375 0.37271283125 0.171197965625 0.36539703437500004 0.17153749375
0 0.21903469062499997 0.349426865625 0.2096651484375 0.35611181406250003 0.20344918750000002 0.365775459375 0.21397329062499998 0.37778724375 0.22231139687499998 0.3734939515625 0.2295861515625 0.3661249609375 0.22638696875000003 0.35533575 0.21903469062499997 0.349426865625
0 0.11442673125 0.5167845062499999 0.119634059375 0.5134177796875 0.1206290109375 0.5047777078125 0.117425265625 0.49320744687499996 0.10278455312500001 0.49232440000000005 0.0923425375 0.49437154375 0.09237901875 0.5006199578125 0.093487975 0.511506175 0.1018853671875 0.5173665546875 0.11442673125 0.5167845062499999
0 0.2219183953125 0.4852328328125 0.21144901875 0.48259366718749996 0.2010115609375 0.48542186249999997 0.19688126718750001 0.49420744687499996 0.2042472265625 0.5024594859375 0.2074281703125 0.5101244890625 0.22101465 0.5094939359375 0.223077515625 0.5047106171875 0.2230273515625 0.49611905 0.2219183953125 0.4852328328125
0 0.0661827734375 0.49011678593749997 0.061021046875 0.5012940296874999 0.06842804687500001 0.51657553125 0.08518635 0.522047878125 0.1052213578125 0.5515873124999999 0.09876370625 0.5198552234375 0.09453308906249999 0.5114576703125 0.08192788281249999 0.5011049984375 0.0713855390625 0.4859690078125 0.0661827734375 0.49011678593749997
1 0 0 0 0.4154081578125 0.0030290484375 0.41648397656249997 0.023976925 0.42332441093749995 0.043888809375 0.4317754515625 0.0563982515625 0.42572604218750004 0.06157365625 0.41689195312500005 0.0594378265625 0.4091784453125 0.058296948437499996 0.3928248671875 0.0865423796875 0.3962015671875 0.128533896875 0.42628451875 0.11261550000000001 0.3856163453125 0.110465990625 0.37555968281249996 0.13558976250000002 0.3814250484375 0.154388128125 0.37820882031249997 0.16795180468749998 0.3736730109375 0.190885021875 0.36245225 0.2075338796875 0.349179359375 0.214804071875 0.341029315625 0.223110259375 0.3312686640625 0.2272405515625 0.3224830796875 0.2514605765625 0.35260955 0.2544773515625 0.3321566953125 0.2449390828125 0.3099427359375 0.263714646875 0.30282125 0.258425234375 0.2921290484375 0.2771779984375 0.281102303125 0.27607816406249996 0.2717781890625 0.2717973828125 0.254789071875 0.27488712187500003 0.24683304375 0.2853291390625 0.24478589999999997 0.30726740625 0.2422052109375 0.3082532359375 0.232003034375 0.321812353125 0.226686171875 0.34269182656249997 0.2218108328125 0.3436502953125 0.20692235 0.33003645625 0.2028665921875 0.3237384125 0.1984713078125 0.3330714734375 0.1855379453125 0.336165771875 0.17836297031249998 0.3465758671875 0.1708484640625 0.35068791875 0.158938675 0.3705815609375 0.164265509375 0.3787874234375 0.1373217234375 0.3682861234375 0.129215196875 0.370271465625 0.1111540015625 0.3701529 0.0908466609375 0.370070815625 0.0767877328125 0.382516415625 0.0598036 0.3750820546875 0.0398357875 0.3812752140625 0.0262668859375 0.3957882390625 0.0052804875 0.39144233281249996 0 0 0
0 1 0.20809974062499997 0.9925704484375 0.20536652187499999 0.9800382046875 0.2075106734375 0.9737994453125 0.21326905937500001 0.9749129625 0.224936328125 0.983310353125 0.2307967078125 0.9916849453125 0.23275183125 0.9968968328125001 0.2301661546875 0.9979009046874999 0.22308818593750002 0.999945528125 0.21518066249999998 1 0.2150123609375 1 0.20809974062499997
0 0.8450452484375 0.184087740625 0.8335581187500001 0.1861833890625 0.8304501390624999 0.191015209375 0.8325950890625 0.2002908203125 0.8368029046875 0.2047831140625 0.8462134890625 0.205127628125 0.856641825 0.2007373296875 0.8555830296875 0.198442678125 0.855564790625 0.1953184734375 0.8555465484375 0.192194265625 0.8534289609375 0.187604965625 0.8450452484375 0.184087740625
0 0.5796875 0.39478700624999996 0.5796995500000001 0.39484338281250003 0.5849479203125 0.39850611874999997 0.59437674375 0.40197484218749996 0.60165605625 0.3953869 0.601619575 0.3891384859375 0.6015694140625001 0.38054691875 0.594258178125 0.3816675 0.5921588296875 0.38020240625 0.5817168140625 0.38224954843750003 0.5796875 0.38348520937499997 0.5796875 0.39478700624999996
0 0.645396609375 0.187884659375 0.6464736453125 0.193303515625 0.6548527953125001 0.1960396890625 0.6621777109375 0.1972622640625 0.6820303109375 0.19555963437499999 0.6840338953125 0.18062264687500001 0.6735417171875 0.17407822343749998 0.6536982359375 0.17734295625000002 0.6463824406249999 0.177682484375 0.645396609375 0.187884659375
0 0.7411184093750001 0.110003434375 0.7317123859375 0.11043997187500001 0.7223474046875 0.1179059734375 0.7234563625 0.128792190625 0.7276732984375001 0.1348465859375 0.73920603125 0.1405614546875 0.7569456015625 0.1350505765625 0.7652654703125 0.127633078125 0.761021171875 0.11689237187499998 0.75366889375 0.1109834875 0.7411184093750001 0.110003434375
0 0.8157692078125001 0.0041933828125 0.8095076453125 0.0060465109375 0.8001244234375001 0.01038830625 0.78970065 0.015559656250000001 0.79284055 0.0161951953125 0.8054138359374999 0.0210805078125 0.8284291375 0.023918675 0.8430196890625 0.0162101546875 0.8387845109375001 0.0070315515625 0.8314322328125 0.00112266875 0.8157692078125001 0.0041933828125
0 0.25421282500000003 1 0.254283134375 0.9998799859374999 0.24901196250000002 0.9923119906250001 0.237506590625 0.9912834343749999 0.2260559421875 0.99962749375 0.2263771265625 1 0.25421282500000003 1
0 0.4841724890625 0.8040513609375001 0.4842363328125 0.8149860828125 0.502030628125 0.8188478218749999 0.5082511484375 0.80996523125 0.50611075625 0.801470671875 0.498763040625 0.7963428390624999 0.48936157812500003 0.7975604265625 0.4841724890625 0.8040513609375001
0 0.31269631875 0.798728153125 0.31589094375000004 0.8087363109375 0.3295093421875 0.8135731187499999 0.3336806765625 0.8118169984375001 0.3450994046875 0.7980055765625 0.33981911249999996 0.788875478125 0.335611296875 0.7843831859374999 0.3251556 0.784087175 0.314736384375 0.7900395765624999 0.31269631875 0.798728153125
0 0.25044095781250003 0.8789625046874999 0.25458493125000003 0.872520075 0.25872434218749996 0.8652965937499999 0.25868786093749996 0.8590481828125001 0.2503087109375 0.856312009375 0.24298379374999998 0.8550894343750001 0.23674959375000001 0.8616288718749999 0.23264210468750002 0.8743197109375 0.23790415468749998 0.8803256046874999 0.25044095781250003 0.8789625046874999
0 0.393540275 0.6793492 0.3914865296875 0.685694621875 0.391513890625 0.69038093125 0.39781649531249996 0.6955572671875 0.41246632656250004 0.698002415625 0.416605740625 0.6907789359375001 0.416582940625 0.686873678125 0.41132088749999995 0.6808677859375 0.405031965625 0.6780346046875 0.393540275 0.6793492
0 0.455845796875 0.6077064171875 0.45274693906249996 0.6141003406250001 0.454873646875 0.6202517453125 0.4695371609375 0.62504005 0.478920384375 0.6206982546875001 0.4840957890625 0.6118641671875 0.4798606109375 0.6026855640625 0.4662650140625 0.6017540140625 0.455845796875 0.6077064171875
0 0.504135359375 0.642184653125 0.519816625 0.64223814375 0.5093381265625 0.6380368734374999 0.49882770625 0.6283682453125 0.5009042546875 0.62592808125 0.500831290625 0.61343125625 0.493524615625 0.6153328874999999 0.48833552812500003 0.621823821875 0.48522754843750004 0.62665564375 0.475853446875 0.6325595421875 0.46752445781249996 0.638414934375 0.474867615625 0.6427617156250001 0.48323764531249996 0.6439357859375 0.4968058828125 0.6401810265625001 0.504135359375 0.642184653125
1 0 0.5796875 0 0.9171855171875001 0.014413989062499999 0.918823334375 0.023824571875 0.91916785 0.043750135937500004 0.9299620453124999 0.06155354843750001 0.9353858890625 0.0824740671875 0.9375400140625001 0.0908121734375 0.9332467234375 0.0907437703125 0.92153095 0.0854634796875 0.9124008515625001 0.0854087578125 0.9030282328125001 0.10630191093750001 0.9004960484375001 0.12094718281250001 0.9021601453125001 0.160889515625 0.9393695687499999 0.167123715625 0.9328301312499999 0.15129196250000002 0.9070019390624999 0.136541803125 0.88737365625 0.14697469999999999 0.8837644078124999 0.1626696484375 0.8861610531250002 0.17938234687500001 0.883822884375 0.1950408109375 0.8799711171875 0.2106764765625 0.8722140906250001 0.2325645796875 0.8610418359375 0.245051221875 0.8510871671875 0.2523122953125 0.84137501875 0.25328900625 0.8296107421875 0.27853134062499996 0.85578345 0.2720691296875 0.8232703078125001 0.288736228125 0.8131216234374999 0.2960246609375 0.8080957859375001 0.28758166875 0.7944248890625 0.3032401328125 0.7905731218750001 0.30629795 0.7771497328125 0.30411651875 0.761625709375 0.30303036250000004 0.7546447484375001 0.31134566874999997 0.7464462000000001 0.32599094375000004 0.7481102984375 0.3332383359375 0.7360549953125 0.3614336046875 0.730840128125 0.37082138750000004 0.727279384375 0.37281129062499996 0.7099992421875 0.35608035 0.7092132046875 0.3497777453125 0.7040368671875 0.35913816718749997 0.6957898140625 0.364313571875 0.6869557265624999 0.371565525 0.6756814765625 0.3746735046875 0.6708496546875 0.3851520046875 0.6750509234375001 0.3986928796875 0.6666098546875 0.403799884375 0.6460599921875 0.3953705703125 0.6347322531249999 0.3953249671875 0.6269217359375 0.3952383234375 0.61208175625 0.40033620625 0.5899697921875 0.4029948671875 0.5796875 0 0.5796875
0 0.8330971765624999 0.877189584375 0.8372548312500001 0.8730903109374999 0.8382634625 0.8667933937499999 0.831947178125 0.859273903125 0.821496040625 0.85975894375 0.8131488125 0.8624901312500001 0.7995760140625 0.8654638390624999 0.7870255281249999 0.8644837843750001 0.8006484890625 0.87010164375 0.8111269859375 0.8743029124999999 0.8163662374999999 0.876403546875 0.8268356156250001 0.8790427125000001 0.8330971765624999 0.877189584375
0 0.8388115109375001 0.78161026875 0.8408606984375 0.7744837953125 0.8387066265625001 0.76364608125 0.8355484843750001 0.759886334375 0.8229888781250001 0.757344178125 0.8125605437499999 0.7617344765625 0.8073851359375 0.770568565625 0.8105569609375 0.776671465625 0.8158007703125 0.77955315 0.82104001875 0.781653784375 0.8346447375 0.7841474390625001 0.8388115109375001 0.78161026875
1 0.5796875 0.5796875 0.5796875 1 0.7167297593749999 1 0.7166372703125 0.9841587468749999 0.727070165625 0.9805495015624999 0.745955175 0.9921732515624999 0.7615908390625 0.9844162265625 0.763612665625 0.9726034453124999 0.7468270015625 0.9624447875 0.73948384375 0.9580980078125 0.7394564828125001 0.9534116984375001 0.7331356390625 0.9451111546875 0.7320403625 0.9365680921875 0.7550647859375 0.9409683624999999 0.7718094046874999 0.94409755625 0.7780344859375 0.9359960140625001 0.7957786171875 0.9312661875 0.810373728125 0.9243387171874999 0.7935789453125001 0.9126179578125001 0.7652924703125 0.9022117953125001 0.75477293125 0.8909810625000001 0.7703812328125 0.8785377265625 0.7839540312500001 0.8755640187499999 0.7681268375 0.8505168781249999 0.7680173921875 0.831771640625 0.7731927984375 0.8229375515624999 0.77307879375 0.8034112625000001 0.7939765078125001 0.8016601296874999 0.7896227640625 0.7721741859375 0.7812253734375 0.76631380625 0.7665344984375 0.7568391921875 0.7643576265625 0.7420962203125 0.75384720625 0.732427590625 0.753778803125 0.7207118171875 0.7411553546875 0.7072349375 0.729613503125 0.6999579671875 0.7222475421875 0.691705928125 0.7126499890625 0.6593382984375 0.7020985296875 0.642640203125 0.6905110734375001 0.62755271875 0.6821000015625 0.6193491828125 0.6674091265625 0.60987456875 0.659007175 0.6032331375 0.634910278125 0.5941950609375 0.6363121359375 0.5796875 0.5796875 0.5796875
0 0.757544278125 0.6494421078125 0.7690177265625 0.6450033046875 0.778369028125 0.6351941484375 0.7720208234375 0.6222072953125 0.7552716421875 0.6182970515624999 0.739622296875 0.6237109234375 0.7375594296875 0.628494240625 0.7376551953125 0.6448963234375 0.757544278125 0.6494421078125