0 0.11891766875000001 0.128325528125 0.12502386875 0.1151956671875 0.11346435937499999 0.108232896875 0.09779756875 0.10691995000000001 0.1010239546875 0.1150962546875 0.101087796875 0.1205272390625 0.10323263906249999 0.125460871875 0.1147739078125 0.1308719328125 0.11891766875000001 0.128325528125
0 0.19141525312500002 0.0822117390625 0.19254239687500002 0.08933368281250001 0.192642721875 0.0978680828125 0.20940929062500002 0.10397540937500001 0.21978693593749998 0.09916110781250001 0.21864155156249998 0.0904874546875 0.206046103125 0.0841612859375 0.19141525312500002 0.0822117390625
0 0.2362471921875 0.1679734015625 0.2267322015625 0.1574098671875 0.2172628125 0.15072560468750001 0.21621775156249998 0.1505863515625 0.2037226265625 0.1527945828125 0.20497745312500001 0.170778490625 0.2103395609375 0.1831125765625 0.22499777187499997 0.1873896890625 0.2364934375 0.1889214765625 0.23950093749999998 0.1784772734375 0.2362471921875 0.1679734015625
0 0.32527799218750003 0.19687874375 0.3159271671875 0.20028059062499998 0.31494595 0.20557231874999998 0.3119019703125 0.2129131046875 0.3307677828125 0.22007479375 0.3453621515625 0.21892092343749997 0.3452344671875 0.20805895937500002 0.3420263234375 0.2014343625 0.3367827796875 0.1991863859375 0.32527799218750003 0.19687874375
1 0 0.6 0.46875 0.6 0.46875 0.2137641125 0.46842393906249996 0.21362889843750002 0.4621718171875 0.2143450875 0.459109596875 0.2201341625 0.4623451015625 0.229086325 0.46666215 0.24128115625 0.46358168906249997 0.2455185234375 0.44901468125 0.2489999578125 0.4437984984375 0.2490795453125 0.43234843281249996 0.25142702968749997 0.4197256234375 0.2427732984375 0.41230987499999994 0.233264125 0.39555242343749997 0.22793265156250003 0.387319621875 0.2376805875 0.3895100671875 0.24649349375 0.38536630625 0.2490399 0.37066249375 0.240883515625 0.346571378125 0.233025559375 0.3330129484375 0.233542828125 0.313248 0.23865555781249997 0.29657263125 0.2403067765625 0.2924015078125 0.2405256171875 0.2726456796875 0.24641420468750003 0.26115001250000003 0.24488241562500002 0.241175296875 0.2321504921875 0.23350418125 0.2009173890625 0.22202675468750002 0.20093731093749997 0.22872577187499998 0.2382379953125 0.204625534375 0.22960418593749998 0.1866953390625 0.21327149531249998 0.1731733921875 0.21689218281249997 0.173319315625 0.22930585468750003 0.158971196875 0.2514078 0.1653145234375 0.25845015781249997 0.126838803125 0.2695907265625 0.09563291093750001 0.277826796875 0.0791125875 0.2926675421875 0.05195925 0.2905986625 0.0490247140625 0.307249703125 0.0342570609375 0.2936623375 0.0123107875 0.2907380140625 0.0071675671875 0.2970244390625 0 0.2882030265625 0 0.31319107968750004 0.0010796078125 0.31170600937500004 0.0074229359375 0.318748365625 0 0.324329590625 0 0.6
0 0.6247568203125 0.036473276562500004 0.6227123015625 0.040074040625 0.6228126265625 0.0486084421875 0.633308834375 0.05388025 0.6458495609374999 0.055551290625000006 0.649920359375 0.04679805 0.6445764921875 0.0360156734375 0.634116765625 0.033847284374999995 0.6247568203125 0.036473276562500004
0 0.7339165171875 0 0.7382488984375 0.0159625875 0.7353234828125 0.033389482812499996 0.73123444375 0.040591015625 0.7520991765625 0.040272665624999995 0.7571785546875001 0.028555259375000003 0.7517982062499999 0.014669464062500002 0.7433191562499999 0.0034693265624999997 0.73851485 0 0.7339165171875 0
0 0.7637954890625 0.058873253125000004 0.7627230671875 0.056406437499999997 0.7511270781249999 0.046340248437499995 0.7395949296875 0.0417050421875 0.73440610625 0.04411219375 0.727172765625 0.0501201109375 0.7346249921875 0.062732703125 0.7420681015625 0.0745694421875 0.7556630125 0.077155590625 0.7629510749999999 0.0758028 0.7639414140625 0.07128692656249999 0.7637954890625 0.058873253125000004
1 1 0.6 1 0.1763854109375 0.983179915625 0.17021780312499998 0.9686037875 0.17292338125 0.9445400328125 0.167392990625 0.9278737843750001 0.16982006249999998 0.8975487843749999 0.1642300046875 0.890342803125 0.1725654859375 0.87473985625 0.1766835203125 0.8704319281250001 0.16526454375 0.8526202968749999 0.1590179609375 0.8464046546875 0.16283756875 0.8213687999999999 0.16337475937499998 0.7877900546875 0.14728083281249998 0.7595825375 0.14429684375000001 0.7544940390624999 0.1552383953125 0.75467644375 0.1707554859375 0.7547858875 0.1800657421875 0.7277693562499999 0.18963468125 0.6984985359375 0.18495972968750002 0.6829685515625 0.1952846015625 0.6591145640625 0.2075988640625 0.6477009796875001 0.21304976875 0.644602278125 0.2157354265625 0.6332525359375 0.2266173125 0.6123786843750001 0.2261598078125 0.60410028125 0.2320284703125 0.590541853125 0.232545740625 0.5705215359375 0.21593454374999999 0.5517925265625 0.220410671875 0.552965271875 0.231411890625 0.555155715625 0.24022479687499998 0.550003375 0.2457353671875 0.5449604781249999 0.260556190625 0.5492228015625 0.2680958953125 0.52943049375 0.2708810625 0.5221697890625 0.27456141562499997 0.5054852999999999 0.2754367796875 0.46875 0.26466543593749997 0.46875 0.293621678125 0.4817772359375 0.30016471562499997 0.49232816562500004 0.31009165 0.47790708281249994 0.3259867578125 0.4749816671875 0.343413653125 0.4730465921875 0.35632467343749996 0.48467906093749996 0.3694942796875 0.480653865625 0.38212679375 0.46875 0.3790083984375 0.46875 0.4251105734375 0.4697236546875 0.4286979890625 0.46875 0.42957265468749994 0.46875 0.534142396875 0.47948866562500003 0.5492936203125 0.5046339625 0.5580666843750001 0.5100234312499999 0.572728334375 0.5155314625 0.5974760921875 0.516373271875 0.6 1 0.6
0 0.1997268890625 0.6915297359375 0.199576671875 0.6787509546875 0.1908951828125 0.671214771875 0.171266371875 0.6722446109375 0.1714165875 0.6850233921875 0.17144877812499998 0.6877617015624999 0.18135975 0.6954617140625 0.18996613125 0.69660850625 0.1997268890625 0.6915297359375
0 0.09425958437500001 0.70025981875 0.09668636093750001 0.6978491640625 0.096579065625 0.6887214625 0.0817287 0.678540603125 0.078061709375 0.679874659375 0.07075991875 0.685281084375 0.0732939921875 0.6919981281250001 0.077046821875 0.6979662328125 0.09425958437500001 0.70025981875
0 0.3125326109375 0.7849362703125 0.311163640625 0.77290643125 0.30132777499999996 0.7715958125 0.2903804546875 0.7801618343750001 0.2879858671875 0.7853108 0.29048775 0.789289534375 0.30036653750000003 0.7942512374999999 0.308951459375 0.7935724890625 0.3125326109375 0.7849362703125
0 0.0184179015625 0.722962234375 0.0281679296875 0.71697069375 0.02794260625 0.697802521875 0.03160959375 0.696468465625 0.020501328125000003 0.6913429359375 0.011991512499999999 0.6984110734375 0.0097256828125 0.714513278125 0.0184179015625 0.722962234375
1 0 1 0.46875 1 0.46875 0.78763143125 0.468462371875 0.7874869671875 0.4339295484375 0.7737720953125 0.4267887015625 0.7928700734375 0.44178928125 0.8158297140625 0.4345518734375 0.8267127609375 0.422310690625 0.8296383359374999 0.4050657390625 0.824606440625 0.3901080734375 0.8052978765625 0.37287385 0.8011787515625001 0.364503521875 0.8201129 0.3459861671875 0.8112660953124999 0.325042034375 0.8048299484375001 0.3177724375 0.8129746843750001 0.293279340625 0.8179130609375 0.2453294984375 0.8115237875 0.21585409218749999 0.8103302359375 0.1950065296875 0.81210901875 0.17170000000000002 0.813560146875 0.1473249328125 0.828538996875 0.0994823875 0.8312774234375 0.0873806921875 0.846069009375 0.0420936828125 0.8573500218750001 0.0262069703125 0.8634351953125 0 0.8599431390625 0 1
0 0.74782334375 0.7918423390625 0.7248228890625 0.7880029093750001 0.7280583937499999 0.7969550703125 0.7333475390624999 0.8030823187499999 0.7427804453125 0.8066631624999999 0.7541757890625 0.79966055 0.74782334375 0.7918423390625
0 0.7986756234375 0.768407428125 0.7954401171875001 0.75945526875 0.7860254515625 0.7574261328125 0.7682959031250001 0.7581622421875001 0.7705045875 0.7685268578125 0.7726585515625001 0.774236346875 0.785226640625 0.778234953125 0.7966493437500001 0.773559903125 0.7986756234375 0.768407428125
0 0.621095821875 0.9291092296875 0.62204055625 0.9207140828125 0.62192199375 0.9106279718750001 0.6072364218749999 0.904023296875 0.59472305625 0.9046798203125 0.594814259375 0.912438365625 0.5980132828125 0.91828710625 0.6054107921874999 0.9262445734375 0.612771815625 0.9310986187499999 0.621095821875 0.9291092296875
0 0.6538719796875 0.8769279546875 0.652918121875 0.884547246875 0.6541091078125 0.8971001718749999 0.66032475 0.893280565625 0.6717565750000001 0.8893813703125 0.6800258578125 0.882736853125 0.67576353125 0.8751971484375 0.666330625 0.8716163031249999 0.655898259375 0.8717754781250001 0.6538719796875 0.8769279546875
0 0.5310875734375 0.9945796390625 0.53518573125 0.9881539609375001 0.5277699859375 0.9786447859375 0.511021653125 0.97408916875 0.50273413125 0.979181978125 0.5059696359375 0.9881341375 0.516502325 0.9965093625 0.52695293125 0.9979018968750001 0.5310875734375 0.9945796390625
0 1 0.8241419046875 0.9850977109375 0.8273321375 0.9800274531250001 0.8398253984374999 0.9821631749999999 0.8439831796874999 0.9905783812500001 0.8497523328125001 1 0.8505086109375 1 0.8241419046875
1 1 1 1 0.8848088140625 0.9961684984375001 0.8814827828125 0.9783477453125 0.8744603468750001 0.9637533765625002 0.8756142171875 0.9417615015624999 0.8688106234375 0.932410678125 0.8722124703125 0.93676420625 0.8875107203124999 0.920015875 0.8829551015625 0.894870578125 0.8741820390624999 0.8820744812499999 0.8507870687500001 0.8581019281250001 0.853015221875 0.8475692390624999 0.8446399984375 0.8432339515624999 0.8308934562499999 0.832646540625 0.8178631031249999 0.81905163125 0.8152769531249999 0.8054384812500001 0.8111390953125 0.8088199125 0.8325049296875001 0.7953344484375 0.8392290359375 0.7742599484375 0.8217027296874999 0.7574842578125001 0.8148195484375 0.7692535328125001 0.839626971875 0.7748710078125 0.8736849875000001 0.774953090625 0.8806676781250001 0.7676650281249999 0.8820204671875 0.7258717203125 0.877226184375 0.6977554078124999 0.8820007437499999 0.6769909999999999 0.8908534937500001 0.6656047734375 0.8986319609375 0.655172409375 0.8987911359374999 0.646547434375 0.8751773265624999 0.6287175625 0.8673790359375 0.6137766250000001 0.8390504328125001 0.6022718359375 0.8367427890625001 0.6098882296875 0.8633207640624999 0.6215845421875 0.881921353125 0.6175684671875 0.8953297203125 0.6334997453125 0.9191424515625 0.6336639078124999 0.9331078328124999 0.6265217703125 0.946874296875 0.6183072109375 0.9581739421875 0.61843489375 0.96903590625 0.5995052390625 0.9564432359375001 0.5838749296875 0.95823370625 0.5703529828125 0.96185439375 0.5577940140625 0.9586316437499999 0.5496341765625 0.9745864171875 0.5622478656250001 0.98246429375 0.5623208281250001 0.9886711312500001 0.5498804234375 0.995534490625 0.546634109375 1 1 1