0 0.0395953703125 0.26590275625 0.029574809375 0.25246971875 0.0123487109375 0.2465092453125 0.00182090625 0.246361584375 0.002892496875 0.2551867546875 0.0082840484375 0.26314513281249996 0.0265447875 0.26927467968749996 0.06408410625 0.2997865859375 0.07659049531249999 0.301043946875 0.05533333124999999 0.2755518890625 0.052864303125 0.26964383281250004 0.0395953703125 0.26590275625
0 0 0.4304047296875 0.00633568125 0.4232459609375 0.008640109375 0.412613375 0.00312090625 0.3967704515625 0 0.3957424296875 0 0.4304047296875
0 0.08990311250000001 0.1608866859375 0.0799564515625 0.1647658359375 0.0755827421875 0.1750602703125 0.08380611875 0.18584051562499998 0.097619246875 0.1849523078125 0.1033366453125 0.181168403125 0.10317204531249999 0.1646277609375 0.08990311250000001 0.1608866859375
0 0.15236115625 0.1498612921875 0.1609103796875 0.14889925625 0.164558496875 0.1447771984375 0.1706386921875 0.1379071046875 0.1648473921875 0.1243788203125 0.146805003125 0.1253622734375 0.13731183593750002 0.1253836875 0.139908515625 0.1391762921875 0.1482225921875 0.14918499062499999 0.15236115625 0.1498612921875
0 0.34476739375 0.17265324375 0.3455836859375 0.16570932031250002 0.3399200359375 0.16006558437500001 0.3276857453125 0.156493584375 0.3214241515625 0.164906771875 0.3215518 0.17279131875 0.327487546875 0.1761204125 0.33792465625 0.177039621875 0.3411192765625 0.17677530156250001 0.34476739375 0.17265324375
0 0.21461429375000002 0.0688155984375 0.20071046718750002 0.070475353125 0.199894175 0.0774192765625 0.199749728125 0.087618465625 0.20991473906250002 0.0908523140625 0.2142346984375 0.089985521875 0.22040559375000002 0.08234388125 0.21906190468750003 0.075833353125 0.21461429375000002 0.0688155984375
0 0.2569069171875 0.06786314843749999 0.259883190625 0.060485828124999995 0.258358103125 0.05551839374999999 0.2415855015625 0.045700184375 0.23276418125 0.0489768640625 0.2269023328125 0.0629599578125 0.23009695468750002 0.0626956375 0.23445386875000002 0.0704849390625 0.23625105156249998 0.07313773125 0.24772279843749997 0.074226015625 0.2569069171875 0.06786314843749999
0 0.8947171375 0.294337296875 0.8895808828125 0.3021480140625 0.9083320671875 0.3130759203125 0.9241607265624999 0.3219535046875 0.9344701828125 0.314988165625 0.9352864750000001 0.308044240625 0.9255749625 0.30095265625 0.9113620874999999 0.2962709578125 0.8947171375 0.294337296875
0 0.80114596875 0.2829782359375 0.7861168015625 0.2852404609375 0.790419965625 0.30245740468750004 0.7977531515625 0.3028693859375 0.8113848796875001 0.3035242734375 0.8144518515625 0.29537540624999997 0.8129267656250001 0.290407971875 0.80114596875 0.2829782359375
0 1 0.32182511406250003 0.9945700500000001 0.3240229984375 0.9954602421875001 0.3343912640625 1 0.340342553125 1 0.32182511406250003
0 0.8681053999999999 0.027341393749999998 0.8687772453125 0.0305966578125 0.8819554765625 0.0351092796875 0.896712546875 0.0351616984375 0.9031555375 0.025205415624999998 0.8923186828125 0.018716301562500003 0.8851668968750002 0.016761224999999998 0.8731509546874999 0.020302225 0.8681053999999999 0.027341393749999998
0 0.8217178718749999 0.1259207671875 0.8224434640624999 0.119748390625 0.8148012328124998 0.11299495625 0.7996813656249999 0.11602872812500001 0.797921134375 0.1220320296875 0.8013341031250001 0.128880709375 0.8124430546875001 0.1330551828125 0.8188322984374998 0.132526540625 0.8217178718749999 0.1259207671875
0 0.7847227484375 0.09077957812500001 0.7829625140625 0.096782878125 0.7873194265625 0.10457218125000001 0.794108415625 0.10961344531249999 0.8044548234375 0.1113042 0.8077031937499999 0.10161223906250001 0.809463428125 0.0956089359375 0.8024023390625 0.0928823140625 0.7930905734375 0.0913606328125 0.7847227484375 0.09077957812500001
0 0.7964148984375 0 0.7936650109375 0.0057403140625 0.7937926609375 0.013624862500000001 0.8021974359375001 0.0228620125 0.8137598828125 0.0231787484375 0.822762603125 0.0183589765625 0.825829575 0.010210107812499999 0.8221445078125 0.005676071875 0.8171158484374998 0 0.7964148984375 0
0 0.6444617125000001 0.26130556718750003 0.647619384375 0.252385153125 0.6476731328125 0.2429575125 0.6356202390625001 0.2378424171875 0.622841753125 0.23889969843749997 0.614601578125 0.2462031890625 0.6183235953125 0.259393321875 0.6335711093749999 0.2642440953125 0.6444617125000001 0.26130556718750003
0 0.7151162734375001 0.144673459375 0.710252115625 0.150169534375 0.7106518640624999 0.155739440625 0.711323709375 0.15899470468750002 0.7217070671875 0.1693415546875 0.730709784375 0.16452178125 0.7338674578125 0.155601365625 0.729238446875 0.15012670625 0.722358759375 0.1458569890625 0.7151162734375001 0.144673459375
0 0.5493688125 0.28980263906250003 0.5393314515625 0.2944533359375 0.53203521875 0.3026974484375 0.540930440625 0.3167329578125 0.5496610609375 0.3142278265625 0.5577198390625 0.30846743125 0.55588570625 0.29715854375 0.5493688125 0.28980263906250003
0 0.4260046734375 0.43320781718749996 0.43154067500000004 0.4309670078125 0.43357300624999995 0.42264906562500004 0.4318295703125 0.41056863125 0.4175259953125 0.40665847812499994 0.406998190625 0.4065108171875 0.40627259843749997 0.41268319531250003 0.40603745 0.42365393124999995 0.413588984375 0.43117891249999996 0.4260046734375 0.43320781718749996
0 0.5356564453125 0.42438999375 0.525672834375 0.41961305 0.5150543296875 0.4202369375 0.5099180750000001 0.42804765156249996 0.5161628703125001 0.43771820000000006 0.518359803125 0.445940896875 0.5318101343749999 0.4481388796875 0.534423609375 0.44384774687500006 0.5354213 0.43536072968750006 0.5356564453125 0.42438999375
0 0.3817670640625 0.39688310000000004 0.37532407343749996 0.4068393828125 0.3807525765625 0.4234538546875 0.39658123437500004 0.4323314390625 0.4127021453125 0.4656342140625 0.410212965625 0.43298632656249997 0.4070720921875 0.42382300624999997 0.3959261890625 0.41099243906250005 0.3873937640625 0.39387074218749996 0.3817670640625 0.39688310000000004
1 0.35 0 0.35 0.323323328125 0.3669327421875 0.33469492968750003 0.379983325 0.33132300625 0.38615421875 0.323681365625 0.384991928125 0.31562774375 0.38586196875 0.29925617656250003 0.41325307499999997 0.3084504984375 0.45092004375000005 0.34684695312499997 0.44020748593750003 0.3034188203125 0.43931729375 0.2930505578125 0.4633323796875001 0.30405229375 0.48222801249999997 0.3047810125 0.4961318375 0.30312125624999997 0.5200730234375 0.29681080625 0.5380784640625 0.287171259375 0.5462279390625 0.2806393171875 0.55559345625 0.27273335625 0.5607297093750001 0.2649226390625 0.5808984828125 0.2996732625 0.5863605828124999 0.2801202625 0.579679090625 0.256223715625 0.5990282171875 0.25309469687499997 0.5951247984375 0.24144765937499998 0.6149274234375 0.23446090625 0.614981171875 0.22503326562499998 0.6128379890625 0.20738292500000002 0.616848903125 0.2001746796875 0.627376709375 0.200322340625 0.6492855640625 0.2023298328125 0.65149929375 0.1924687953125 0.66549381875 0.1900374953125 0.68664013125 0.18956126874999998 0.6893980546874999 0.17507094843749998 0.67649191875 0.1682436828125 0.67082826875 0.1625999484375 0.681591221875 0.151776871875 0.6855114359375 0.14534017500000002 0.6966741359374999 0.14008700624999998 0.7021731875 0.1291901015625 0.72110576875 0.1385749140625 0.7324666671875001 0.11369491406250001 0.723117946875 0.10351714062499999 0.7272733078125 0.0861097078125 0.7296314859375 0.06604948125 0.7312640703125 0.05216163124999999 0.745584440625 0.037988046875 0.740700134375 0.01674429375 0.7484498640625 0.0046424453125 0.752869275 0 0.35 0
1 0 0.46875 0 0.959912659375 0.0009259890625 0.9610615046875001 0.0072460796874999995 0.9790827765625 0.027291759375000002 0.9880213781249999 0.0419771578125 0.99230881875 0.05204379218750001 1 0.091370946875 1 0.09442850781249999 0.9983633171874999 0.0967616546875 1 0.35 1 0.35 0.4699330875 0.3209649546875 0.46875 0 0.46875
1 0.35 0.46875 0.35 1 0.595117090625 1 0.596437265625 0.994347828125 0.5976163546875 0.9843177140625 0.6021714640625 0.9724801859374999 0.6090142015625 0.9680938093750001 0.6196327078125 0.9674699234374999 0.6194882609375 0.9776691109375001 0.6230826281249999 0.9829746968750002 0.6344636765624999 0.9848345265624999 0.6408159703124999 0.9756497921874999 0.638528340625 0.968198640625 0.6556267874999999 0.9662745656249999 0.6613072343749999 0.9538345671874999 0.65606013125 0.9356770015624999 0.654807140625 0.9283949249999999 0.66560704375 0.9262279437500001 0.6845026765625001 0.9269566625 0.6964279203125 0.9241872109374999 0.695447028125 0.9145904937499999 0.7049032421874999 0.9059129859375 0.7082423125 0.895449475 0.71864246875 0.8877125890625 0.7175708765625 0.8788874203125001 0.7258110531249999 0.8715839296875 0.7346861234375 0.858879609375 0.74790130625 0.8720483265624999 0.7590640078125 0.8667951578124999 0.7643816578125 0.8574413468750001 0.7711504953125 0.8357427828125001 0.7731458765625 0.8187687453125001 0.7719466359375 0.802059028125 0.765611140625 0.7931600265625001 0.762833065625 0.7809105171875 0.761217278125 0.77671463125 0.7725076296875 0.779346009375 0.7801666609375 0.7680157078125001 0.7827801359375 0.763724575 0.7817622937500001 0.7454717656250001 0.7786214203124999 0.7363084437499999 0.78168839375 0.7281595765625 0.778964065625 0.706482425 0.7819940875 0.6896774640625 0.7736800109375 0.679668765625 0.7689233515625 0.6663095578125 0.759537684375 0.6474756890625 0.7538370828125001 0.633175859375 0.75096830625 0.621697896875 0.75359858125 0.5993230296875 0.7417808359375 0.5832371999999999 0.7214676140625 0.558685765625 0.7051485093750001 0.5450098203125 0.6904451890625 0.5355297640625001 0.68105951875 0.5166958953125 0.68530558125 0.4985169140625 0.6643944171875 0.4880224046875 0.651669678125 0.4796520453125 0.6523952718749999 0.4734796671875 0.6422444171875 0.46875 0.35 0.46875
0 0.6725270390625 0.9839773218750001 0.68183880625 0.9854990015624999 0.6959240281250001 0.982296153125 0.7024577203125 0.9715683234375 0.69688476875 0.9651530390625 0.675610809375 0.9577447187499999 0.6661545921875 0.9664222265625 0.6725270390625 0.9839773218750001
0 0.7184442734375001 0.9073394203125 0.7133987171875 0.9143785874999999 0.7169393390625001 0.929111815625 0.734256134375 0.9343007406249999 0.7394830875 0.9257184765625001 0.7388112421875 0.9224632140625001 0.73792105 0.9120949484375 0.731132059375 0.907053684375 0.7184442734375001 0.9073394203125
0 0.7728603359374999 0.8839906875000001 0.7649460046875001 0.8795518937499999 0.7552714421875 0.881116403125 0.7460873250000001 0.8874792703125 0.7526042171875 0.8948351765624999 0.7582678671874999 0.9004789125 0.7687049734375 0.9013981203124999 0.775819809375 0.8946971015624999 0.7728603359374999 0.8839906875000001
0 0.9413858718749999 0.7511110171875 0.9394442421874999 0.7586574140625 0.9428572093749998 0.76550609375 0.9481211140625 0.7655799249999999 0.9646753656249999 0.7682851312500001 0.9709369609374999 0.7598719453125 0.9610440484375001 0.754323453125 0.9592468640625 0.751670659375 0.9461593296874999 0.7463864906250001 0.9413858718749999 0.7511110171875
0 0.8664281484374999 0.8505261828125 0.864704865625 0.865185578125 0.8777017015624999 0.8712412953124999 0.8903525359375 0.8622994671875001 0.8828010046875001 0.8547744843749999 0.8806947718749999 0.845780240625 0.875031121875 0.840136503125 0.8664281484374999 0.8505261828125
0 0.855282246875 0.8376956171875 0.856061590625 0.8220955968749999 0.8463500749999999 0.8150040125 0.83856339375 0.8184497671875001 0.8185424234374998 0.8183235203125001 0.8248779171875 0.8272225203125 0.8283815859375 0.833299653125 0.837821003125 0.8427058796875 0.850418090625 0.8431916906250001 0.855282246875 0.8376956171875
0 0.856800625 0.7530159203125001 0.8650408031249999 0.7457124296875 0.8639692109375 0.736887259375 0.8595215984374999 0.7298695046875 0.8467968625000001 0.7214991453125 0.8374850953124999 0.7199774671875 0.8245621609375 0.7312339375000001 0.8246898109374999 0.739118484375 0.8263962953124999 0.7425428234375 0.8329131890625 0.7498987296875 0.8462728187499999 0.752868259375 0.856800625 0.7530159203125001