0 0.5190515515625 0.1611335671875 0.5336196609375 0.163965021875 0.5420183359374999 0.1592369015625 0.5431602296875 0.1507550171875 0.5328596515624999 0.1397144109375 0.523482746875 0.1388962046875 0.5182551703125 0.1400003359375 0.5160804890625 0.1476119640625 0.5159531937499999 0.15852279687499998 0.5190515515625 0.1611335671875
0 0.565794353125 0.0879785140625 0.5677599078125 0.098291825 0.57606765625 0.10135715625 0.5844117734375 0.10130510625 0.5875919640625 0.0969017703125 0.591832215625 0.09103065625 0.58773744375 0.084432246875 0.5815134515625 0.081548740625 0.5773459390625 0.08118509375 0.566908971875 0.081834665625 0.565839815625 0.0840817890625 0.565794353125 0.0879785140625
0 0.471676034375 0.1991271734375 0.4790146453125 0.1958668328125 0.4791055703125 0.1880733796875 0.4792146796875 0.1787212375 0.46883226718750004 0.1746947375 0.46043359375000004 0.17942286093749998 0.455160553125 0.1844237171875 0.45505144375000006 0.193775859375 0.4654247640625 0.198581703125 0.471676034375 0.1991271734375
0 0.4049011390625 0.2908178765625 0.41427804375 0.29163608281250003 0.42263125468749996 0.2908046875 0.4237095046875 0.28777821875 0.42378224375 0.28154345625 0.41967837656249996 0.27572439375 0.40932324375 0.269359859375 0.3999463390625 0.268541653125 0.39364960781249997 0.2718929078125 0.3914294625 0.2834012609375 0.3945187265625 0.2867913765625 0.4049011390625 0.2908178765625
0 0.337875415625 0.31461463749999996 0.34203383593750003 0.31575762812499997 0.353494496875 0.316757659375 0.3597821359375 0.3141857484375 0.3597912296875 0.3134064046875 0.3599003390625 0.3040542625 0.3527072109375 0.29484508125 0.34333030625 0.294026875 0.33706994375 0.29426074999999996 0.333853384375 0.3017814671875 0.3327205796875 0.3094840046875 0.337875415625 0.31461463749999996
0 0.1258868953125 0.24852856874999998 0.1341946453125 0.2515938984375 0.14669718437499998 0.252684840625 0.149850096875 0.25061954062499997 0.154108534375 0.2431897359375 0.1448498328125 0.2322400421875 0.13550020625 0.2290838 0.12607783749999998 0.2321623203125 0.12184667812500001 0.23725408906249998 0.121764846875 0.24426819531250002 0.1258868953125 0.24852856874999998
0 0.022713671875 0.2418663328125 0.033077898437499996 0.24745152343750002 0.0435148671875 0.2468019515625 0.048778812500000004 0.24258043906250001 0.054088221874999995 0.23446220156250003 0.054142776562499995 0.22978612968749998 0.054206425 0.22433071249999997 0.04487498125 0.21961578125 0.03552535625 0.2164595390625 0.021971846875 0.21605703125 0.018755285937499998 0.22357774687499998 0.018655268750000002 0.23215054375 0.022713671875 0.2418663328125
0 0.3200945046875 0.2295882890625 0.314976040625 0.2213402796875 0.30144980625 0.218599734375 0.29094919375 0.2247047234375 0.290840084375 0.234056865625 0.294898484375 0.2437726546875 0.309512059375 0.24270738593750002 0.317892546875 0.239537953125 0.3200945046875 0.2295882890625
1 0.6 0 0 0 0 0.154935290625 0.008012934375 0.1610094484375 0.015106046875000001 0.1787914265625 0.0222355296875 0.1934560203125 0.030579648437500002 0.193403971875 0.029846915624999998 0.166815321875 0.045502365625 0.16584096406249998 0.0684236890625 0.167841025 0.0766859734375 0.1748030796875 0.08292815 0.176127896875 0.10064008124999999 0.177673396875 0.105713084375 0.189818134375 0.1212594265625 0.19819591875 0.1348038421875 0.199377771875 0.14723364218749999 0.206703475 0.157625146875 0.2099506296875 0.1805555609375 0.2111713453125 0.1993093703125 0.2128077578125 0.20663888749999998 0.21032675781250001 0.20673890468749997 0.2017539625 0.22347260468750002 0.197753134375 0.2369806515625 0.20205236875 0.250506884375 0.2047929125 0.2524997140625 0.2127681890625 0.267004178125 0.2210550609375 0.2711625984375 0.222198053125 0.2805213171875 0.22457495 0.281563196875 0.2246658609375 0.29835145 0.21598896406249998 0.320303634375 0.2116633515625 0.32746948593749997 0.223210565625 0.3346989875 0.22930236406249999 0.3418466546875 0.24240827031249998 0.35115081875 0.2494612375 0.3667789921875 0.250824915625 0.3669062875 0.239914084375 0.3597586203125 0.22680817812499998 0.364044334375 0.21704033906250003 0.3672608953125 0.2095196203125 0.3642261859375 0.201453434375 0.3560093625 0.1905946515625 0.37060475 0.1910880734375 0.38725661875 0.19410135312500001 0.4081487375 0.19124351875 0.41964577031249994 0.1891261671875 0.4333265734375 0.17861784375 0.45099304218749997 0.1840600703125 0.4615209328125 0.175617046875 0.47097057812500004 0.1702004921875 0.4835276734375 0.1666153625 0.49272272656249994 0.18302047187499998 0.503928796875 0.2058421671875 0.5236153734375 0.216921634375 0.521686190625 0.20349094218750002 0.5084054546875 0.179708078125 0.5064035312499999 0.172512146875 0.506612659375 0.15458720937499998 0.5067581390625 0.14211768593750002 0.5069399890625 0.12653078281250002 0.521717228125 0.1114373 0.513518590625 0.0990198265625 0.5136640703124999 0.08655030625 0.5302613828125 0.0942396546875 0.55316451875 0.09779840468749999 0.5615995625 0.08995290312500001 0.5647706593749999 0.0863289125 0.5649343250000001 0.0723007 0.562950584375 0.0635460796875 0.5827826421875 0.0621560234375 0.5891884843749999 0.049452626562500004 0.591417721875 0.0371649265625 0.6 0.024592700000000002 0.6 0
0 0.744396578125 0.2916142234375 0.7232173609375 0.2832134234375 0.721846940625 0.29339105781249997 0.7279567499999999 0.3060936640625 0.7416777015625 0.31009921406249996 0.746777228125 0.3021191671875 0.744396578125 0.2916142234375
0 0.7313194296875001 0.2324342546875 0.7300838296875 0.21954941875 0.7090208296875 0.21270239531250001 0.6977459421875001 0.213590771875 0.707584996875 0.2284909765625 0.71870704375 0.2406948421875 0.7313194296875001 0.2324342546875
0 0.73654983125 0.2132323171875 0.730461846875 0.1986594203125 0.714273053125 0.191630096875 0.7042048796875 0.1963683 0.7090535609375 0.2098968890625 0.71768580625 0.220947403125 0.73654983125 0.2132323171875
0 0.9153947718750001 0.117440609375 0.90042355625 0.11332589374999999 0.88534328125 0.1185628484375 0.8853323718749999 0.11949799375 0.8950840515625 0.141879425 0.9138607921874999 0.14164564375 0.9227440234375 0.1311874625 0.9153947718750001 0.117440609375
0 0.90585691875 0.1840083640625 0.909673403125 0.1787247265625 0.88982086875 0.16388686562500002 0.8759690843750001 0.1711032078125 0.8820788921875 0.183805815625 0.895723378125 0.19435751875 0.9057369046874999 0.1942951046875 0.90585691875 0.1840083640625
0 0.8472006390625 0.16952904062500002 0.8667947734375 0.16479205 0.8673913437499999 0.15537696406249998 0.849897640625 0.152914409375 0.8411453828125 0.1521507078125 0.8372961671875 0.16023978125 0.8472006390625 0.16952904062500002
0 0.8551717328125001 0.1299718234375 0.8575196546875 0.143282203125 0.8674568062500001 0.14976602187500002 0.8871885203125001 0.15955193437499998 0.893746409375 0.1492516265625 0.8875929625 0.1402896734375 0.8826789625 0.13237204062500002 0.868979875 0.12649613125 0.8551717328125001 0.1299718234375
1 0.6 0 0.6 0.1719790453125 0.6018198921875 0.1752649484375 0.6329253484375 0.1910847140625 0.66060705 0.17852238125 0.6717073734375 0.1925964765625 0.6802632453124999 0.21019307812500002 0.69660483125 0.20413008437500002 0.6942896421875 0.1880141984375 0.7143603359374999 0.1841488640625 0.717100934375 0.1637935046875 0.724733903125 0.1532262296875 0.7358449453125 0.1663652296875 0.755959375 0.158759253125 0.7872503109375 0.1586812625 0.821151015625 0.1494698765625 0.836362259375 0.1330111125 0.8565747874999999 0.11698867500000001 0.87431943125 0.09794253124999999 0.873178225 0.08848183750000001 0.8832244812500001 0.0856140609375 0.8858997125 0.070869653125 0.9096340999999999 0.074812925 0.9244416609374999 0.0929549640625 0.9506767093749999 0.0971164375 0.9546022984375 0.082481203125 0.957233840625 0.07147744375000001 0.9447851125 0.06571064062500001 0.9411650593750001 0.0541614515625 0.9574847796875 0.0499688171875 0.9563872140624999 0.03676746875 0.9728487687499999 0.0204177296875 0.9892775921875 0.0068735 0.9913432656250001 0 0.6 0
0 0.5572231765625 0.9603160546874999 0.5624962171875 0.9553151968750001 0.563601740625 0.9499506921875 0.5585014593750001 0.9401439921874999 0.5376548031249999 0.9391051000000001 0.5334054578125 0.9457555593750001 0.5416131875 0.9573936859375 0.5530374796874999 0.9615110984375 0.5572231765625 0.9603160546874999
0 0.559414471875 0.7724938671875 0.5529813515625001 0.7875353 0.569533203125 0.7991213765625 0.5852523 0.7926916015625001 0.579073771875 0.7859113703125 0.575033553125 0.774636890625 0.5636274484375 0.7689607890625 0.559414471875 0.7724938671875
0 0.5117282390625 0.6583333437500001 0.5106227125 0.663697846875 0.5105226953125 0.6722706437499999 0.5208505515625 0.6809732140625 0.53022745625 0.6817914203125 0.5438628 0.675179821875 0.5481757921875 0.663073946875 0.541969984375 0.65863175 0.535764178125 0.6541895531249999 0.523252546875 0.65387795625 0.5117282390625 0.6583333437500001
0 0.54400451875 0.75242590625 0.5325893203125001 0.74752915 0.5211468453125 0.7449704296874999 0.510664415625 0.7495167281249999 0.5126663390624999 0.7567126578125001 0.5208922546875 0.7667920953125 0.535460365625 0.76962355 0.54386813125 0.764116084375 0.54400451875 0.75242590625
0 0.47106927968749995 0.8357776843749999 0.47118748281249995 0.8256461984375001 0.46711089687499996 0.8174890984375001 0.452551878125 0.8138782984375 0.4441804828125 0.8162683843749999 0.44195124531249996 0.828556084375 0.45227000781250004 0.8380379968749999 0.4626706078125 0.84050580625 0.47106927968749995 0.8357776843749999
0 0.4342580265625 0.8622108875000001 0.43431258125000005 0.8575348171874999 0.4417148390625 0.8488190578125 0.424039278125 0.8441561765625 0.41353866562499997 0.8502611640625 0.41129124062500005 0.864107553125 0.42061359062500003 0.86960183125 0.42998140312500005 0.8711993828125 0.4342580265625 0.8622108875000001
0 0.39805220937499997 0.9261435718750001 0.40439440312499997 0.9188955906250001 0.40243794375 0.907802934375 0.40460353125 0.9009706515625 0.38899354218750004 0.8980482828125 0.3743436 0.9022309328125001 0.3690160078125 0.9119078625 0.37823833906250004 0.9259749359375 0.38862074999999996 0.9300014359375 0.39805220937499997 0.9261435718750001
0 0.2983009125 0.9837512875 0.3035284875 0.98264715625 0.30774146406249997 0.9791140765625 0.3099070515625 0.97228179375 0.304761309375 0.9663718203125 0.29435161875000004 0.9646833562499999 0.2838782828125 0.9684503078125001 0.2837509875 0.9793611406250001 0.2878821296875 0.9828421687500001 0.2983009125 0.9837512875
1 0 0.4390625 0 1 0.19993945468750002 1 0.1981442109375 0.9867139296874999 0.22316747499999998 0.9873371234375 0.2880367015625 0.9695933015625 0.3156165328125 0.9298723687500001 0.338537853125 0.9318724296875001 0.345025528125 0.9121549265625 0.36178650625 0.9058160624999999 0.3600118953125 0.8791365031249999 0.3914137234375 0.8693943359375 0.4212046046875 0.8189443953125 0.45269735781250003 0.801408775 0.4613779 0.772520953125 0.4536793484375 0.7172394953125 0.46641829218749997 0.6980674625 0.458919778125 0.6256404140624999 0.42608885625 0.5790879046875 0.42027402656249996 0.541133865625 0.3811918328125 0.49403588593750003 0.348051765625 0.473981115625 0.3400622546875 0.443638703125 0.3326167453125 0.4390625 0 0.4390625
0 1 0.78248981875 0.9988073953125 0.7767316953125001 0.9905087375000001 0.7728870203125 0.985199328125 0.7810052578125 0.9860229875 0.7998004546875 0.9984073234374999 0.811022884375 1 0.8085876359374999 1 0.78248981875
0 0.705588740625 0.700437125 0.700306609375 0.706217328125 0.69708095625 0.7145173890625001 0.701139359375 0.724233178125 0.7031231 0.7329878 0.7123818 0.7439374921875 0.72698628125 0.7436515671875 0.73861060625 0.7306233843750001 0.7386651609375 0.7259473140624999 0.73559408125 0.72099850625 0.7283918593750001 0.7125686734375 0.7222406078125 0.7034504046875 0.705588740625 0.700437125
0 0.6002891421875 0.7150425625000001 0.6007781375000001 0.7360517875 0.6051138015624999 0.7306768484375 0.60517745 0.7252214328125 0.6021518328125001 0.7163759015625001 0.6002891421875 0.7150425625000001
1 1 0.4390625 0.6 0.4390625 0.6 0.6099772546875 0.6487855234375 0.652572990625 0.6799327625 0.6646524874999999 0.700588478125 0.6820576265625 0.7381142796875 0.6837717624999999 0.7462856390625 0.6985272703125001 0.783684146875 0.7111522375 0.8126385171875 0.732402053125 0.8315378062499998 0.72156894375 0.8669434812500001 0.7262186359375 0.8774713734375 0.7177756109375 0.8941596125 0.7176715093749999 0.9191465046874999 0.721412084375 0.9626326171875 0.7486107375 0.9793935921875001 0.7422718749999999 0.9900487796874999 0.7229180171875 1 0.7237863375 1 0.4390625