0 0.13444269375 0.41875 0.1266484953125 0.4113587265625 0.12082923593749999 0.4119577234375 0.1135111421875 0.41819387812500003 0.11342605937500001 0.41875 0.13444269375 0.41875
0 0.062521609375 0.3105484671875 0.0673349171875 0.31652463750000004 0.073647059375 0.3168636453125 0.0834296390625 0.3153173828125 0.086814640625 0.29735174531249997 0.0781738484375 0.28727535937500004 0.06578086875 0.2934047140625 0.063904796875 0.301507590625 0.062521609375 0.3105484671875
0 0.0292710015625 0.290781021875 0.0364633546875 0.2853667484375 0.0385909625 0.2756200828125 0.020031757812500002 0.27213740937500003 0.0119793296875 0.2748538171875 0.009590190625 0.2904698578125 0.0122960703125 0.29774155625 0.0244173828125 0.3017071375 0.0292710015625 0.290781021875
0 0.0774899140625 0.2626277515625 0.0710722046875 0.25465952187499996 0.0555961109375 0.25598286406250004 0.0466635234375 0.264452528125 0.0367148421875 0.2837229484375 0.04264975625 0.286527640625 0.0513208171875 0.28392732187499997 0.0588702203125 0.28449850312499997 0.07387360937500001 0.2737860203125 0.0774899140625 0.2626277515625
0 0.035829867187499996 0.23959129843750002 0.0348138265625 0.2503920328125 0.0374040546875 0.25426004375 0.040281895312499996 0.2610474828125 0.050028340625 0.254938059375 0.054630471874999996 0.24565574375 0.056013659375000004 0.23661486250000002 0.050697373437500005 0.2339262921875 0.04574828125 0.232997584375 0.035829867187499996 0.23959129843750002
0 0 0.11480444375000001 0.005054353125 0.116292703125 0.0137153234375 0.117917953125 0.019061821875000003 0.107929875 0.0159988890625 0.09467271875 0.006834940624999999 0.0963350671875 0 0.10231292968750001 0 0.11480444375000001
1 0.042722720312500004 0 0.036335734375 0.0075021953124999995 0.029364643750000002 0.023949415625 0.031632803125 0.05904021875 0.021472990625 0.0630521640625 0.010337451562499999 0.06096255625 0.0067110578125 0.076346375 0.02081405 0.07983836093749999 0.0282377109375 0.081231428125 0.03018913125 0.09343447656250001 0.02719145 0.104708878125 0.0420388203125 0.10749501875 0.0513385546875 0.10078520937499999 0.05972785781249999 0.11250539374999999 0.05872190625 0.11908055937499999 0.05647869531250001 0.12542355 0.04755614375 0.1296676671875 0.0481344625 0.1466860390625 0.055422339062500006 0.15312658437499999 0.052645879687499994 0.1754338796875 0.051432496875 0.1958440421875 0.06253776875 0.21061035625 0.062130314062500004 0.22575275625 0.070373696875 0.246745965625 0.08332481875 0.2660861203125 0.096547603125 0.275331371875 0.11375384531249999 0.275178175 0.1138392765625 0.2912585765625 0.1267049671875 0.29451832968749997 0.1283847625 0.3168163421875 0.10866359375000001 0.33340745156249996 0.102929771875 0.350086803125 0.1181241484375 0.3630840078125 0.13284577656250002 0.36669203281249996 0.1314073875 0.3469757625 0.14191420625 0.3531748515625 0.1508165734375 0.35738190312499996 0.15016767343749998 0.3699425234375 0.15994016093750002 0.3726218484375 0.15642941562499998 0.39140938593749997 0.1693051953125 0.3904435703125 0.1761304078125 0.3832694125 0.18056647812499999 0.39171129531250004 0.18769834218749998 0.41165043125 0.1993267765625 0.4146779921875 0.20255962656249998 0.41875 0.5029184359375 0.41875 0.5108852734375 0.41649463906250006 0.533206753125 0.39954601562500003 0.5474657171875 0.389539353125 0.5648279234375 0.375887559375 0.5674785921875001 0.3544021390625 0.5803745484375 0.34498521718749997 0.591645878125 0.3420273328125 0.6070374578125 0.3280057453125 0.614239853125 0.31836589375 0.6167446937500001 0.30615354687499996 0.6250568140625 0.2523719953125 0.636811228125 0 0.042722720312500004 0
1 1 0.41875 1 0 0.6390625 0 0.6390625 0.39017095468749996 0.64293369375 0.3945122640625 0.6506653609375 0.3959631265625 0.650458203125 0.4181119890625 0.6504744015624999 0.41875 1 0.41875
0 0.1876638 0.9397078624999999 0.1849104125 0.926512478125 0.1802714140625 0.9256419593749999 0.16942206875000002 0.9341716453124999 0.1650598203125 0.947088325 0.159754765625 0.9661674375 0.1577370296875 0.9689584796874999 0.1629920625 0.9710011578125 0.1724397015625 0.966434675 0.18483538125 0.9581951625 0.1876638 0.9397078624999999
0 0.17985546875 0.8399826421875 0.1844819640625 0.8461336093749999 0.189736996875 0.8481762859374999 0.19980067031249998 0.8447819625000001 0.20217019062500002 0.8240954312500002 0.195840228125 0.8186813640625001 0.18375881875 0.82486673125 0.1789376734375 0.8355841828125001 0.17985546875 0.8399826421875
0 0.3661886484375 0.8749484625000001 0.351668121875 0.8658843015625 0.3391028015625 0.8804313328125 0.344477453125 0.89728828125 0.35160559375 0.8922865390624999 0.363058465625 0.8902094578125 0.36942594375 0.879782184375 0.3661886484375 0.8749484625000001
0 0.45928999218750005 0.9526429796875 0.4473782234375 0.9525208296875001 0.442858840625 0.96646458125 0.4383144484375 0.9909692265625001 0.449283409375 0.9972538125 0.45534912656250004 0.98360023125 0.45861143281250005 0.977873059375 0.46360221875 0.960848090625 0.45928999218750005 0.9526429796875
0 0.482590475 0.84713325 0.47733544375000003 0.845090571875 0.46883060781249997 0.8434946218749999 0.459527596875 0.85231448125 0.45811338749999997 0.8615581296875 0.46380230625 0.8763609328124999 0.47554443593749995 0.882790603125 0.48035307656250004 0.8773536015625 0.48516171718749995 0.8719166000000002 0.4862741625 0.8594466484375001 0.482590475 0.84713325
0 0.38710166562500004 0.8630244515625 0.3926959796875 0.852452090625 0.39597079218750003 0.84144446875 0.39212996875 0.8301581421875 0.3848572 0.8309065078125 0.3743221234375 0.8373820500000001 0.3705759078125 0.8514708890625 0.375504165625 0.86084815625 0.38710166562500004 0.8630244515625
0 0.3090297703125 0.7754715359375 0.3190809375 0.777357659375 0.3274411421875 0.774700234375 0.331960525 0.7607564828125 0.3301249328125 0.751959559375 0.318068534375 0.747584034375 0.30799235625 0.7562588046875 0.304874678125 0.766239353125 0.3090297703125 0.7754715359375
0 0.285149140625 0.7340107265625 0.28978814062499997 0.7348812453125 0.29796619999999996 0.7438117875 0.3037301515625 0.7269319046875 0.29834299531249997 0.7153554062499999 0.284740265625 0.7106897062499999 0.2786870546875 0.7190628375 0.27649967656249996 0.7281614015625 0.285149140625 0.7340107265625
0 0.22399937187500002 0.6866128421875001 0.23078823437499998 0.6942261390625 0.24192683750000002 0.6942032046875 0.24857106875 0.6975631265625 0.25247441875 0.682447215625 0.24926213437500003 0.6670526015625 0.2399966390625 0.6600311171875 0.2254385953125 0.6668082984374999 0.22077458437500003 0.676498675 0.22399937187500002 0.6866128421875001
0 0.1732079734375 0.5767086421875 0.1739686359375 0.582134175 0.17720593125 0.586967896875 0.1838501625 0.590327815625 0.19004800156249999 0.5862080609375 0.1923925125 0.576082425 0.1893248578125 0.5649411859375 0.1785005234375 0.562909975 0.17477931875 0.5664379187499999 0.1732079734375 0.5767086421875
0 0.0495942734375 0.44891294375 0.052058403125 0.45360157812499996 0.0546671609375 0.4625435875 0.0670628390625 0.45430407500000003 0.0735624421875 0.453410621875 0.0687913171875 0.44300628125 0.059381193750000005 0.431731421875 0.045137418750000005 0.436454459375 0.0495942734375 0.44891294375
0 0.039797107812499996 0.41875 0.03479699375 0.426061584375 0.0098610078125 0.438287234375 0.0209746 0.44882519375 0.035073746875 0.4398487828125 0.0425161546875 0.432792896875 0.0552010921875 0.43306013437499996 0.05877766718750001 0.42527881562500003 0.059360104687500005 0.41875 0.039797107812499996 0.41875
0 0 0.5463189125 0.006662859375000001 0.5475692125 0.0184174953125 0.5487184359375 0.0221261953125 0.5504709390625 0.027682990624999997 0.5557399203125 0.0313916890625 0.5574924250000001 0.039292996875 0.55263576875 0.0376145390625 0.5428117734375 0.025715275 0.537409175 0.015519478125 0.5312696765625 0 0.5444132749999999 0 0.5463189125
0 0.1021766796875 0.5211171140624999 0.10698531874999999 0.5156801125 0.10699782656250001 0.5103996656249999 0.0992786625 0.5036683546875 0.09091845781249999 0.506325778125 0.08704011874999999 0.5108807953125 0.0887310828125 0.5154243421875 0.0975376796875 0.5202465953125 0.1021766796875 0.5211171140624999
1 0.6390625 0.41875 0.15638288125 0.41875 0.16104283125000002 0.42228135624999996 0.1569573359375 0.4489852328125 0.11788468593749998 0.4860286375 0.1336372796875 0.4974371171875 0.162464109375 0.4753760015625 0.1766953796875 0.47593341406250006 0.1744704875 0.5008733203125 0.1879231515625 0.5689043859374999 0.22558866093750002 0.6034429296875 0.222131703125 0.6260385171875 0.24129123125000002 0.635973196875 0.24650874687500002 0.653857215625 0.273110684375 0.6567360093750001 0.28076731875 0.6898695578125 0.3289428921875 0.728493453125 0.34433119218749997 0.7630778640625 0.372454453125 0.7768077265625 0.4278331984375 0.7787471953124999 0.44604991875 0.7948443078125 0.5184383343750001 0.7999756781249999 0.566763971875 0.7752342046875 0.6048187828125 0.7760359171875 0.6390625 0.7545563546875 0.6390625 0.41875
0 0.8964692734374999 0.61766294375 0.8989334031249999 0.6223515781250001 0.9015421609375001 0.6312935875 0.9139378390624999 0.623054075 0.9204374421875 0.622160621875 0.9156663171874999 0.61175628125 0.90625619375 0.600481421875 0.89201241875 0.605204459375 0.8964692734374999 0.61766294375
0 0.8967139468750001 0.579672740625 0.8906732421875001 0.5827654250000001 0.886794903125 0.5873204390625 0.88167199375 0.594811584375 0.8567360078125 0.607037234375 0.8678495999999999 0.61757519375 0.8819487468749999 0.6085987828125 0.8893911546875 0.6015428968750001 0.9020760921875001 0.601810134375 0.9056526671875 0.594028815625 0.9067651140624999 0.5815588640625 0.8967139468750001 0.579672740625
0 0.6390625 0.65705439375 0.6491575984375 0.6589487609375 0.65703389375 0.664653 0.660585459375 0.6674325765625 0.674213203125 0.66153738125 0.6828751703125 0.662106259375 0.6900158171874999 0.6518240687500001 0.691430028125 0.6425804203125 0.690053334375 0.635982728125 0.67984503125 0.635123678125 0.6677761265625 0.6360285984375 0.64671848125 0.6436992312500001 0.6390625 0.64867396875 0.6390625 0.65705439375
0 0.8745579906250001 0.7244899203124999 0.8782666890625 0.726242425 0.886167996875 0.72138576875 0.8844895390625 0.7115617734375 0.872590275 0.706159175 0.8623944781249999 0.7000196765625001 0.845033025 0.7147232609375 0.853537859375 0.7163192125 0.8652924953125 0.7174684359375 0.8690011953125 0.7192209390625 0.8745579906250001 0.7244899203124999
0 0.9582780265625 0.5827728999999999 0.9505588640625 0.5760415890624999 0.9318457296875 0.5735865875 0.9199089484374999 0.58402533125 0.9276281093750001 0.5907566421875 0.93953988125 0.59087879375 0.9539282828125 0.5904091328125001 0.9582780265625 0.5827728999999999
0 0.9490516796874999 0.6898671140625 0.95386031875 0.6844301125 0.9538728265625 0.679149665625 0.9461536625000001 0.6724183546875 0.9377934578125 0.675075778125 0.9339151187500001 0.6796307953125 0.9356060828124999 0.6841743421875 0.9444126796875001 0.6889965953124999 0.9490516796874999 0.6898671140625