0 0.37010319375 0 0.388817696875 0.0400267671875 0.3918699375 0.0026810156250000002 0.3903595984375 0 0.37010319375 0
0 0.374192115625 0.1420733875 0.38086388437499996 0.14695888906250001 0.387705221875 0.14976962656249998 0.3928030828125 0.145073365625 0.39312629062500004 0.1315056265625 0.3905190390625 0.124954234375 0.3726870625 0.122036028125 0.367859484375 0.13303835625 0.374192115625 0.1420733875
0 0.48462879687499993 0.252017084375 0.4837331625 0.23413626562499998 0.4787041578125 0.22837693125 0.4677135203125 0.22826946406249998 0.4616830296875 0.24437692656249999 0.4649844859375 0.252047475 0.47555120312500004 0.2573418515625 0.48462879687499993 0.252017084375
0 0.4430669265625 0.28950539218750004 0.4530242203125 0.29264323124999997 0.460035128125 0.2933792046875 0.46252573750000003 0.282131553125 0.4638982171875 0.274951653125 0.45920835000000004 0.265042790625 0.45236701406249996 0.26223205312500003 0.44000389218749997 0.269304484375 0.43976546875 0.28183484375 0.4430669265625 0.28950539218750004
0 0.0826388078125 0.34478834687500004 0.086380115625 0.35669019999999996 0.0973707546875 0.356797665625 0.10654906093750001 0.359853728125 0.116236075 0.3566855015625 0.11300347343749999 0.33855935625 0.099845434375 0.3361318015625 0.089633784375 0.3361061078125 0.0826388078125 0.34478834687500004
0 0.15498464375 0.4978161390625 0.162928178125 0.48714091093749995 0.15857745 0.47308251874999996 0.12160987031249999 0.46397041406249995 0.117036646875 0.4718605953125 0.14111647031250002 0.4848512125 0.15498464375 0.4978161390625
0 0.1811522203125 0.4660357796875 0.17180434375 0.46505448125 0.1580528125 0.46988859843749997 0.1660441359375 0.48746801093750003 0.1794406015625 0.47736520625 0.1811522203125 0.4660357796875
0 0.20353635312499999 0.49977403750000005 0.197203721875 0.4907390078125 0.18621308281249999 0.4906315390625 0.18191014218749998 0.504827790625 0.198708775 0.5107763656250001 0.20353635312499999 0.49977403750000005
1 0.5 0.609375 0.5 0.245643584375 0.493621603125 0.2477296984375 0.49234983750000005 0.26329042812500003 0.498528828125 0.2838184375 0.4744967921875 0.29908245624999996 0.46255759531249996 0.3009679796875 0.4645235671875 0.28652640625000003 0.4661344734375 0.2668161484375 0.4437981265625 0.26133252812499996 0.4410850234375 0.294528753125 0.43080451875000003 0.30495865625 0.4309211609375 0.32275770000000004 0.419252246875 0.3309492890625 0.4040804484375 0.3147086671875 0.39972971875 0.3006502765625 0.377748440625 0.3004353421875 0.3841977125 0.3272694171875 0.382502025 0.34801705625 0.369412840625 0.33513390625 0.3590475515625 0.346601190625 0.37344035937500003 0.3627600359375 0.3536424125 0.3742834046875 0.343616259375 0.3816011625 0.3299495140625 0.3853978984375 0.32249875625 0.380430621875 0.308323303125 0.3904516484375 0.3157052046875 0.40587452187500006 0.309574003125 0.413601153125 0.28343828437499996 0.46421793593749994 0.26655486562499997 0.4593067421875 0.246030853125 0.45087452656250004 0.2360894859375 0.457154903125 0.2704128171875 0.48900763906250005 0.2663642296875 0.5000917406250001 0.25312140625 0.4987015671875 0.24770033749999998 0.5169655671875 0.2329154625 0.5248300578125 0.22835816874999998 0.54213845 0.244054603125 0.5615729953125 0.2542981125 0.5804351125 0.2447118125 0.591984171875 0.2489461671875 0.609375 0.5 0.609375
0 1 0.038405978125000004 0.9962216078124999 0.037068009375 0.9876686515624999 0.045586696875 0.9851780421874998 0.05683435 0.9904773312499999 0.0688997515625 1 0.0679640890625 1 0.038405978125000004
0 0.9175123109375001 0.16377586875 0.9337863093750001 0.166530525 0.9422544828125 0.15904921875 0.938751596875 0.13461700625 0.931740690625 0.1338810328125 0.9238660109375001 0.1341006640625 0.915313053125 0.1426193546875 0.9148202765625001 0.15826185937499998 0.9175123109375001 0.16377586875
0 0.7415618859374999 0.30747911875 0.7418003093750001 0.294948759375 0.7403959703125 0.2832922328125 0.72603501875 0.2859698109375 0.7201581703125 0.290584296875 0.7177523453125 0.3007945671875 0.7255581718749999 0.3110305296875 0.7355154671874999 0.3141683671875 0.7415618859374999 0.30747911875
0 0.7667171875000001 0.24001889687500003 0.76527585 0.257654390625 0.7587895796874999 0.26011233906250003 0.7760439953125 0.27971043125 0.7876599843750001 0.2913926484375 0.7986346937500001 0.28208190312500003 0.788576684375 0.270563234375 0.7777396859375 0.258962790625 0.7667171875000001 0.24001889687500003
0 0.7686523296875001 0.51434800625 0.7471797578125 0.5079087796875 0.7556797890625 0.5192638984375 0.7572536968750001 0.5288456625 0.757455125 0.545607321875 0.7689703999999999 0.5489087125000001 0.7822132234375 0.5502988859375 0.7883444265625 0.542572253125 0.7841632671875 0.5264390984375 0.7739356875000001 0.5169951953125 0.7809465953125001 0.5177311671875 0.7686523296875001 0.51434800625
0 0.8772699968750001 0.21395808593750001 0.8881758515625 0.215102934375 0.8943918390625001 0.20633892187499997 0.889956325 0.1933179140625 0.8770526406249999 0.1877782109375 0.872988121875 0.1894441 0.8722250625000001 0.19878053906249998 0.8772699968750001 0.21395808593750001
1 1 0.609375 1 0.11155716093750001 0.993402653125 0.11001185 0.99269251875 0.099474478125 0.97911055625 0.10223383281250001 0.973080065625 0.11834129687499999 0.9786496359375001 0.1367127640625 0.977462653125 0.1512361125 0.9720415859374999 0.16950011250000002 0.9579349890625 0.169065546875 0.94687549375 0.1794136734375 0.9161716890625 0.18979219375 0.8999295500000001 0.20587396249999998 0.8884620640625001 0.2308272140625 0.868695971875 0.261187009375 0.863561115625 0.295175290625 0.8608850078125 0.2990794921875 0.8538052453125001 0.3087991140625 0.866200225 0.3205631078125 0.8689929750000001 0.3344579484375 0.86613136875 0.331018703125 0.8604929453124999 0.3231028296875 0.8425761828125001 0.32122200625 0.8328732406249999 0.3149720203125 0.8236420078125001 0.3317897671875 0.8246912796875 0.338177609375 0.83380073125 0.3516892671875 0.8260956203125 0.3498341359375 0.81361585625 0.3391075234375 0.805317253125 0.344514065625 0.800065753125 0.360703303125 0.798014996875 0.3761822578125 0.817844803125 0.3834953171875 0.8133563640624999 0.390348115625 0.82194118125 0.400665853125 0.8143527109375001 0.41660976562499996 0.8219730390625 0.41950227812499996 0.8412622796875 0.41420320312500003 0.8382470359375 0.4222569328125 0.8308969921875 0.42567048906249993 0.8361274234374999 0.448191484375 0.82897880625 0.46836669999999997 0.8174635312499999 0.4650653125 0.8105533390625 0.47271016875000005 0.816631615625 0.48485734531249997 0.8117033250000001 0.48747884218750004 0.806536609375 0.5026306984375 0.811327190625 0.520920390625 0.817304753125 0.5246867359375 0.8245859421875 0.5317287765625001 0.8191489453124999 0.5405745671875 0.8179619625000001 0.5550979140625001 0.829662734375 0.56574275 0.8314221421875001 0.5826679625 0.83750041875 0.5948151390625 0.8331788015624999 0.609375 1 0.609375
0 0.914057215625 0.167598296875 0.9049477640625 0.1540866375 0.8825954890624998 0.1391848078125 0.8608844937499999 0.1452759390625 0.8294546265625 0.135698875 0.8442872874999999 0.156089025 0.8607467828124999 0.1661871296875 0.9047571281250001 0.1948716359375 0.9210999812499999 0.1871706984375 0.9228116 0.175841271875 0.914057215625 0.167598296875
0 0.427838909375 0.6560360890625 0.42305712343749996 0.657995959375 0.4164424234375 0.659763415625 0.4153452125 0.673188359375 0.4284936109375 0.68195414375 0.439491109375 0.6831086125 0.44170427031250004 0.6673389765625 0.43578779531249995 0.6605632890625001 0.427838909375 0.6560360890625
0 0.1146103125 0.609375 0.1143914046875 0.6120534546874999 0.12235903125 0.6276609046875 0.134073496875 0.6313524796875 0.1357879265625 0.6216850875000001 0.13105414375 0.609375 0.1146103125 0.609375
1 0.5 1 0.5 0.7949193390625 0.4970974109375 0.79255318125 0.4706198640625 0.7885427640625 0.465501359375 0.77200348125 0.449385353125 0.754309728125 0.4303579609375 0.76092875625 0.4276895921875 0.7483394406249999 0.42185412187500004 0.729263053125 0.41412346875 0.7333752046875001 0.40037659375 0.7319321171875 0.38266464375 0.7337655562500001 0.366966365625 0.7222702562500001 0.35078809375 0.7279574531249999 0.32602497812500003 0.714279646875 0.306081128125 0.720802471875 0.3068790984375 0.7110388750000001 0.2986122328125 0.6990927734375 0.28603753125 0.72854574375 0.283150928125 0.707317075 0.26492150625 0.7041725109375 0.2503143921875 0.7358739671875 0.234136121875 0.7415611656250001 0.2219041828125 0.7328915890625 0.2081760484375 0.7425287515625 0.21130566874999998 0.726855321875 0.2168666859375 0.7040516046875 0.192540034375 0.707652503125 0.1835936859375 0.715329796875 0.17679823125 0.7306184015625 0.16400529218749998 0.7514320234375 0.1574903390625 0.75197903125 0.13712876093749998 0.752303403125 0.1267672203125 0.7659867359375 0.12242190156249999 0.7852253109375 0.12062646562499998 0.8071934000000001 0.125963203125 0.8323720343750001 0.11100063125 0.834494090625 0.10370644375 0.8558849453124999 0.09316414843750001 0.8830894296875 0.0872664125 0.8873939921874999 0.07357575937500001 0.9191916578124999 0.067597015625 0.93579691875 0.046973681249999996 0.961943140625 0.0338627640625 0.97533785625 0.03143136875 0.9824681421874999 0.0184719125 1 0.5 1
0 0.5740814750000001 0.609375 0.5694613703125 0.6153139203125 0.5693077296875 0.626806896875 0.5810932890625 0.6364143515625 0.5930324859375 0.6345288296875 0.6004513859375 0.62065968125 0.596477309375 0.609375 0.5740814750000001 0.609375
0 0.5260979578125 0.7132974843750001 0.5233211375 0.70882085625 0.515430528125 0.6996222765625 0.5052348062500001 0.7090147953125 0.5024898453125 0.7233745953125 0.508128271875 0.7312904687499999 0.518949340625 0.7334727 0.5267233078125 0.724872234375 0.5260979578125 0.7132974843750001