0 0.4829323125 0 0.4825658609375 0.0033504265625000002 0.48656381875 0.01301203125 0.491359953125 0.0122160265625 0.500650459375 0.007458071875 0.5039127671875 0.0013309015625 0.503766903125 0 0.4829323125 0
0 0.0820687640625 0.24043883125 0.0888576234375 0.2470982671875 0.0961303921875 0.24538342656249998 0.0983052640625 0.24129864687499997 0.097098209375 0.22863487187499998 0.0890647796875 0.2250594921875 0.0759209453125 0.2243634515625 0.0757638109375 0.22540511875 0.077454771875 0.2296946171875 0.0820687640625 0.24043883125
0 0.08134724843749999 0.34854936875 0.085080959375 0.33929719999999997 0.0834150078125 0.32450915 0.078015346875 0.31897326718749996 0.0708997125 0.3196464421875 0.0535507640625 0.3313275703125 0.059553953125 0.3431953390625 0.0677320109375 0.35097832812499996 0.0801026796875 0.35163342656249996 0.08134724843749999 0.34854936875
1 0.5796875 0.46875 0.5796875 0.0617399640625 0.5769367859375001 0.054547368750000005 0.5456458265624999 0.075990065625 0.52879329375 0.074047640625 0.4986272859375 0.0777001171875 0.462011696875 0.062111271875 0.4775696390625 0.0881348609375 0.456524496875 0.09332032812499999 0.4497356359375 0.0866608921875 0.436604309375 0.080715575 0.42284444062500004 0.0789369234375 0.41185046718749996 0.0846546578125 0.3931498375 0.0794644015625 0.3862038421875 0.07384663125 0.3718404484375 0.06573609531249999 0.3623928078125 0.071535715625 0.36046967812499997 0.09978354687499999 0.3390727515625 0.1228001765625 0.32976974062500003 0.1328074078125 0.328607271875 0.166345459375 0.31081193125 0.1706530328125 0.3065122109375 0.1578254828125 0.292293446875 0.15392255625 0.2845117578125 0.174510228125 0.29329334375 0.1886251046875 0.289232859375 0.205209884375 0.2774782234375 0.2056373984375 0.275724734375 0.22759428593750003 0.25527061406249996 0.244360915625 0.2509583875 0.23678264375000002 0.24014655937499998 0.2309601578125 0.2314220640625 0.2577978296875 0.21078579843749998 0.28610468125 0.205625371875 0.3099811265625 0.191853 0.3134517515625 0.19597057499999998 0.3378195203125 0.18866028906250001 0.3552821953125 0.1662384546875 0.35409483124999996 0.1601852453125 0.36322416875 0.144564775 0.36344696249999997 0.1343314625 0.37445491875000003 0.14371657499999999 0.39490168125 0.144779 0.4033578453125 0.15493727968749998 0.42384555312499994 0.1425290953125 0.4389382859375 0.1393739015625 0.4650208953125 0.1427633671875 0.46875 0.5796875 0.46875
0 0.8110831015625 0.0672185609375 0.8115294937499999 0.074592115625 0.8181737265625 0.077043940625 0.8303997640624999 0.07349142812500001 0.8352084046874999 0.06744614531250001 0.8339888453125 0.060031648437499995 0.8309211890625001 0.0493693203125 0.8210271578124999 0.047795385937500004 0.8137418828125 0.0547595046875 0.8120259093750001 0.060968560937500006 0.8110831015625 0.0672185609375
0 0.621048290625 0.11805443281250001 0.610997125 0.117522165625 0.605874215625 0.1256507796875 0.61002930625 0.1342707171875 0.6166735390625 0.13672254374999998 0.6216268078125 0.134884871875 0.62520338125 0.1266743703125 0.621048290625 0.11805443281250001
0 0.5796875 0.256836384375 0.5900857375 0.2613131078125 0.5982888078124999 0.2585975453125 0.6083524812500001 0.2538805328125 0.61162729375 0.24250408750000002 0.6104202390625 0.2298403125 0.60254394375 0.2252232671875 0.591091071875 0.22881672343749998 0.5802417265625001 0.23874206875 0.5796875 0.2410057703125 0.5796875 0.256836384375
1 0.912957446875 0 0.908809309375 0.0083444625 0.8976707062500001 0.0098545859375 0.88372869375 0.0196161546875 0.8783165265624999 0.01932955 0.8620675203125 0.0237190125 0.8660654765625001 0.0333806171875 0.8615586015625001 0.042591843750000004 0.8509985125 0.0609324078125 0.8384707125 0.061318975 0.83349243125 0.073655203125 0.8214110218750001 0.0814153265625 0.8196825437499999 0.092873659375 0.819487890625 0.1096631578125 0.812227628125 0.106128721875 0.80309425625 0.10984500781249999 0.8052066 0.1320066125 0.79095031875 0.14385151406250002 0.776392275 0.152530475 0.7646001234375 0.16870581875 0.7498724390625 0.183675721875 0.741933615625 0.20530505937500002 0.73648393125 0.2207662859375 0.7310717640625001 0.22047968125 0.7195688718750001 0.2450702453125 0.7110640359375 0.244619865625 0.695273928125 0.2511336046875 0.6870583515625001 0.2590984453125 0.6745055390625 0.26998356874999996 0.675542953125 0.2889382859375 0.68201754375 0.29768105624999996 0.6799747968750001 0.311222721875 0.685977984375 0.3230904921875 0.6799122703125 0.3374691078125 0.6732555312499999 0.34026655781250004 0.6659827625 0.34198139843750003 0.6608348421875 0.36060856874999997 0.667925465625 0.37043394687500003 0.676587434375 0.36984266093749996 0.676103525 0.3782169375 0.6723698171875 0.38746910625000003 0.656435078125 0.3897752359375 0.6486533890625 0.41036290624999994 0.65542974375 0.4222716203125 0.64320370625 0.4258241328125 0.642839415625 0.4489045734375 0.6392260796875 0.46875 1 0.46875 1 0 0.9342813515625 0 0.935555875 0.011860821875 0.9261207406249999 0.012411165625 0.9238137453124999 0.007039057812500001 0.9239248468750001 0 0.912957446875 0
0 0.391846403125 0.5154808531249999 0.3832094453125 0.5055735875 0.3709959109375 0.5038768234375001 0.36554622812500004 0.51933805 0.367224684375 0.5288768234375001 0.3760187765625 0.5377424234375 0.390250046875 0.5363960750000001 0.391846403125 0.5154808531249999
0 0.1794289046875 0.67853011875 0.17064731875 0.664415240625 0.161187171875 0.6754641390625 0.158082 0.6805496421875 0.1588301546875 0.6910891390625 0.171961484375 0.6970344578125001 0.1770718875 0.69415511875 0.1794289046875 0.67853011875
0 0.33297318124999997 0.559612634375 0.3266057015625 0.5708253062499999 0.3227148578125 0.5811191421874999 0.327014578125 0.5939466906249999 0.3305911546875 0.5857361875 0.3403405578125 0.5831025109375 0.3450045703125 0.5728496187500001 0.3468776765625 0.565598896875 0.34070485 0.5600220703125001 0.33297318124999997 0.559612634375
0 0.22480976875 0.9098306390625 0.2201832734375 0.9043357015625 0.20456280468750002 0.9045584968749999 0.1923867875 0.8871139031249999 0.19409025625 0.8861541234375 0.1842087296875 0.8793309125000001 0.1877227765625 0.897366796875 0.1934242015625 0.9060686203125 0.18754063125 0.9089070156249999 0.17266831875 0.9196693078125 0.1777537109375 0.9272885234375 0.1964918578125 0.91673095 0.2029664484375 0.92547371875 0.211773046875 0.929090040625 0.22090641875 0.9253737531249999 0.22339555781249998 0.919205640625 0.22480976875 0.9098306390625
0 0.20077624218749998 1 0.203262775 0.9958385953125 0.20855532499999999 0.9814190343749999 0.197888125 0.979804159375 0.1851906828125 0.9864816718749999 0.164591934375 0.9990406921874999 0.16417405000000002 1 0.20077624218749998 1
1 0.42994688906249995 0.46875 0.42328199062499994 0.498245765625 0.42154100625 0.5149533765625 0.42708529687499996 0.5246968703125 0.41793941874999996 0.5336624343749999 0.4067883109375 0.540421834375 0.381380921875 0.5590261359375 0.3667157640625 0.5477496546875 0.35547005 0.5293043359375 0.3417226890625 0.5222764078125 0.3284592359375 0.506874203125 0.3109781640625 0.5090984453125 0.29472915781250003 0.51348790625 0.3021215453125 0.5264792296875 0.314140428125 0.5449654921875 0.3383978546875 0.5546499625 0.355527140625 0.570256884375 0.34900252656249997 0.5825112234375001 0.3389138421875 0.5977267875 0.3271216921875 0.6139021328125 0.315631303125 0.6332434203125 0.311074403125 0.663451753125 0.3050336984375 0.667331815625 0.30036968750000004 0.67758470625 0.30048930625 0.6922908718749999 0.3105154625 0.7033216906249999 0.30122495625 0.7080796453125 0.29211659375 0.701297378125 0.2794441640625 0.6974763375 0.25105665625 0.668673375 0.2384092359375 0.6543537796875001 0.21408221562500002 0.6089660375 0.20804150937500002 0.6128460984374999 0.217546240625 0.6479990250000001 0.20040445 0.6376413796875 0.19575294375000002 0.6426449953125 0.22416546249999997 0.6609494046875 0.2245993484375 0.673572234375 0.234650515625 0.6741045015625 0.26858231250000003 0.712650959375 0.2727374046875 0.721270896875 0.2657789046875 0.7209024046875 0.2514155109375 0.712791865625 0.23945371875000002 0.7352581546875 0.23709670312500003 0.7508831546875 0.25330819375 0.7622415234375 0.2527992734375 0.7811143546875 0.2743033125 0.7780531625 0.2696393015625 0.7883060562499999 0.2666412421875 0.8133469999999999 0.2617825796875 0.8403893890624999 0.2457032125 0.8384879062499999 0.24208912031250002 0.8624462421875 0.238355409375 0.871698409375 0.2367715609375 0.8873643546875 0.251581346875 0.9028484453125 0.2450692375 0.9098535078125 0.24858328593749998 0.9278893890625 0.2556739109375 0.9377147687499999 0.2650465171875 0.9634108078124999 0.24910790624999998 1 0.5796875 1 0.5796875 0.46875 0.48687278593750005 0.46875 0.48691382968749997 0.46906581249999996 0.46973452031249996 0.474455996875 0.46524014999999996 0.4784179453125 0.4486893796875 0.47964146406249997 0.44484041406249997 0.46875 0.42994688906249995 0.46875
0 0.8625350109374998 0.8185162421874999 0.8742521296875001 0.8338365624999999 0.8835426375000001 0.8290786062500001 0.8831087500000001 0.8164557765625 0.872611190625 0.8085499578124999 0.8190359546874999 0.7710632453125 0.8625350109374998 0.8185162421874999
0 0.808722171875 0.88076579375 0.7832201765625 0.8741653765624999 0.7952515640625 0.8874023624999999 0.7983317249999999 0.8928154140625001 0.8041777796874999 0.90572485 0.816548446875 0.9063799484375 0.8250657875 0.9015810484374999 0.8320492984375001 0.8914509890625 0.8394917078125002 0.8834452031249999 0.8401327500000001 0.8740292578125001 0.8331742500000001 0.8736607656250002 0.8215642437499999 0.878295890625 0.808722171875 0.88076579375
0 0.85386760625 0.8863064640625 0.8439610671875 0.8899818078124999 0.839152428125 0.8960270906249999 0.8357204812500001 0.9084452015625001 0.8419058156249999 0.90877275 0.8530444171875 0.9072626296875 0.856778128125 0.8980104593749999 0.85386760625 0.8863064640625
0 0.5796875 0.77375796875 0.583157578125 0.7848218375 0.5901035734375 0.7904396078125 0.6017010734375 0.7910537625 0.60791141875 0.7808827562499999 0.6003744015625 0.7636838218750001 0.5894054390625 0.758903003125 0.5796875 0.7727720437500001 0.5796875 0.77375796875