0 0.40267103125 0.6651056843750001 0.400208528125 0.6695919531250001 0.4041093015625 0.68495026875 0.4121624234375 0.6914222375 0.417087428125 0.6824497015625 0.41676086874999996 0.675115859375 0.4124139984375 0.6671775734375001 0.40267103125 0.6651056843750001
0 0.5296875 0.26914965625 0.5204587421875 0.2760830453125 0.5183227968749999 0.28790315624999996 0.5192774796874999 0.29937851875 0.5240829453125 0.30515985625000003 0.52748763125 0.30688586562500003 0.5296875 0.30705664375 0.5296875 0.26914965625
0 0.1396538125 0.6923386828125 0.14009991093750002 0.6849186515625 0.1348108546875 0.670768090625 0.1278319546875 0.6610176078125 0.1162421078125 0.6623104203125 0.11409366875 0.668867446875 0.11460224999999999 0.6877628390625 0.1265311515625 0.6990669546875 0.13703427968749998 0.695789571875 0.1396538125 0.6923386828125
0 0.21572025468749997 0.6343675984375 0.212786659375 0.6357477281249999 0.20990305468749998 0.6581801953124999 0.22075773437500001 0.6727628234374999 0.22632335937499998 0.673194890625 0.23357883125 0.6692268765625 0.23104134375 0.6421346390625 0.21572025468749997 0.6343675984375
0 0.275252284375 0.6435204140625 0.283148375 0.6489570015624999 0.29363900468750004 0.640416534375 0.284932765625 0.6192768796875 0.2788835515625 0.6104755890625 0.266074953125 0.6192746203125 0.263756984375 0.6195331828125 0.2675132234375 0.639119203125 0.275252284375 0.6435204140625
0 0.3122577421875 0.669926540625 0.33845850781250003 0.702802378125 0.31733977812499997 0.661989384375 0.3068116546875 0.6547406 0.3026218140625 0.6478376921875 0.2910319703125 0.64913050625 0.286251496875 0.6538753359375 0.288292896875 0.66733526875 0.298192896875 0.6704425359374999 0.3122577421875 0.669926540625
0 0.5076680734375 0.35752988281250003 0.48661182812500003 0.34303231093750003 0.47719541875000004 0.348294265625 0.47923681875 0.3617541984375 0.48590165937499996 0.369433921875 0.49780556562499995 0.3702118671875 0.5076680734375 0.35752988281250003
1 0 0 0 0.5860687312499999 0.009415578125 0.589994946875 0.0335124578125 0.583095428125 0.047916359375 0.595176359375 0.0595561921875 0.614935884375 0.078583534375 0.6212366078125 0.0918882203125 0.626069884375 0.11185774531249999 0.6385828828125 0.1296788296875 0.6576529078125 0.1456155484375 0.66429838125 0.15115617812499998 0.654204278125 0.147230409375 0.62831979375 0.15495697343749998 0.6274579171875 0.1639397828125 0.634879078125 0.1816858828125 0.622370596875 0.200700728125 0.623408234375 0.22546322187499998 0.6364394875 0.2293140078125 0.6307454640625 0.227115578125 0.616250153125 0.24165151406250002 0.618840296875 0.264033553125 0.6058146875 0.2732929328125 0.5995173546875 0.2724952828125 0.589077371875 0.28578747031249996 0.5886475640625 0.3032570015625 0.5898575765625 0.3093312109375 0.609185034375 0.3292757421875 0.6111718640625 0.33805153125 0.59650530625 0.32438279531249997 0.568548934375 0.3311296828125 0.5456855296875001 0.33677735468750003 0.5155744671875 0.3455906359375 0.5166971640625 0.3533421953125 0.5263614578125 0.3626515625 0.5411164609375 0.37422890937500003 0.5345605640625 0.3733937671875 0.5083313281249999 0.361621896875 0.49806259218750004 0.366546903125 0.4890900578125 0.3620055078125 0.4643271390625 0.37754068125 0.43206026093750005 0.3813664734375 0.41584006875 0.388452415625 0.4055735921875 0.38511727812499996 0.3680413703125 0.397925878125 0.3592423390625 0.40808995000000003 0.3433680265625 0.41808449375 0.321195253125 0.4315337125 0.3218008234375 0.4253149703125 0.3067010703125 0.4410571640625 0.296521909375 0.4451970140625 0.28237247656250003 0.4530681125 0.2772828953125 0.45024155937500004 0.258646065625 0.43632124843750003 0.25493435781249996 0.4304861171875 0.20609915 0.43944393125000003 0.20299414218749998 0.4487158078125 0.20195989062500003 0.4496080015625 0.18711982968750002 0.4407697265625 0.1754709640625 0.429663471875 0.185133 0.4216228453125 0.183924115625 0.42096972812500005 0.16925642968750002 0.4362658265625 0.16649730000000001 0.4370009890625 0.15062185781249998 0.42103927968750005 0.1334502171875 0.41330021875 0.1290490078125 0.4035572515625 0.1269771203125 0.410800225 0.11774602187500001 0.42656741406250004 0.11809303125 0.4317814859375 0.10066508437499999 0.42680649062500003 0.08858528125000001 0.42060024531250007 0.07874861093749999 0.4259963421875 0.072882215625 0.42285572812499994 0.052174628125 0.4336479234375 0.0404418328125 0.42506122187499995 0.004548303125 0.42005208437499997 0 0.3981911234375 0 0.39213856406250003 0.0050620421875 0.38362684687500004 0.00074701875 0.38351355 0 0 0
0 0.9556158640625 0.1250244328125 0.9529713390625 0.11794915156250001 0.9486369625 0.1152739515625 0.9409103999999999 0.116135825 0.9350432109375 0.1188960859375 0.9345971140625 0.126316115625 0.9350807031249999 0.1346853390625 0.9391135125 0.140552865625 0.9426752296875 0.14331425312499999 0.9451502296874998 0.14409107031249999 0.9553392953125 0.138742928125 0.9556158640625 0.1250244328125
0 0.9257284109375 0.0367563625 0.93378153125 0.0432283296875 0.9409049671874999 0.048751106249999995 0.9525073093749998 0.052721378124999996 0.9574448109375 0.049011928125 0.960208878125 0.0413333328125 0.955692478125 0.027096584375 0.9507299812500001 0.020279865624999997 0.9412885781250001 0.0150156515625 0.9301573281250001 0.01415151875 0.9184229484374999 0.0196720375 0.9187495078125 0.0270058796875 0.9220096625 0.03295959375 0.9257284109375 0.0367563625
0 0.9308930343749999 0.45417986250000003 0.92456725 0.4590970671875 0.9256789624999999 0.4716078078125 0.929253178125 0.47963228124999996 0.93528989375 0.4831704859375 0.940843021875 0.47833946875000005 0.9437641203125 0.4716962546875 0.9446813093750001 0.46738236093749996 0.9456109968749999 0.46833155312499997 0.9367727203125 0.45668268906250004 0.9308930343749999 0.45417986250000003
0 0.8994140796875 0.541922903125 0.8930508046875 0.53105085625 0.8813039296875 0.5313082890625 0.874350021875 0.5320839765625001 0.8734453296875 0.541660953125 0.8760898578124999 0.548736234375 0.8855437578125 0.5592635328125 0.8974476640625 0.5600414781249999 0.90129845 0.55434745625 0.8994140796875 0.541922903125
0 0.9398850796874999 0.7258768171875001 0.938628834375 0.7175937828125 0.93289368125 0.71086325 0.9287163390625001 0.7092234296875 0.9180436828125 0.70620235 0.91576320625 0.722250165625 0.9244444515625 0.732863653125 0.9344889828125 0.7317432140625 0.9398850796874999 0.7258768171875001
0 0.8231906078125 0.598858609375 0.8217898281250001 0.594803278125 0.82023201875 0.58971256875 0.8143523328125 0.58720974375 0.8041507703124999 0.5872948015625 0.7978249859375 0.5922120078125 0.8012546671875 0.6044641859375 0.80637419375 0.61231628125 0.8142577890625 0.6124897875 0.8204265421875 0.6065372015625 0.8231906078125 0.598858609375
0 0.7962726078125 0.6545060171875 0.799181209375 0.64259971875 0.7962101234375 0.6281905937500001 0.7912601234375 0.6266369593750001 0.782591375 0.621286559375 0.7755179296875 0.6368161203125 0.7807944875 0.645703596875 0.7855999546875 0.6514849359375 0.7962726078125 0.6545060171875
0 0.7224866453125001 0.696429284375 0.7204827375 0.69875860625 0.7188053890624999 0.708421771875 0.72363585 0.724729278125 0.7316889703125 0.731201246875 0.7384733515624999 0.7241270953125001 0.7369030421874999 0.7137732999999999 0.7342335203125 0.6961718515624999 0.7263499265625 0.695998346875 0.7224866453125001 0.696429284375
0 0.631313196875 0.7065994109375 0.6271608484375 0.7154857609375 0.62873115625 0.7258395531249999 0.6363256828124999 0.7344684671875 0.6442217734375 0.7399050578125 0.6542413109374999 0.7282584515625 0.6557741265625 0.722822990625 0.6523444453125 0.7105708125 0.64815460625 0.70366790625 0.6461382015625 0.70073414375 0.639341325 0.702545209375 0.631313196875 0.7065994109375
1 0.5296875 0 0.5296875 0.627044903125 0.5408444859375 0.622983209375 0.552603859375 0.627988859375 0.5643882265625 0.6435206796874999 0.5763046296875001 0.649561709375 0.5869897828124999 0.657845875 0.6007655609375 0.6657852890625 0.611463209375 0.6793325390625 0.625842115625 0.6808873015625 0.631853840625 0.6738993375 0.6310436906250001 0.6581962734375 0.6375265062500001 0.6543144453124999 0.646327290625 0.6501740578125 0.6594874421875 0.6592350375 0.6738538515625 0.6555267171875 0.6863483890625 0.6446569265625001 0.7013429203125 0.645090121875 0.7192710468750001 0.6441431890625 0.7353398 0.6412978703125 0.7489585468750001 0.6482019078125 0.7585319875 0.64397533125 0.7707249609375 0.6362978671875 0.775964028125 0.629396090625 0.7748398171875 0.6116222640625 0.7806945093750001 0.603598921875 0.7826859203125001 0.596006515625 0.7921148265625 0.596007646875 0.7950234265624999 0.5841013453125 0.8050679593750001 0.5829809078125 0.8154140562500001 0.5786681453125 0.8234421828125 0.57461394375 0.8308671828125 0.5769443937500001 0.8440023406249999 0.57547920625 0.8455351562500001 0.5700437468749999 0.8391593828125 0.5539086140625 0.8267718875 0.544761446875 0.8330851750000001 0.53458115625 0.8426586140625 0.5303545796875 0.8531617406249999 0.5270771953125 0.8604422078124999 0.5336353515625001 0.8729617390625 0.5332917312500001 0.8747836234375 0.5194008609375 0.8808078421874999 0.51767598125 0.8877617499999999 0.51690029375 0.8903562875000001 0.5029232375 0.897467225 0.5031829265625001 0.9147797265625 0.5033575625 0.9268656578125001 0.5156970546874999 0.94480628125 0.52001320625 0.9732500343750001 0.5210519734375 0.9401328515625 0.504741078125 0.9200062953125 0.49119270000000004 0.9102258359375 0.47333155781249997 0.9171547484375001 0.46202970312499997 0.92361256875 0.44762170625 0.9294422671875001 0.42907219531249996 0.9340407124999999 0.412765815625 0.9389532203125001 0.3985301953125 0.9348704218750001 0.37161033125 0.92772199375 0.35556138593750003 0.9308001203125 0.34995355156249996 0.9320063781249999 0.3371842484375 0.9420509109375 0.3360638109375 0.9384641968749999 0.32277625312499997 0.9342618593750001 0.3106102625 0.9429056124999999 0.30543449375 0.9517188953125 0.30655719062500003 0.9642384265625001 0.30621356875 0.9737993687500002 0.296723909375 0.9774681281250001 0.2794683375 0.955023603125 0.266178521875 0.9488048609374999 0.25107876875 0.939507990625 0.2415868515625 0.9370079953125 0.2302838640625 0.930016596875 0.21527029843749998 0.9279626999999999 0.19654728125 0.9325986390625001 0.19603015625 0.9448166078125 0.1988788609375 0.9467955203125001 0.186023371875 0.93793225 0.1638483375 0.9362049125 0.15245916406249999 0.9307713234375001 0.14253630781249998 0.9186853921875 0.1301968140625 0.9223791453124999 0.1234674125 0.9262299296875 0.11777338906249998 0.9229572796875001 0.106556590625 0.9156768124999999 0.099998434375 0.905029153125 0.1075035234375 0.8996080609374999 0.102843753125 0.9026736921874999 0.0919728328125 0.909458071875 0.08489868125 0.90804479375 0.075580265625 0.8978182374999999 0.06513915625 0.8854557359375 0.06651815625 0.8846705828125 0.061341260937499996 0.8854307421875 0.05599198749999999 0.88028621875 0.0376137203125 0.8883018500000001 0.028296435937499996 0.910419815625 0.0342524078125 0.904213571875 0.0244157390625 0.9026432640625 0.01406194375 0.8800792 0.015526003125000002 0.87142295 0.015438687500000001 0.86706358125 0.0022373171875 0.8660217250000001 0 0.5296875 0
0 0.283550746875 0.9723549281249999 0.2868109 0.9783086437499999 0.2920749625 0.981933034375 0.30289215 0.9807264078125 0.31136637500000003 0.9692521781250001 0.312899190625 0.9638167171875001 0.3048210734375 0.94681858125 0.29971404375 0.9442295671875 0.2912148234375 0.94517763125 0.2844304453125 0.95225178125 0.282137471875 0.9630365140624999 0.283550746875 0.9723549281249999
0 0.35613751875 0.8810793296874999 0.355967990625 0.8747808640624999 0.3550258046875 0.8685685890625001 0.35238127656249996 0.8614933078125 0.345113309375 0.8601982359375 0.33415158749999996 0.8656325656250001 0.3312304890625 0.8722757796874999 0.3346476734375 0.8792648734374999 0.34085391875000004 0.8891015421875 0.3510554828125 0.889016484375 0.35613751875 0.8810793296874999
0 0.5296875 0.770296646875 0.5254383687499999 0.7695394984374999 0.5211164921875 0.7721273828124999 0.5200547671875 0.7806689796875 0.5267196078125 0.7883487031249999 0.5296875 0.78801764375 0.5296875 0.770296646875
1 0 0.759375 0 0.9635227578125001 0.013046045312499999 0.970942053125 0.025433540625 0.9800892203125 0.036746815625 0.9925149031250001 0.050353065625000006 0.9941558531249999 0.0553329203125 1 0.1462714203125 1 0.1430843234375 0.9890764359374999 0.15683510625 0.9864896812499999 0.17044135625 0.98813063125 0.1902288578125 0.9890820828125 0.20686404687499999 1 0.2089551 1 0.205996046875 0.989429090625 0.20441324062500002 0.9738122125 0.20826402656249998 0.968118190625 0.21521793281249998 0.967342503125 0.2169327734375 0.9734685921875 0.22684527031249999 0.98183894375 0.23688980312500002 0.9807185046875 0.25157027187500003 0.97908094375 0.2577140328125 0.9626021890625001 0.249164821875 0.9424979125 0.25827966875 0.9404282828125 0.2621554484375 0.9452604296875 0.265428096875 0.956477228125 0.2743859125 0.9533722203125 0.2765218578125 0.941552109375 0.2870249828125 0.9382747234375 0.29781717812499997 0.9265419312500001 0.3032257734375 0.92593861875 0.31789374531250003 0.9190379703125 0.3110718734375 0.9103228671875 0.312749225 0.9006597031249999 0.31764923437500003 0.8811609984375 0.3298547046875 0.8787466203125 0.3310609625 0.8659773171874999 0.3406219046875 0.8564876546875 0.3388945671875 0.8450984828125 0.3340641078125 0.8287909750000001 0.3422617625 0.8310352359375001 0.350132859375 0.8259456578125001 0.3414266203125 0.8048060015624999 0.3519047515625 0.7910024484375 0.3636266328125 0.780218846875 0.37038601875 0.7626185265625 0.372305515625 0.759375 0 0.759375
0 0.9801999359375 0.89400863125 0.9734030609375001 0.8958196984375 0.9715686796874999 0.9044474843750001 0.9781014859375 0.921617996875 0.9858280468749999 0.9207561203125 0.989980396875 0.9118697734375001 0.9883975921874999 0.8962528953125 0.9801999359375 0.89400863125
0 0.7993858546875 0.908913425 0.78732491875 0.9071001000000001 0.7826889796875001 0.9076172249999999 0.7797678828125 0.9142604390625 0.7816397546875 0.9214219078125 0.7873749078125 0.9281524390625 0.7915647484375 0.9350553453125 0.8045303781250001 0.9272916921875 0.8052780406250001 0.9166793359375 0.7993858546875 0.908913425
0 0.7009319421875 0.9125253984375 0.6910444390625 0.9146812140625 0.683342871875 0.9260692593750001 0.6861569265625 0.9394430046875 0.689429578125 0.950659803125 0.6960819203125 0.9530764406250001 0.7047256734375 0.947900671875 0.7085639609375 0.9369435656249999 0.7075967828125 0.9202051203125 0.7009319421875 0.9125253984375
1 0.5296875 0.759375 0.5296875 0.8005966296875 0.54132026875 0.8081937015625 0.571346825 0.824849346875 0.5812343265625 0.82269353125 0.604414015625 0.8201079046875 0.6230202546875 0.844354828125 0.63958509375 0.8551418171874999 0.6550257234375 0.848154984375 0.6678843109375 0.8604082890625 0.6967991546875 0.86455319375 0.7132069624999999 0.8743048046874999 0.72740384375 0.8642980187500001 0.7324733828125 0.8510977796875 0.7482280734375 0.846181703125 0.770164015625 0.8405761265624999 0.787294490625 0.8291892125 0.8059952734374999 0.8281560921875 0.81108980625 0.82548201875 0.8211343390625 0.82436158125 0.8412359015625 0.8273837921875 0.860213253125 0.8126321750000001 0.8662624687499999 0.8214334640625 0.874931215625 0.826783865625 0.88005074375 0.8346359640625 0.8924132437499999 0.8332569624999999 0.8970366859375 0.8274767546874999 0.8985445078125001 0.8115151265625 0.893714046875 0.7952076156250001 0.8975523328125 0.784250509375 0.9020062453125 0.7721718359375 0.9019812515625001 0.7616456671875 0.902725246875 0.759375 0.5296875 0.759375
0 0.5296875 0.8485435328125 0.543895246875 0.851075196875 0.5503655640625 0.841930284375 0.55281556875 0.8321809328124999 0.5526460421875 0.82588246875 0.5500015140625 0.8188071890625 0.5393288578125001 0.8157861078125 0.5296875 0.8100098906250001 0.5296875 0.8485435328125