0 0.2524778828125 0 0.25523388125 0.02432960625 0.26596100312500004 0.025984140625000002 0.27107737656249997 0.014161915624999999 0.269246084375 0 0.2524778828125 0
0 0.28672493125 0.11100865 0.27934842187500003 0.101134121875 0.2710189984375 0.1084342484375 0.26712565312500003 0.11360762499999999 0.27183184531250004 0.12200667812499999 0.2857720171875 0.12818330625000002 0.28672493125 0.11100865
0 0.35 0.16909713906249998 0.3447891046875 0.1711695453125 0.34062313906249997 0.18382210625 0.3441521578125 0.194622646875 0.35 0.1972696671875 0.35 0.16909713906249998
0 0.29665500312500004 0.310903321875 0.31204496718749997 0.30719927812500003 0.31756901718749997 0.293160771875 0.30774895468749996 0.278578946875 0.299284475 0.28061617031249997 0.290774140625 0.2869007578125 0.29289921875 0.3033346046875 0.29665500312500004 0.310903321875
0 0.4513709296875 0.3150078 0.4411865421875 0.3163998859375 0.42977912499999993 0.324440821875 0.43176914687499995 0.33561176718749997 0.437198984375 0.34807298124999997 0.4431282046875 0.3498231875 0.45598291093750004 0.3499065734375 0.46358868906249995 0.338544284375 0.4608750234375 0.3233111796875 0.4513709296875 0.3150078
0 0.37197755312499997 0.328820715625 0.3684460296875 0.3360251703125 0.36894290937499996 0.34331915625 0.375776684375 0.3501470625 0.3866388640625 0.3570645 0.39560272812499997 0.34431626875 0.3919386546875 0.3282528234375 0.3854667 0.3234559984375 0.37197755312499997 0.328820715625
0 0.3945781453125 0.225945696875 0.392358853125 0.236011571875 0.3928557328125 0.24330555625 0.4026324453125 0.24412975 0.411096925 0.242092528125 0.415036125 0.2326717875 0.4138156015625 0.22131564374999999 0.40616647187500005 0.2189203015625 0.3945781453125 0.225945696875
1 0.6074654015625001 0 0.61213691875 0.050730353125 0.6057058109375 0.07769615156250001 0.594797778125 0.0750260765625 0.593169578125 0.0658862140625 0.5805874921875 0.058323642187500004 0.5681838125 0.06978160312500001 0.5750150828124999 0.0946145046875 0.579221890625 0.11372456718749999 0.5996340171875 0.1246980234375 0.5828401125 0.1340353734375 0.5885400656249999 0.157022396875 0.5786257906250001 0.168940290625 0.5701154546874999 0.1752248796875 0.5647264625 0.1945262890625 0.5602853734375 0.2326630296875 0.5481976625 0.250399434375 0.53701450625 0.2732135421875 0.52737285 0.2776522515625 0.5127523843749999 0.2811710921875 0.51080320625 0.301762771875 0.5368669265625 0.357975609375 0.537336603125 0.359375 1 0.359375 1 0 0.6439221109375 0 0.639708809375 0.002790184375 0.637146596875 0 0.6074654015625001 0
0 0.5441534640625 0.038497340625 0.530529259375 0.03859915625 0.5256396515625 0.04718955625 0.530615959375 0.06611441875 0.5409354046875 0.06998523281249999 0.5531581734375 0.057511731249999996 0.55324988125 0.04901700625 0.5441534640625 0.038497340625
1 0.35 0.359375 0 0.359375 0 0.95835720625 0.35 0.8766786312499999 0.35 0.359375
0 0.65840609375 0.434347415625 0.6721653546875 0.439508503125 0.6765580828125 0.4236241203125 0.6700427796875 0.40506966406250006 0.66827701875 0.408671890625 0.6585895078125 0.4173579625 0.6568237484375 0.4209601890625 0.65840609375 0.434347415625
0 0.7299619171874999 0.4711385984375 0.723398253125 0.4748364984375 0.7247996890625 0.4872081828125 0.7276050640625 0.4939465625 0.7340770171875001 0.4987433890625 0.7458004015624999 0.49698089687499997 0.754040621875 0.480170503125 0.7392417484375 0.4646688078125 0.7343979953125 0.46901184375 0.7299619171874999 0.4711385984375
0 0.877300409375 0.4197910734375 0.87680353125 0.41249708749999997 0.8730936015624999 0.40068100937500006 0.8698805515625001 0.39615891406250003 0.8591534296875001 0.39450438125 0.8526789703125001 0.40771254843750004 0.8586515406250002 0.423220384375 0.8703290718750001 0.42570525625 0.877300409375 0.4197910734375
0 0.691286053125 0.62342311875 0.7038247906249999 0.6172280609375 0.7036463859375 0.5982075265625 0.6922414734375 0.58824346875 0.6841388140625 0.592311771875 0.6815577015625001 0.600346565625 0.684271365625 0.6155796703125 0.691286053125 0.62342311875
0 0.66213181875 0.6579760609375 0.659323940625 0.6692426765625 0.6638033671875 0.68087355625 0.6751649296875 0.67707998125 0.6775651328125 0.6680296484375 0.6759369328125 0.6588897859375 0.6688763921875001 0.6552937015625 0.66213181875 0.6579760609375
0 0.5327010171875 0.8278670734375 0.5459633984375 0.825734175 0.5544737328125 0.8194495890625 0.5542953265625 0.8004290546874999 0.5453339671874999 0.79517229375 0.5335647265625 0.80118215 0.527044415625 0.8186376796874999 0.5327010171875 0.8278670734375
1 1 1 1 0.3835217078125 0.99734464375 0.37289454375000003 0.9850326718750001 0.375857778125 0.9810909671874999 0.403283509375 0.9844390749999998 0.41306850781249993 0.99258508125 0.42275783437500003 0.9792768468750002 0.42913809374999995 0.971946190625 0.41501620156249996 0.9590456312499999 0.4191801796875 0.9474114499999999 0.43045293749999997 0.9393087921875001 0.4345212421875 0.9308443109375 0.4365584671875 0.9121495875000001 0.444235140625 0.9049539890624999 0.435376153125 0.8958550671874999 0.44286148281250004 0.8783833718749999 0.4438893078125 0.8593701765624999 0.463292534375 0.8428488906249999 0.465150696875 0.8326186468749999 0.4707901484375 0.8264626625 0.47227176562499995 0.8227043734375 0.4827080453125 0.8076303765624999 0.49269053124999995 0.7953667624999999 0.47340140937499997 0.782784678125 0.4658388359375 0.7296968125 0.424602803125 0.775359809375 0.4782166640625 0.7844103734375001 0.49298369375 0.79939015625 0.509500928125 0.796582278125 0.5207675421875 0.7748579203125 0.50693266875 0.78309313125 0.5261322625 0.7740400640625 0.529370228125 0.7533528125 0.5438809546875 0.7374659687499999 0.5402910140625 0.731580096875 0.5522984359375 0.7285888015624999 0.5805545078125001 0.7424372671875 0.5952258625 0.7369132171875 0.6092643671875 0.7228354828125 0.6158298296875 0.7172655796875 0.6341156984375 0.7017405562500001 0.6325568374999999 0.681690253125 0.6236144640625 0.6600550984375 0.61928985625 0.641724703125 0.61099261875 0.6247498859375 0.6193144281249999 0.6094949796875 0.628281375 0.62814134375 0.642857059375 0.66285796875 0.6440332296875 0.685532734375 0.6586984390625 0.677697684375 0.691297546875 0.6688663734375 0.727313678125 0.6725737984375 0.7571347515625 0.6680001578125 0.7720035953125 0.6736109046875 0.78548035 0.68325005625 0.7990466359374999 0.677636803125 0.8035748734375 0.6661401828125 0.80210554375 0.6436004734375 0.792703234375 0.6199752984375 0.777207684375 0.610471203125 0.768904303125 0.5900132234375001 0.7621782109375 0.561862765625 0.7392991453125 0.55815033125 0.7454880625 0.5786058078125 0.7702191468749999 0.5567438875 0.7691263625 0.550722959375 0.7758708859375 0.5899648656250001 0.7844305687500001 0.6069371765625 0.7941137515625 0.6364915734375 0.8113595078125 0.6659109125 0.8233423609375 0.652421765625 0.8287070796875 0.6423290859375 0.8216044406249999 0.623726071875 0.8207863875000001 0.6242663 0.8418380031249999 0.6219094453125 0.8646459671875 0.654090809375 0.8696095671874999 0.6590671171875 0.8885344296875001 0.6737334390624999 0.8807682234375 0.6722836453125 0.8906488953124999 0.6808806781250001 0.9118795703125 0.6873042734375 0.9389287546875 0.667524084375 0.9405121874999999 0.6672948140624999 0.961749003125 0.672678796875 0.978457584375 0.6840837093750001 0.9884216421875 0.6934068906249999 0.9957094828125002 0.6918840562499999 1 1 1