0 0.121549884375 0 0.1150635109375 0.005155825 0.1114791046875 0.012716746875 0.11949392656249999 0.023080965624999998 0.1247397390625 0.02224196875 0.137529684375 0.0166249296875 0.1374282015625 0.00297643125 0.1376748390625 0 0.121549884375 0
0 0.056885378125 0.12719464375 0.0700384046875 0.114221325 0.0719675265625 0.108788515625 0.060826740625 0.10342740312500001 0.0457384703125 0.11298349062499999 0.045559990625000005 0.12108665 0.0492458828125 0.127174228125 0.056885378125 0.12719464375
0 0.1854019109375 0.51875 0.1862044671875 0.5180484640625 0.1805650609375 0.5056145078125 0.16064238125000002 0.50807013125 0.1560960671875 0.510441403125 0.151056090625 0.51875 0.1854019109375 0.51875
0 0.22014281875 0.4269419 0.223393275 0.42971033593749997 0.2357363609375 0.4277362328125 0.2512177109375 0.42288531718750005 0.261935571875 0.419526990625 0.26604753125 0.41539835312499995 0.265178821875 0.41188362031250003 0.257809203125 0.40283200625 0.24697915312500002 0.40054508593750004 0.2305241078125 0.40664783125000004 0.22327388125 0.41365327812499997 0.22014281875 0.4269419
0 0.3013825953125 0.46491743437500005 0.305060203125 0.45903142812500003 0.3062438703125 0.44824647031250003 0.2982299234375 0.4469706203125 0.28220922968749995 0.45483073125000006 0.273228790625 0.46521852499999994 0.28395385156249997 0.47227201093750004 0.2877436484375 0.47203125156250003 0.3013825953125 0.46491743437500005
0 0.7740069078125 0.40960557968750005 0.7739019203125 0.41437214375 0.7768302125 0.4210284625 0.7875552734375 0.42808194843749997 0.7964307265625 0.422460721875 0.8029244359375 0.4175857875 0.8021607124999999 0.40930448906250005 0.794791090625 0.40025287656249997 0.7843953984375001 0.3997233234375 0.7740069078125 0.40960557968750005
0 0.22927973906250002 0.173194565625 0.2436824078125 0.1743620453125 0.2533143796875 0.166610303125 0.2599130765625 0.15696880625 0.2560110875 0.15156431718750002 0.24149622812500002 0.14475158906250002 0.22612706875000002 0.15524775156249998 0.2226666390625 0.1620124421875 0.22927973906250002 0.173194565625
0 1 0.3842864875 0.9999794625 0.3842427203125 0.9816820109375 0.38808256406249997 0.979524646875 0.4001193515625 0.985808378125 0.40477754531250004 1 0.40215565625 1 0.3842864875
0 0.9789636937499999 0.3718931171875 0.9763719734375 0.382172540625 0.9762669875000001 0.3869391015625 0.9847152875 0.38997231875 0.99781489375 0.38586770000000004 0.9957481078124999 0.3723143015625 0.9789636937499999 0.3718931171875
0 0.9830684484375001 0.357352665625 0.97094974375 0.370617265625 0.9829706671875 0.37253104062500003 0.9919583109375001 0.372555059375 0.999965053125 0.3634191 0.9904308671875001 0.35599246562500003 0.9830684484375001 0.357352665625
1 1 0 0.34982427656250004 0 0.347951246875 0.0044141703125 0.333892353125 0.0305942453125 0.33185438281249996 0.058688090625 0.3258022328125 0.0757322046875 0.31044027500000004 0.096640178125 0.305908365625 0.1198350734375 0.301047090625 0.1365060359375 0.30810174999999995 0.1598573390625 0.31039292031250004 0.18470123125 0.3143093125 0.21092934375 0.32016589687499997 0.22424198125 0.33014164375 0.24383779218749999 0.3236479359375 0.24871272656249999 0.313266646875 0.26900679375 0.3300582671875 0.279839790625 0.32638786406250003 0.296137609375 0.3492388359375 0.300338303125 0.3666747828125 0.3033955390625 0.370359590625 0.3079213453125 0.3639852796875 0.3288533375 0.37471034375 0.335906821875 0.3550120421875 0.349652940625 0.3543749171875 0.36784051406249996 0.38491046875 0.366793128125 0.4041888203125 0.3721132671875 0.4139473921875 0.39083039375 0.44556883124999996 0.39417642656249996 0.47068935781249993 0.391985578125 0.5104225265625 0.38142908593749997 0.5484326859374999 0.38466674843750004 0.5708493031249999 0.3871100796875 0.603661615625 0.3900829640625 0.6345265343750001 0.3955595078125 0.644929434375 0.40650087343749997 0.6673460515625 0.4089442046875 0.6894260984375 0.394451790625 0.7027500812499999 0.40163766562500003 0.7299229875 0.3921765953125 0.7525495796875 0.38508679687499997 0.772037903125 0.38087380625 0.7856840546875 0.3841718015625 0.8066926203125 0.38610959375 0.8231476687499999 0.3800068484375 0.841115753125 0.36964307500000004 0.850537753125 0.37142446093750003 0.8624536859374998 0.3781047984375 0.8843165562500002 0.3627337046875 0.8845265296874999 0.35320057656250003 0.8998956921874999 0.3427044140625 0.9100814093749999 0.35276709687499996 0.9251356125000001 0.356570628125 0.91681390625 0.3800062796875 0.9307894234375 0.3898282046875 0.9739830234375001 0.3725070203125 0.964980971875 0.35165938125 0.9578213265625 0.333074640625 0.9795720046874999 0.3120582984375 0.9905070390624999 0.30957865625 1 0.3071012171875 1 0
0 0.2629721 0.0395620734375 0.26600537500000004 0.041451829687500004 0.27455866875 0.0397184796875 0.28289478125 0.03710645 0.29501348437499997 0.02384185 0.29793457187500005 0.0200863578125 0.290347775 0.0101560625 0.2801692578125 0.010505190624999999 0.2639313875 0.0174866203125 0.256036834375 0.0322678296875 0.2629721 0.0395620734375
0 0.006062903125 0.9723209234375 0.0086473125 0.98277725625 0.02116954375 0.9893149546875 0.030190484375 0.9905119578124999 0.0300951234375 0.985713496875 0.0429681875 0.9671948390625001 0.0338518828125 0.9611993765625 0.0169176046875 0.96328665625 0.006062903125 0.9723209234375
0 0.131347353125 0.861444003125 0.12011120156249999 0.8512844296875001 0.102718484375 0.8559295265625 0.079073834375 0.8705808359375 0.0887439390625 0.878816940625 0.10135540937500001 0.881303059375 0.12417854218749999 0.8765658484374999 0.131347353125 0.861444003125
0 0.096098259375 0.59968766875 0.08477899375 0.602429715625 0.0789855046875 0.6098781062499999 0.0799085078125 0.6136125124999999 0.084886603125 0.624928253125 0.1063282890625 0.6190144562500001 0.107519009375 0.610594121875 0.1048453609375 0.60418936875 0.096098259375 0.59968766875
1 1 0.51875 0.332818759375 0.51875 0.330563784375 0.522276084375 0.3356372421875 0.5383902890625001 0.3355602484375 0.560141946875 0.3396153421875 0.5677232859375 0.3375969796875 0.5772076765625 0.33880606874999997 0.5953374609375001 0.34193815625 0.5991843953125 0.350965221875 0.6092314390625 0.361915284375 0.6049956296875 0.360813803125 0.609364384375 0.3595338453125 0.621836296875 0.35429415625 0.6315253328125 0.35513404375 0.6481613562499999 0.35919525937499996 0.664592734375 0.3685976484375 0.6849835765625001 0.37504642499999996 0.693424328125 0.38683025312499997 0.696974503125 0.398417234375 0.68207771875 0.40882574218749995 0.693301346875 0.41794204687500003 0.6992968109375 0.41794816875 0.70814685 0.4292735578125 0.71425484375 0.43388245312499996 0.724076825 0.4443801984375 0.7312488734375 0.444570921875 0.7408457937499999 0.45681318906250007 0.7418381515625001 0.475587353125 0.738369640625 0.486632778125 0.7389322921874999 0.4862696984375 0.7462885703125 0.4832452187499999 0.7649401765625 0.4904324 0.77636845 0.5077358796875 0.77577493125 0.5063605578124999 0.783448384375 0.5138215781250001 0.7915719593749999 0.5249562421875 0.7880830328125 0.5278976078125 0.782333046875 0.5265100406250001 0.7723064203125001 0.5371862640625 0.7713753109375 0.5445519234375 0.7747004265624999 0.5505422609374999 0.78569899375 0.5529420703125 0.7954084453125001 0.5561695203125 0.8040538390625 0.565470425 0.8107961828124999 0.56197525625 0.8143055265625 0.5503821531249999 0.8203522718749999 0.5543480046875 0.8319851890625 0.5639227484375 0.835422834375 0.5789217812499999 0.8299183265625001 0.57578356875 0.8172213515625 0.583053865625 0.8157480046875 0.5951115328125 0.815993484375 0.6181253875 0.8208531906250001 0.63865019375 0.8200550296875001 0.6534646265624999 0.8138036390625001 0.6737094703125 0.8074601359375 0.671506509375 0.8161976453124999 0.6616762953124999 0.8426148171874999 0.64852939375 0.8644381734375 0.6554366109374999 0.8703211046874999 0.6748415671875 0.8473415781250001 0.690840596875 0.8238198156250001 0.7059288671874999 0.8142637265625 0.717706571875 0.8089638640625001 0.727745878125 0.8186937296875 0.7291334453125 0.8287203562500001 0.7396311921875001 0.8358924062499999 0.7462584484375 0.8362299984374999 0.7608882796875001 0.8292317265625 0.763091240625 0.8204942171875 0.7714630171875 0.81465211875 0.7761489046875 0.802722440625 0.7836930390625 0.797944396875 0.800538078125 0.7999086953125 0.808171453125 0.7910790734375001 0.8135065031250001 0.7861884984375 0.826850253125 0.7828121015624999 0.8383541187500001 0.7808169359375 0.8344066359374999 0.7957341359375001 0.851251675 0.7976984359375 0.8610880109375 0.780131303125 0.8616418124999999 0.7823719453125 0.8783914906250001 0.779537784375 0.8769208093749998 0.7824127781250001 0.8806066984375001 0.7885003562499999 0.8901814421874998 0.791938 0.9041682328124999 0.7867506671875001 0.9086756421875 0.7829241484375 0.912164684375 0.770564765625 0.8983563718750001 0.767648940625 0.9028637812500001 0.763822421875 0.9132661656250001 0.7661960125 0.92734219375 0.7569570984375 0.9414182234374999 0.7477181859375 0.95061764375 0.7408120281249999 0.9536482453125 0.7310104640625 0.949414678125 0.7315322828124999 0.944258103125 0.7283196999999999 0.9518914781250001 0.7194900765625001 0.9614662203125001 0.7229277203125 0.9784897375 0.7167888625 0.9838309125 0.720748328125 1 0.719482296875 1 0.51875
0 1 0.74222134375 0.9956269859375 0.7419985828125 0.9842184828124999 0.7487922078125 0.9757574671875 0.7586858875 0.9752159109375 0.7741453234375 0.9867258984375 0.781000196875 1 0.781676378125 1 0.74222134375
0 0.7183522203125 0.9439550999999999 0.7094388890625 0.9652566374999999 0.7171737484375 0.9700755140624999 0.7248902390625 0.9483442703125 0.7392401046875 0.935800659375 0.7428245125 0.9282397359375001 0.7395970609375 0.9195943406249999 0.7252410703125001 0.9232879125 0.7210075 0.9238097343749999 0.7104205140625 0.9206892640625 0.6929385578125 0.929385940625 0.6919324390625 0.9385531546875001 0.700494940625 0.942307975 0.7113557640625 0.942123746875 0.7183522203125 0.9439550999999999
0 0.6114237484375 0.9790694312500001 0.617586440625 0.9731148015625 0.6151866312500001 0.96340535 0.60662413125 0.9596505296875 0.5926373390624999 0.9648378640625002 0.59117278125 0.9765628968750001 0.59430486875 0.9804098312499999 0.6114237484375 0.9790694312500001
0 0.7435384218750001 0.8958271015625 0.7405848109375001 0.8838770078125 0.737172759375 0.8744847312499999 0.731557746875 0.8738299656249999 0.7245674140625 0.8808486515624999 0.7252227 0.8967377953125 0.7279917109375 0.90794100625 0.7418892609375 0.906805253125 0.7435384218750001 0.8958271015625
0 0.4491089468749999 0.7812694734375001 0.444327696875 0.788400690625 0.4521579203125 0.798018028125 0.466609271875 0.799122915625 0.4757194531250001 0.7962683390625 0.4799407765625 0.7780464390625 0.46944302968749996 0.770874390625 0.4491089468749999 0.7812694734375001
0 0.40783799374999996 0.72901868125 0.40167529999999996 0.7349733125 0.40205062500000005 0.7453171125 0.40177678593750005 0.7486218109375 0.40804096406249996 0.7563156796875 0.4246952796875 0.748683059375 0.426433678125 0.7336533281250001 0.4205387015625 0.7274532203125 0.40783799374999996 0.72901868125
0 0.361721046875 0.7233508421874999 0.36964050625 0.7289166 0.379947528125 0.7264917296875 0.3849133765625 0.7201073921875001 0.39052226874999996 0.71191211875 0.380578325 0.7069807125 0.37072974062499997 0.706847765625 0.3633702046875 0.712372690625 0.361721046875 0.7233508421874999
0 0.304204325 0.8701288437500001 0.3152497515625 0.870691496875 0.322698525 0.8611149921875001 0.3234308046875 0.855252475 0.32158479687499997 0.8477836671875 0.309157928125 0.8460444265625 0.301524553125 0.8548740515625 0.29932159062499997 0.8636115609375 0.304204325 0.8701288437500001
0 0.218062253125 0.8834402359375 0.21667468437499998 0.8734136093749999 0.2092197890625 0.8741400734375 0.19458995781250002 0.88113834375 0.173797434375 0.8940912453125 0.1768402859375 0.9019897578125 0.167367025 0.9122006140625001 0.172249759375 0.918717896875 0.1842059421875 0.9053148734375001 0.19635285 0.9015087718749999 0.207761353125 0.8947151453125001 0.218062253125 0.8834402359375
0 0.18179479375000002 0.6131510359375 0.1789365453125 0.605999403125 0.17359537187500002 0.6020399375000001 0.161174625 0.6091507390625 0.15970394375 0.6120257312499999 0.150504525 0.6189318890625 0.1577809453125 0.6263085828125 0.17397681874999998 0.6212337796874999 0.17922263125 0.620394784375 0.18179479375000002 0.6131510359375
0 0.25005770156249996 0.6995945359375 0.24343657031249996 0.708106984375 0.2571556421875 0.7150743875 0.26939178906250005 0.70721670625 0.265884375 0.6930259718749999 0.2560296703125 0.684042984375 0.2510638203125 0.6904273203125 0.25005770156249996 0.6995945359375
0 0.2727671 0.6635087453125 0.2754468734375 0.6787635375 0.2809726453125 0.6834698828125 0.2934887546875 0.6811575421875 0.30176516875 0.67051698125 0.30452193437499997 0.6640201140624999 0.309761621875 0.65433108125 0.28979061718750004 0.657369884375 0.28159731875 0.655108828125 0.2727671 0.6635087453125
0 0.27886243906249997 0.5602036796875 0.269752259375 0.5630582546875 0.258069915625 0.5731565796875 0.254485509375 0.5807175015625 0.25449163124999996 0.5895675421875 0.2636079359375 0.5955630046875 0.2740995609375 0.593885015625 0.2870741078125 0.58901485625 0.292682996875 0.5808195828125 0.293969078125 0.577197709375 0.29313531406250004 0.5694117249999999 0.27886243906249997 0.5602036796875