0 0.132562828125 0.06537260781250001 0.13341845937500002 0.070814715625 0.1500757703125 0.0769549015625 0.1576254953125 0.0650901359375 0.1554964 0.0582020921875 0.151920471875 0.05541916718749999 0.1402347875 0.054285285937500004 0.132562828125 0.06537260781250001
0 0.044253509375 0.035993874999999995 0.0363882171875 0.039197809374999996 0.03628595 0.051854809375 0.0417465078125 0.059970890624999995 0.058821653125 0.062114907812499995 0.0661269125 0.04869525625 0.058852821875 0.0423519625 0.055032428125 0.038014150000000003 0.044253509375 0.035993874999999995
1 0.4 0.3835226421875 0.39564994531250003 0.38133483749999997 0.398054678125 0.370014821875 0.38786695781249997 0.358447321875 0.377505871875 0.35243087968750003 0.36315102499999996 0.34762768125 0.3585261328125 0.3315192609375 0.370731921875 0.3159999703125 0.34650491875 0.3082901046875 0.35013198125 0.30474452812499997 0.37796608125 0.29547437187500003 0.37285225781250003 0.2762561765625 0.33380143906250004 0.2740677828125 0.3064363078125 0.27301326875 0.3121213671875 0.2692497921875 0.3164419 0.2434999875 0.2850119078125 0.2365527734375 0.2643097 0.237954334375 0.24434089062500003 0.24402055625000002 0.2291304109375 0.2337752515625 0.19885165 0.22749653125 0.19194425937499998 0.22348556875 0.1640901953125 0.2193212796875 0.1345248671875 0.2042727765625 0.13379146718749999 0.1996081140625 0.129288809375 0.18427713750000002 0.1010169125 0.1841090171875 0.0817815015625 0.1948399015625 0.0736517796875 0.1830545015625 0.045328746875 0.1892148828125 0.045919946875 0.17966765625 0.050922745312499997 0.1649110171875 0.04835585 0.14858469531250001 0.0327986359375 0.1494415046875 0.023853212500000002 0.1590828890625 0.0158856546875 0.17494382343749998 0.0156611515625 0.18682338125 0 0.18848158125 0 0.459375 0.4 0.459375 0.4 0.45321971093749996 0.39472076875 0.44861601406249996 0.3985012328125 0.4260849359375 0.394660875 0.4083126765625 0.4 0.40832345937500003 0.4 0.3835226421875
0 0.21845865625 0.059439518749999996 0.23014434218750002 0.060573396875 0.2339447703125 0.051476765625 0.23605390312500002 0.0449303640625 0.2403432640625 0.038943506249999996 0.23821417031249997 0.0320554609375 0.2329980765625 0.025494267187500003 0.2199366578125 0.035571453125 0.21711409218750002 0.050887637500000006 0.21845865625 0.059439518749999996
0 0.953205009375 0.2632333484375 0.95325614375 0.2569048484375 0.9489468171875 0.2494572609375 0.94125489375 0.2471101359375 0.931871671875 0.24731324375 0.926064378125 0.2502992765625 0.9284379406250001 0.2587422078125 0.9335317984374999 0.2645259578125 0.9412237234374998 0.26687308125000003 0.953205009375 0.2632333484375
0 0.91197885625 0.10082695312500001 0.911734390625 0.099272065625 0.9073938937499999 0.111587425 0.9025644640625 0.12079300781249999 0.8988151671875 0.12356113906249999 0.8955548046875 0.12943904687500002 0.8875161468750001 0.1381940359375 0.8851625484374999 0.14318555156249999 0.885233646875 0.1502914953125 0.8951058015625 0.1531981625 0.90490685625 0.1489988859375 0.9071382203125001 0.143229928125 0.9132411140624999 0.1354702828125 0.9149324140624999 0.13292005 0.91407678125 0.12747794375 0.9145457499999999 0.11715327499999999 0.91731718125 0.108165590625 0.91197885625 0.10082695312500001
0 0.823307546875 0 0.8243542500000001 0.00261215625 0.8229273812500001 0.0201517203125 0.822213946875 0.0289215015625 0.8268188750000001 0.0315954765625 0.8380156265625001 0.02961958125 0.8425494546875001 0.0251876109375 0.8393202625 0.011302571875 0.8356220999999999 0.0077422031249999995 0.8329893343750001 0 0.823307546875 0
0 0.790616896875 0.1539864109375 0.80296488125 0.152679009375 0.8084054765625 0.14736064531249998 0.8108102078125 0.13604063125000002 0.8076521140625001 0.1292615375 0.7976577265625 0.125577425 0.7934194999999999 0.12523578124999998 0.78954796875 0.127226471875 0.78592090625 0.130772046875 0.7862876062499999 0.133104378125 0.7858186375 0.14342904843749998 0.790616896875 0.1539864109375
0 0.7520350468749999 0.14147334843749998 0.75712890625 0.14725709843749998 0.753695175 0.15868606093749998 0.757760034375 0.1645787625 0.7617425921875001 0.196562909375 0.7714925140625001 0.1986921328125 0.77140145 0.17815174218750002 0.77113701875 0.1631624109375 0.781844840625 0.1580767390625 0.7770465812499999 0.147519375 0.774132953125 0.14229516874999998 0.7737462890625 0.1265283921875 0.7592380390625 0.1407106953125 0.7520350468749999 0.14147334843749998
0 0.5942602640625 0.21587667656249998 0.579732046875 0.2166245359375 0.5768383828125 0.22483477500000001 0.579334178125 0.2340551515625 0.591631028125 0.23907624843750003 0.6020432484375 0.23876419218749997 0.6100307734375 0.23633770156249997 0.6113553703125 0.2314551390625 0.61206880625 0.22268535625000002 0.6103064093749999 0.21812964375 0.6018299546874999 0.21744635781250002 0.5942602640625 0.21587667656249998
0 0.5158318562499999 0.23603645 0.5170342234375 0.230376440625 0.515934125 0.22337944687500003 0.5116247984375 0.215931859375 0.5068976390625 0.212480440625 0.49200272343750007 0.21089596875 0.4829350671875 0.219759909375 0.47847233750000007 0.2312978234375 0.4801836 0.24218203593749998 0.48914898749999997 0.24597509843749998 0.507670965625 0.2440139953125 0.5158318562499999 0.23603645
1 1 0.32117735468749997 0.9892486875 0.319486375 0.9810678328125 0.314029475 0.9779097374999999 0.30725038125 0.9671308171875002 0.30523010625 0.9763007437500001 0.28370916562500004 0.9863175406250001 0.22099849374999997 0.9733471859375001 0.25161606875000003 0.9471732140625001 0.2780989375 0.9306381359374999 0.272736196875 0.9107715953125 0.26614541875 0.8892137546875001 0.262104871875 0.8753989734375001 0.254082946875 0.8472493078125 0.25469227031249997 0.8239490374999999 0.2595304578125 0.8105720515625 0.260946809375 0.8006287999999999 0.2509341984375 0.7880363484374999 0.2506867109375 0.7717457375000001 0.2468788578125 0.7722147046875 0.23655418906249998 0.7763107359375001 0.22268394218749998 0.7638916515625 0.21688539843750002 0.7454919078125 0.2196239453125 0.7332150203125 0.22803729218750002 0.7188090390624999 0.2295625953125 0.7079278515625 0.240199325 0.6868078093750001 0.24559705312500002 0.6737975234375 0.24934573593749998 0.6632630718750001 0.2488803515625 0.662407440625 0.24343824375 0.6654233375 0.23600545 0.6462390609374999 0.24040783437500002 0.6328620765625 0.24182418593750002 0.6163980953125 0.2435673890625 0.60005635 0.2460880359375 0.5935356234375 0.2578438515625 0.587901696875 0.25527882812499997 0.5740357796875 0.253585403125 0.5666594234375 0.2598991125 0.5670460875 0.2756658890625 0.557591765625 0.268763053125 0.5412500203125 0.2712836984375 0.533282459375 0.28714463281249997 0.521474540625 0.2852333109375 0.504032696875 0.28075696250000004 0.4913180125 0.279732034375 0.4822703203125 0.30203041875 0.46859773593750004 0.308220384375 0.4629837734375 0.31908980468750003 0.44779325937500003 0.3222789453125 0.4361275375 0.3345795125 0.4282822109375 0.351217890625 0.41678985781250005 0.3579674 0.4059598015625 0.3622756265625 0.4 0.3561181328125 0.4 0.3576379078125 0.415995540625 0.459375 1 0.459375 1 0.360908428125 0.99590040625 0.3551398390625 0.9958804421874999 0.3417053953125 1 0.33972406718750003 1 0.32117735468749997
0 0.11007202812500001 0.5427127421875 0.1182840546875 0.52840669375 0.1045915078125 0.5211622140625 0.113221365625 0.502859996875 0.106018375 0.50362265 0.09611505000000001 0.520478928125 0.0821069375 0.504573615625 0.0752706453125 0.5076685984375 0.087831925 0.5276790296875 0.083369196875 0.5392169453125 0.08713845625 0.5498832578125 0.097550675 0.5495712 0.11007202812500001 0.5427127421875
0 0 0.5591094609375 0.0109925484375 0.557945571875 0.013712846875 0.555286390625 0.020671371875 0.5529688515625 0.02309606875 0.5550832828125001 0.0304724265625 0.548769575 0.028465564062499997 0.5426589749999999 0.0268765328125 0.5325522031250001 0.0194091140625 0.518325521875 0.0090480265625 0.5123090796875001 0 0.5126420234375 0 0.5591094609375
1 0 1 0.4 1 0.4 0.5722709140625 0.39155747500000004 0.569816896875 0.35057089218750004 0.5686238484375 0.339669740625 0.56582613125 0.3284729875 0.5678020265625 0.32430585624999997 0.574566328125 0.314504803125 0.5787656046875 0.3139447703125 0.5685498859375 0.336380653125 0.5116377562500001 0.3449082453125 0.5059925421875 0.3487598078125 0.4905674078125 0.37034881875000003 0.4748450078125 0.37275355 0.46352499375 0.35043114218750004 0.47458272968750004 0.3530803421875 0.46481760312500003 0.342963721875 0.460356046875 0.3408234203125 0.48666539531249997 0.3283020671875 0.49352385468750004 0.3279553328125 0.50462596875 0.3058462203125 0.5370015390625 0.299081028125 0.5472024671875 0.2928559 0.5541846671874999 0.284623909375 0.5550562703125 0.2849706453125 0.54395415625 0.29815429843749996 0.534654415625 0.29595410312500003 0.520660425 0.27282719843750003 0.5199475546875 0.256607684375 0.5232456453125 0.2468265921875 0.5408793671875001 0.22335295312499998 0.5512686109375 0.2409881296875 0.5636283468750001 0.2261643125 0.5691498187499999 0.21592545937500002 0.5639108203125 0.20225287656250002 0.5701007859375 0.1761612078125 0.5704922078125 0.177119109375 0.5632773140625 0.172076384375 0.5511650625 0.1570081015625 0.5551316484375001 0.1464736484375 0.5546662609374999 0.12135984375 0.5612772359375 0.11520581562500001 0.5753653812499999 0.10327566562499998 0.572676615625 0.08948084687499999 0.5780891374999999 0.084111353125 0.5905134453125 0.05549271875 0.6014474390625 0.023278193750000002 0.5961640625 0.0093923140625 0.5810361937499999 0 0.6002718437500001 0 1
0 1 0.564252159375 0.9964003296874999 0.5661030625000001 0.9741290546875 0.5708322984375 0.9717243249999999 0.5821523125 0.9877704703125 0.5844052796875 1 0.57916551875 1 0.564252159375
0 0.8973719843750001 0.57500739375 0.8917580218750001 0.5858768140625 0.8940093499999999 0.5935423015625 0.9093221 0.5911306062499999 0.9205699859374998 0.5828262093750001 0.9228524859375 0.57072875 0.9147938640625 0.5660492953125 0.8973719843750001 0.57500739375
0 0.8594013 0.5663815484375 0.84626878125 0.5693527890625 0.8396258218749999 0.580331159375 0.85035360625 0.5886799328125 0.8633638906249999 0.58493125 0.866990953125 0.5813856734375 0.8658908562499998 0.5743886796875 0.8594013 0.5663815484375
0 0.7848020453125001 0.6375109703125 0.7794836843749999 0.643606778125 0.7870022406249999 0.6515049578125 0.7988101593750001 0.65341628125 0.8095179796875 0.6483306109375 0.8127072453124999 0.6353467578125 0.7997480937500001 0.6327669421875 0.7923006375 0.6319747046875 0.7848020453125001 0.6375109703125
0 0.8526711390624999 0.763109825 0.8490440765624999 0.7666554 0.8465171093750001 0.777197971875 0.8554313656249999 0.787319534375 0.8686150171874999 0.7780197921875001 0.8976003484374999 0.7694181296875 0.8745956765624999 0.769482703125 0.8635722921875001 0.7659075421875 0.8578161328124999 0.7625650734375 0.8526711390624999 0.763109825
0 0.7932161609375 0.6777201484375001 0.7874799671874999 0.687812125 0.7897312937500001 0.6954776140625001 0.8010502828125 0.6942791625 0.8128382343750001 0.682756040625 0.8221503578124999 0.6754469875 0.8309735500000001 0.665028159375 0.844941734375 0.6540645796875 0.840876875 0.6481718796875 0.8133583375000001 0.66610286875 0.7932161609375 0.6777201484375001
0 0.6909610703125 0.5929102109375 0.6884652734375 0.5836898359375 0.6791331875 0.5775644421875 0.6693321328125 0.5817637203125 0.6646249359375 0.591746746875 0.6637892703125 0.599739084375 0.6702077281250001 0.6006402718749999 0.67348805625 0.608196809375 0.687282871875 0.6027842875 0.6909610703125 0.5929102109375
0 0.63036361875 0.5534838796875 0.613828540625 0.5481211359375 0.6106193109375 0.5476705421875 0.6000337234374999 0.5535336578125001 0.6014294203125 0.5557570390625 0.6122794390624999 0.5648832578125 0.6231805921875 0.567680975 0.6297724171875 0.5630311046875 0.63036361875 0.5534838796875
1 0.4 1 0.7984273109375 1 0.80354749375 0.9896190624999999 0.8103438562499999 0.9596551874999999 0.8115773921875 0.934232234375 0.8161623546874999 0.9234717625 0.829468240625 0.9149494656249999 0.8476946187500001 0.9177619765625 0.8664410953124999 0.9039213140625 0.8527485484374999 0.8966768359374999 0.8400849984375001 0.8893234046875002 0.8490304218750001 0.8796820203125 0.8481036921874999 0.8671339687499999 0.8193939968749999 0.8575275734375 0.8306930187500001 0.8428946749999999 0.8309686546874999 0.8246866171875 0.8178872734375 0.82132935625 0.8208320703125 0.8067906171875 0.8303175609375 0.7939305078125 0.8171451140624999 0.7700328562500001 0.809066528125 0.7519189562499999 0.8126736265625001 0.7349389328125 0.7983699140625 0.7238072343749999 0.7813970375 0.7090062171875 0.7525651078125 0.6986223765625 0.7656065640625 0.675110746875 0.7441198218749999 0.67817614375 0.73616346875 0.6608396875 0.723255453125 0.65193136875 0.7419507984375 0.644419209375 0.7324253781250001 0.630410428125 0.7137100703125 0.6244881421875 0.6930078625 0.625889703125 0.6836446031250001 0.6395272546874999 0.6774706109374999 0.64018095625 0.665713828125 0.6319411328125 0.6489854171875 0.618695003125 0.644971690625 0.6064738015625 0.6493121875 0.5941584437499999 0.6564241171875 0.5728554015625 0.6569442203125 0.5562022296875 0.6656451765625 0.545005959375 0.6616825859375 0.52645625625 0.650363596875 0.5276547093749999 0.6402158078125 0.5429560999999999 0.636608709375 0.559936121875 0.6307502828125 0.5692506546875 0.6063499125 0.567091846875 0.6270009859375 0.5720187875 0.6166598656250001 0.579436790625 0.608723475 0.575534778125 0.5893458671875 0.572053775 0.5691126265625 0.563130665625 0.5380493328125 0.55851578125 0.5182538890625 0.5590309484375 0.5068638046875 0.5531234546875 0.496644915625 0.5613189015625 0.48199446874999996 0.5612893171875 0.480527671875 0.551959990625 0.4884241328125 0.5289931125 0.49686065937499996 0.50280750625 0.523156865625 0.47710208125 0.503830390625 0.4672925765625 0.48103901562499995 0.4886749828125 0.46202810625 0.4875263109375 0.46114130312499996 0.50184715 0.4744160203125 0.5130878 0.470931153125 0.5308452640625 0.45265364375 0.5343612546875 0.453662678125 0.520817859375 0.4403368296875 0.5159057125000001 0.42411731406250003 0.5192038015625 0.4 0.525552459375 0.4 1