0 0.10777870781250001 0.3826364703125 0.1031826875 0.369702140625 0.09003625625 0.3823307546875 0.0990766796875 0.4034909890625 0.10777870781250001 0.3826364703125
0 0.14305034375 0.3197586921875 0.147771025 0.3343785375 0.160970803125 0.33115995625 0.16834225625000002 0.3184916109375 0.1624176015625 0.30270507812499997 0.1506096640625 0.29726977187500003 0.13977511250000002 0.30699302031250003 0.14305034375 0.3197586921875
0 0.1916385875 0.29889351249999996 0.18412807656250002 0.30939629687500003 0.17696520468750002 0.3253129 0.167873259375 0.3447560453125 0.1833558984375 0.33560985 0.1923545796875 0.322789946875 0.1977718234375 0.317928303125 0.200866565625 0.3023907015625 0.1916385875 0.29889351249999996
0 0.2970962828125 0.34788718125 0.2951702921875 0.33063891875 0.28336229375 0.3252036203125 0.2757822578125 0.3346236640625 0.2781742859375 0.34638238125 0.28619226875 0.3565277265625 0.293653903125 0.3580110234375 0.2970962828125 0.34788718125
0 0.026752254687499998 0.19117166562500001 0.0191026890625 0.19950893281249998 0.008255634375 0.21670633125 0.019331926562499997 0.21582607031249998 0.0305836453125 0.2125993828125 0.0414877234375 0.20395887343750002 0.04146700625 0.1908899953125 0.026752254687499998 0.19117166562500001
0 0.048852640625 0.1639228796875 0.046008548437500005 0.1468975578125 0.037058678125 0.147731365625 0.0304313109375 0.15924113125 0.0311265859375 0.1700686890625 0.038727340625 0.17371751875000002 0.048852640625 0.1639228796875
0 0.0753404984375 0.170306484375 0.0627884734375 0.16602971718749998 0.050257165625 0.1748217859375 0.041675589062500004 0.19413825468749998 0.03850068125 0.2098051375 0.04962398125 0.203200865625 0.05673804375 0.199270396875 0.0668284453125 0.19070569375 0.07217622500000001 0.18476130625 0.0753404984375 0.170306484375
0 0.0667796328125 0.20269178906250002 0.068597715625 0.216529196875 0.0776556234375 0.2191062921875 0.090395509375 0.213562440625 0.0945819765625 0.20228008125 0.0838451046875 0.1880310921875 0.07089657499999999 0.1903266890625 0.0667796328125 0.20269178906250002
1 0.409375 0 0 0 0 0.031452425 0.0218859125 0.038909467187500005 0.017094353125 0.05351589375 0.022880014062500002 0.0671369 0.0258977921875 0.088640415625 0.032517721875 0.11525450625 0.0535048296875 0.13617318125 0.0802568203125 0.1576439921875 0.105173 0.176018103125 0.1207916734375 0.189812284375 0.1314590140625 0.20297849375000002 0.12050612499999999 0.22360511875000003 0.11478261249999999 0.2491906609375 0.1255683546875 0.251453546875 0.1367016734375 0.25913020000000003 0.149302565625 0.251420803125 0.15144458125 0.23379355 0.1628353515625 0.23273233906250002 0.16422590312500002 0.254387453125 0.1719657109375 0.2602017421875 0.1788016640625 0.25194027812500003 0.1781684765625 0.280319334375 0.1906096015625 0.2573756046875 0.20195149843750002 0.268300471875 0.2138496828125 0.2878874578125 0.2193364546875 0.2841085953125 0.23874514531250002 0.2931927328125 0.2485086296875 0.29228312500000003 0.267291575 0.291622465625 0.2771453625 0.30486447031249997 0.3034594703125 0.306769865625 0.3158029109375 0.3077983765625 0.3162481703125 0.2892399203125 0.33366121875 0.2799930265625 0.3389113125 0.298020859375 0.3299821625 0.3119235421875 0.34471763125 0.324710746875 0.354251875 0.3074839984375 0.36501683906250004 0.296677996875 0.375614778125 0.30876145625 0.38577464687499996 0.3012795171875 0.394842978125 0.289542340625 0.409375 0.30215299375 0.409375 0
0 0.59749354375 0.327942815625 0.6006788171874999 0.32868970625 0.6078290281250001 0.330110853125 0.6119272 0.3328599828125 0.6180781484375 0.3187195578125 0.617991784375 0.3051602265625 0.6075230656249999 0.3009173140625 0.5999928953125 0.305793434375 0.597207328125 0.3112711703125 0.59749354375 0.327942815625
0 0.409375 0.41548866562500003 0.4233472515625 0.4130475359375 0.43294994062500003 0.40380375468749996 0.4248868328125 0.40038037031249996 0.4267595015625 0.39290039375 0.41461796562500003 0.399249771875 0.409375 0.398119446875 0.409375 0.41548866562500003
0 0.8060222593749999 0.4796875 0.8077463234375 0.4753378828125 0.802981975 0.46221437343750005 0.7872554609375 0.46159223281250006 0.7783658156250001 0.4697259390625 0.776381390625 0.4796875 0.8060222593749999 0.4796875
0 0.67773969375 0.28289555312500003 0.6875422390624999 0.276764084375 0.690194571875 0.2692114734375 0.6863431234374999 0.258090203125 0.6660521140625 0.24745686406249998 0.6659188781250001 0.24538198906250003 0.6582752203125001 0.260705125 0.6598542937499999 0.27308174375 0.6664913109375 0.278725278125 0.67773969375 0.28289555312500003
0 0.64461125 0.08455858125 0.6327830546875 0.0835732578125 0.627012065625 0.091416415625 0.6231334921875 0.1043014921875 0.63081664375 0.114022140625 0.6401726125 0.1131505 0.6438044609375 0.1086375640625 0.6465234125 0.1021223875 0.6467701359375 0.09375024843749999 0.64461125 0.08455858125
0 0.6242792125 0 0.6246014687500001 0.0050185171875 0.629879009375 0.0139196390625 0.6354698921875 0.01548605625 0.64417943125 0.0167619296875 0.6513765125 0.0066986203125000005 0.6509463703125 0 0.6242792125 0
1 1 0.4796875 1 0 0.70147775 0 0.704813115625 0.0205058421875 0.7113835125 0.025111937499999997 0.7051190765625 0.049699376562499994 0.696429284375 0.0609453984375 0.6857138421875 0.0650746265625 0.6835278312499999 0.0798893046875 0.686599615625 0.0910832140625 0.6777297156250001 0.11173881249999999 0.672624903125 0.12995635156250002 0.6778555734375 0.150341928125 0.6830862421875 0.1707275015625 0.6919758890625 0.162593796875 0.696626746875 0.186164321875 0.7015909468749999 0.202400146875 0.6863307546875 0.2090400703125 0.6845913203125 0.21859492343750003 0.6818921171875 0.237631990625 0.6866762109375 0.26327739375000003 0.6928000328125 0.27314331406250003 0.7033353703125 0.278423665625 0.6835304296875 0.2875742859375 0.685689315625 0.2967659546875 0.659486703125 0.328429140625 0.6387417390625 0.35958386875000004 0.6290650484375 0.40431845 0.6494103093750001 0.3669390953125 0.6684158390625 0.3453392171875 0.683143090625 0.3303997890625 0.7102783500000001 0.313260734375 0.7233327828125 0.308913596875 0.727963896875 0.3199622296875 0.72740383125 0.335669071875 0.7343468109375 0.37050614375 0.7463477328125 0.3986101296875 0.7576824796875 0.41633973593749996 0.76672510625 0.422802796875 0.7578354609375 0.430936503125 0.745047496875 0.43943339375 0.73123314375 0.4563750625 0.7132196390625 0.4796875 0.7385080203125 0.4796875 0.744260453125 0.47603426875 0.7632191125000001 0.465918846875 0.7791257328125 0.45713140937499996 0.7857430046875 0.45025305156249995 0.8032755703125 0.442357778125 0.8218740171875 0.4510615140625 0.839492946875 0.45672557031250005 0.8451504468749998 0.45932942656250003 0.8399635765625 0.4796875 1 0.4796875
0 0.7576356078125001 0.42782418906249997 0.7517116390625 0.42107057968749995 0.7440284875 0.4113499328125 0.7350056078125 0.41740876250000003 0.7326863609375 0.430148565625 0.73783066875 0.4369748109375 0.74712001875 0.4350657328125 0.7576356078125001 0.42782418906249997
0 0.0032276921875000002 0.58953948125 0.008771703124999999 0.6025903546875 0.018820971875000002 0.5880867453125 0.02316586875 0.5824637359375 0.018801224999999998 0.575564853125 0.007952546874999999 0.5776192078125 0.004387315625000001 0.5831695796874999 0.0032276921875000002 0.58953948125
1 0.409375 1 0.409375 0.4796875 0.07050323750000001 0.4796875 0.069674246875 0.48837740781249994 0.06241054687499999 0.4974032796875 0.052854726562499996 0.4951626078125 0.0326895734375 0.5231323828125001 0.0454504140625 0.538641840625 0.043444509375 0.544046940625 0.0305233109375 0.5504689546875 0.030895890625 0.5806999296875001 0.0284631546875 0.60388675 0.034920065625 0.6189398625 0.0307947671875 0.640197078125 0.0117497453125 0.6367531718749999 0.0051990921875 0.644668965625 0.0068447828125 0.6580830234375 0.0022062937500000003 0.6835626296875 0.0105358734375 0.691135765625 0.026595475 0.6969450953124999 0.0249226578125 0.7075373859375 0.0085028421875 0.7205472125 0.01482651875 0.7335254499999999 0.0246290625 0.7273939796875 0.0336914359375 0.7463789359375 0.026627589062500002 0.75851711875 0.0196106140625 0.7591708484374999 0.0215893921875 0.7777720968749999 0.032011240625 0.7934994640624999 0.02799943125 0.8043096640625 0.020222537500000002 0.8175579234375 0.02231480625 0.825712153125 0.0117992140625 0.832953696875 0.0085868171875 0.8562131531249999 0.0245131828125 0.8599476062499999 0.026918793749999996 0.8607671359375001 0.041799025000000004 0.8604244734375 0.0443378703125 0.8633188765625001 0.0310564578125 0.8885600499999999 0.033415196875 0.9008640328125 0.052640325 0.8948983625 0.06700736406249999 0.8987780890625 0.0725513765625 0.9118289624999999 0.083772634375 0.9400055859374999 0.1002048171875 0.9760458921874999 0.10243031875 0.9862749953125001 0.11593133124999999 0.97666803125 0.14292597499999998 0.9939823406249999 0.13592048437499998 1 0.409375 1
0 0.8672519187500001 0.9018892328125 0.8776145281249998 0.8800509218750001 0.8734028671875 0.8877488093749999 0.8657394609375 0.8905500515625 0.859748875 0.88275900625 0.8557370656250001 0.8935692078125002 0.8466475687500001 0.898590596875 0.8466006968750002 0.910075053125 0.8492259046874999 0.9265287859375 0.8443406890624999 0.9603805328125 0.8561762625 0.92483761875 0.8637064328124999 0.9199614984375 0.8677182406250001 0.9091512984375001 0.8672519187500001 0.9018892328125
0 0.8482487781250001 0.8013825000000001 0.8446638 0.7944109828125001 0.8391395359375 0.793882 0.8314095125 0.7956458078124999 0.829336990625 0.8000134687500001 0.8300697828124999 0.8114252859375 0.8372866125 0.8138838703125 0.84040526875 0.8135933234374999 0.8443035875 0.8132301390624999 0.8480020546875 0.8097546421875 0.8482487781250001 0.8013825000000001
0 0.8382832765625 0.6217604578125 0.8360577734374999 0.6115313515625 0.8302670375 0.60685261875 0.8218239687499999 0.6097264984375 0.815339934375 0.6186797343749999 0.8142469281250001 0.626087071875 0.816272578125 0.633203865625 0.8214168843749998 0.6400301125000001 0.8308394703124999 0.6401959078124999 0.8331118453125 0.638940559375 0.8352509843749999 0.6356103359375 0.8387495984375001 0.629022525 0.8382832765625 0.6217604578125
0 0.9233851265624999 0.6889744078125 0.9198667656249999 0.683040325 0.9104441812499999 0.6828745281249999 0.9075919953125 0.687314828125 0.9056527078125001 0.693757365625 0.9068320765625 0.6999093562500001 0.9111301015625 0.7057708015624999 0.9177005000000001 0.7103768968749999 0.925497140625 0.709650528125 0.9276362812500001 0.7063203046875 0.9272365749999999 0.7000956765625 0.92605720625 0.6939436859375 0.9233851265624999 0.6889744078125
0 0.6765423921875 0.4969805734375 0.674336634375 0.4992733578125 0.671551065625 0.5047510953125001 0.66811906875 0.5123763453125 0.6680055796875 0.5228233624999999 0.6699646125000001 0.528902715625 0.6747092140625 0.5295043328125 0.679120728125 0.5249187609375 0.684958334375 0.5181130390625001 0.6869642390624999 0.5127079375 0.6864312984375001 0.5044084343749999 0.6844056484375 0.49729164218750005 0.6827130859375 0.495362040625 0.6765423921875 0.4969805734375
0 0.49222835312499996 0.521457546875 0.481579528125 0.5266242125 0.4739827390625 0.5304628953125 0.465806140625 0.5374865265625 0.46288733749999994 0.5408893875 0.4576961609375 0.5455475984375 0.45471074062500005 0.5479130203125 0.46050147500000005 0.5525917515625001 0.4720632 0.5494273265625 0.4819323609375 0.5443332953125 0.49102185781249996 0.539311903125 0.49387404375 0.5348716031249999 0.498798753125 0.5260636421875 0.49222835312499996 0.521457546875
0 0.790778025 0.5781786062500001 0.792450840625 0.5675863171875 0.7854807359375 0.5567555921875 0.779243425 0.5573366859375 0.7711334437499999 0.56539775625 0.7677014468750001 0.57302300625 0.771419659375 0.5820694015625 0.7801958156250001 0.5843827109374999 0.7817551437500001 0.5842374375 0.790778025 0.5781786062500001