0 0.3527275390625 0.38498091562500003 0.36661951406250004 0.38708075000000003 0.379932821875 0.386054153125 0.386088859375 0.3800301171875 0.3887500296875 0.366347940625 0.3839417296875 0.357205553125 0.364784584375 0.3547189546875 0.34368960312499997 0.36982257343749997 0.35113620624999997 0.3763832296875 0.3527275390625 0.38498091562500003
0 0.3584684671875 0.43844612187500004 0.3584455984375 0.4495465671875 0.369253834375 0.4574335328125 0.3787715078125 0.4527358046875 0.386252415625 0.442645790625 0.38787805 0.43459280624999996 0.37940734531250003 0.42811111874999996 0.35234673125 0.4278194875 0.3624316359375 0.43179841406249997 0.3584684671875 0.43844612187500004
0 0.2726458546875 0.4181100015625 0.279091228125 0.41364917968750003 0.274572259375 0.40607000937500004 0.2649327875 0.3988856828125 0.2552704484375 0.402801803125 0.25159661093749996 0.41101272499999997 0.2603566484375 0.419057628125 0.2726458546875 0.4181100015625
0 0.07931207500000001 0.25464636875 0.0858678109375 0.2676178265625 0.09420528125 0.2677676828125 0.108542690625 0.26666211875 0.111348528125 0.2537615484375 0.1024438234375 0.24493503749999998 0.0933830203125 0.2408771421875 0.08079304375 0.245811778125 0.07931207500000001 0.25464636875
1 0.609375 0 0.0028922078125 0 0.003464509375 0.007603584375 0.0094415796875 0.0174486078125 0.00986414375 0.025343656250000002 0.0079148734375 0.04848409375 0.0037956015624999997 0.05990041875 0.0161837375 0.08193529375 0.020234403125 0.103820309375 0.0392354453125 0.1110755234375 0.050801320312499995 0.106219859375 0.0535499859375 0.12107040625000001 0.04476708125 0.12412595 0.043130010937500005 0.13772915937500002 0.046902778125 0.15250073749999998 0.0362049015625 0.16204605 0.0481590375 0.1817361015625 0.0765330875 0.1835119796875 0.0841357921875 0.18530402031249998 0.09847320000000001 0.18419845625 0.12024577656249999 0.1952037703125 0.11964424062500001 0.2031777859375 0.10456063125 0.211475759375 0.112574465625 0.2267130703125 0.14155005 0.2205149328125 0.1596945265625 0.2175302765625 0.16907896875 0.206500715625 0.18367140625 0.2236090375 0.20050244843749998 0.219140134375 0.2067802859375 0.224998153125 0.22198569375 0.228582234375 0.22444502656249998 0.24186956718750002 0.253843175 0.243566475 0.2772413875 0.24651880468749998 0.290074959375 0.2653482796875 0.3124490703125 0.268379578125 0.3213537734375 0.277206090625 0.3182471703125 0.29409366718749996 0.33286247812499997 0.300101540625 0.34850188437499996 0.30603044687500003 0.3600791921875 0.29562455781249997 0.3823086375 0.2978742484375 0.40003055 0.2869945453125 0.4214034296875 0.2790043671875 0.420501128125 0.290965390625 0.4367420703125 0.2889202796875 0.46029638281249996 0.28710399375 0.461887715625 0.2957016796875 0.47226195468750004 0.301243821875 0.5122018781250001 0.298164034375 0.516755146875 0.28909253437500004 0.5259720531250001 0.28838181406249996 0.5265392859375 0.29705846875 0.5338297875 0.308387740625 0.551239496875 0.30704526875 0.5596112703125 0.29054445625 0.5745502140625 0.281464875 0.5818407156250001 0.292794146875 0.5992275578124999 0.30255212187499997 0.5986145890625 0.3160763609375 0.6083987265624999 0.3240422953125 0.609375 0.324105059375 0.609375 0
0 0.4734078515625 0.3130469078125 0.4551187078125 0.31524995625 0.44413150156250003 0.32323205312500003 0.446746934375 0.3317507703125 0.46589264375 0.3397875921875 0.479362053125 0.3339923796875 0.4786615890625 0.31898389531250004 0.47793825625 0.31507585625 0.4734078515625 0.3130469078125
0 0.701866784375 0.44059261406249994 0.6929089734375 0.4450140046875 0.684631946875 0.45311355156250005 0.6920041828125 0.46653501249999996 0.706278428125 0.4710302921875 0.7102601953125001 0.45953130625 0.71286694375 0.4472056859375 0.701866784375 0.44059261406249994
0 0.65495935 0.405037846875 0.66186135625 0.39611166875000003 0.6589545718750001 0.3870091859375 0.66225555625 0.3718320453125 0.6536381390625 0.3780925140625 0.6446937828125 0.37598423125 0.6302224375 0.3836287609375 0.62762914375 0.38942470625 0.625900278125 0.3932886703125 0.631557103125 0.40404442031250004 0.639637028125 0.408084684375 0.65495935 0.405037846875
0 0.6482550390624999 0.1509379625 0.6566888093750001 0.1502876296875 0.6623725375 0.14798403124999998 0.6675456796875 0.14292181406249999 0.669301446875 0.1259985015625 0.6663812109375 0.1234256953125 0.6507184953125 0.1246334546875 0.6340211546875001 0.12685365625 0.63073361875 0.1355011234375 0.6381058578125 0.14892258281249998 0.6482550390624999 0.1509379625
1 1 0 0.7837686765624999 0 0.780203765625 0.0055272671875 0.7691497968750001 0.025032895312499998 0.7568910015625 0.044631425 0.7561564093750001 0.06707196875 0.7463207140625 0.0799550171875 0.72871858125 0.1036962265625 0.7230079484375 0.11905917656250001 0.7090337421874999 0.13599199687500002 0.6969720484375 0.14345071874999998 0.7024317734375 0.166346278125 0.7206743328125 0.165872246875 0.732525475 0.1770830125 0.7262907999999999 0.19621701875 0.7252158140625 0.21681848750000002 0.743064175 0.24062407812500003 0.731002478125 0.2480828 0.729430359375 0.259395975 0.732507340625 0.2694179953125 0.739866125 0.28936913125 0.7616828 0.3082054109375 0.7654540171875001 0.3153759109375 0.7695521734375 0.3309151609375 0.7691848765625 0.342135434375 0.7586684 0.351340325 0.7711734203125 0.3792885953125 0.8043844578125 0.38045832343749997 0.8276165109375 0.3805322140625 0.8401618890625 0.3888914578125 0.826044390625 0.391845390625 0.8215385796875001 0.4071154359375 0.8292646625 0.41584629843750004 0.8444167890625 0.41187992187500005 0.869010409375 0.41931011875 0.885721203125 0.4105602421875 0.903256075 0.41946740625 0.9409191140625 0.4314857890625 0.9766830921875 0.446448596875 1 0.45083408125 1 0
0 0.6892910046875 0.0293255234375 0.7023604234375 0.0339137078125 0.7221616515625 0.028656175 0.7266674609375 0.013386129687500001 0.70604215625 0.0009866203125 0.6836476328125001 0.0120400984375 0.679862965625 0.0113992734375 0.6801899015624999 0.0197680265625 0.6892910046875 0.0293255234375
0 0 0.6262843421875 0.0069812703125 0.6311588968749999 0.0204045328125 0.631056484375 0.0279873234375 0.6258084593750001 0.037298978125 0.6166964703125 0.035426821875 0.6065815453125001 0.0383874125 0.5895653281250001 0.0297834484375 0.589296121875 0.007912965625 0.59657854375 0 0.6057452796875 0 0.6262843421875
0 0.4638330625 0.8216351390625001 0.4488511328125 0.826521053125 0.4452232078125 0.8333294421874999 0.444699165625 0.8371005 0.4510502265625 0.8450047296874998 0.46394944843749997 0.848673375 0.474976515625 0.8422270984375 0.4741389890625 0.8310997312499999 0.4638330625 0.8216351390625001
0 0.35752194843749996 0.8018529703125001 0.35165457031249997 0.8097667062499999 0.35972104531250004 0.8203366453125 0.3786578375 0.8170110953125 0.370080778125 0.8036825390625 0.35752194843749996 0.8018529703125001
0 0.583979775 0.724700290625 0.5734901984375 0.720845834375 0.5614419578125001 0.7217748796875 0.5564390140625 0.727756634375 0.557630384375 0.7341934046875 0.559856384375 0.73961773125 0.567766115625 0.7427384578125 0.574300825 0.74503255 0.580848984375 0.74079696875 0.584136515625 0.732149503125 0.583979775 0.724700290625
1 0.609375 0.5390625 0.1403048234375 0.5390625 0.1407512109375 0.54147425 0.1372220421875 0.55046678125 0.1578258515625 0.56076945625 0.1486089453125 0.561480178125 0.1250317640625 0.574396909375 0.1359617984375 0.5941659296874999 0.17296265156249999 0.5976548796875 0.1965169671875 0.59583859375 0.2106868390625 0.60505186875 0.20454223749999997 0.60552568125 0.188579190625 0.61468423125 0.19571359375 0.63078211875 0.219846571875 0.632092265625 0.23534131406249997 0.6372395625 0.2675453015625 0.6260359015625 0.2755591359375 0.6412732125 0.31810305781250003 0.6522623640624999 0.3663461484375 0.6659831046875 0.3822634546875 0.6790254484375 0.397434559375 0.6992602 0.43590494843750005 0.69946478125 0.45433875781250005 0.6980433390625 0.44934005312499997 0.710320240625 0.44812555 0.73181849375 0.4572967171875 0.75330866875 0.47147802656250004 0.75697171875 0.48089676875 0.7292914890625 0.49939918437499997 0.6945687078125 0.5206159640625 0.6913471437500001 0.540774340625 0.7048552203125 0.57982339375 0.7081862328125 0.609375 0.705166175 0.609375 0.5390625
0 0.6386800796875 0.60904131875 0.6409947453125 0.6215470421875 0.6393691109375 0.629600028125 0.6586937890625 0.6217677875 0.6628130609375 0.6103514640625 0.66077629375 0.6049591796875 0.6468843203125 0.6028593437499999 0.6386800796875 0.60904131875
0 0.7836489703125 0.74690215625 0.7925536734375 0.7557286671875 0.8048428812499999 0.7547810390625 0.8117336859375 0.74711481875 0.811467221875 0.73445115625 0.7999127828125 0.7337565984375 0.7835157390624999 0.740570325 0.7836489703125 0.74690215625
0 0.8364333937499999 0.970354934375 0.8418660984375 0.9604228593750002 0.8385273312500001 0.9479961031249999 0.836490565625 0.9426038171875 0.824635359375 0.9458962671875 0.8174552203125 0.9519992734375 0.816107484375 0.967165696875 0.8141810796875 0.979205690625 0.8169411796875 0.9885060140625 0.8283395171875 0.9939691875000001 0.83449555625 0.98794515 0.8364333937499999 0.970354934375
0 0.8662546140625 0.766693575 0.8516278703125 0.7662359249999999 0.8469299328125001 0.7745258156249999 0.8469185015624999 0.7800760390624999 0.8520161359374999 0.7907816421874999 0.8654855421875001 0.7849864296875 0.86812384375 0.7824047000000001 0.8699055828125001 0.7695831 0.8662546140625 0.766693575
1 1 0.5390625 0.609375 0.5390625 0.609375 0.5697291953125 0.61067540625 0.569977090625 0.6329048515625 0.5722267828125001 0.6549896296875 0.5736948671875 0.656436296875 0.5815109453125 0.6678232 0.592524340625 0.678463903125 0.6107301453125 0.672875096875 0.6254308375 0.676937196875 0.64176563125 0.6665057875 0.6639746078125001 0.6554156703125 0.7219087171874999 0.67126835 0.6953178875 0.6822669921875 0.6817855671874999 0.6925308671875 0.66989543125 0.697384903125 0.656836925 0.7029279734375 0.6643371265625 0.7138923125 0.667455475 0.73190355625 0.6581389875 0.7199379859375 0.6439991609375 0.7050219125 0.64197829375 0.70811708125 0.630640940625 0.7208288546875 0.637588359375 0.7398298984375 0.6448435734375 0.7563487390625 0.649911903125 0.7754944484374999 0.657948725 0.794350825 0.66442233125 0.821422875 0.6591637390625 0.8322425453125 0.6615004796875 0.8317971125 0.6647058796875001 0.8269316390625001 0.6833146125 0.834956909375 0.6930016984374999 0.826151134375 0.7071576890625 0.8234899640625001 0.7208398671875 0.8388629062499999 0.7141051078125 0.8514643156249999 0.70362025 0.859969321875 0.6934512671874999 0.86728269375 0.6936800937500001 0.8750643671875 0.6796030703125 0.8768003671875 0.6889823640625 0.8731150953124999 0.7027435109375 0.8705985921874999 0.7172072953125 0.86529911875 0.7334712031249999 0.8721784890625 0.7313552046874999 0.885468928125 0.7414290546875 0.8931059359375 0.7265704265624999 0.9039484765625 0.7178067203125 0.9047061140625001 0.705064090625 0.8997531453125 0.6951400953125 0.9098494828125 0.6935687984375 0.9252224265625 0.686834040625 0.94919930625 0.692912803125 0.92832903125 0.6699464640625 0.93681116875 0.670877928125 0.9555343125 0.671019703125 0.9673780875 0.673277475 0.9767510921875001 0.6677981390625 0.988160865625 0.6677110890625 0.988137996875 0.6788115359375 0.9999703359375001 0.6866195312500001 1 0.6866011875 1 0.5390625