0 0.026956471875 0.43256446562499995 0.0369759640625 0.43282143125 0.048641110937499996 0.4310433890625 0.05014855 0.41716521718750005 0.0342782890625 0.41623895156249996 0.0218812578125 0.42682603593749996 0.026956471875 0.43256446562499995
0 0 0.41415975937500005 0.001711325 0.415092259375 0.0124408921875 0.4046701234375 0.009866887500000001 0.398684265625 0 0.39739401875 0 0.41415975937500005
0 0.0886070125 0.350955909375 0.08874524218749999 0.36279916874999996 0.0980110453125 0.3699951703125 0.1104881140625 0.36626474062500003 0.1162733734375 0.3613240734375 0.11364117656249999 0.3503516125 0.1018960359375 0.34527299375 0.0886070125 0.350955909375
0 0.085792946875 0.324400171875 0.067603340625 0.33930460625 0.049384646875 0.3517156703125 0.050327507812500005 0.3609831296875 0.070257365625 0.3521470765625 0.0893098375 0.3396534875 0.10086582343749999 0.3285255609375 0.1074557625 0.32100913750000004 0.11486488125000001 0.3121635484375 0.0990310125 0.314353975 0.085792946875 0.324400171875
0 0.074604603125 0.2270140375 0.0662501421875 0.223365421875 0.05456316875 0.2232733609375 0.0479732453125 0.23078983125 0.04891610625 0.2400572921875 0.060617643750000005 0.24139589374999998 0.07306561406249999 0.235172184375 0.074604603125 0.2270140375
0 0.2312675578125 0.4160976265625 0.230317421875 0.40620684687499997 0.22440117499999998 0.3999275765625 0.2085527390625 0.40087131718749996 0.19701128750000002 0.4132458828125 0.198795190625 0.4230542296875 0.2055306171875 0.4280043390625 0.2229592125 0.4194157203125 0.2312675578125 0.4160976265625
0 0.20163397187499998 0.5232452421875 0.20914495937500002 0.52312626875 0.2183161390625 0.522219025 0.224079603125 0.5154083968750001 0.2198017515625 0.5064708453125 0.20717082812499998 0.5032528125 0.18899684375 0.51326245 0.1824651265625 0.5257655265625 0.1925646453125 0.5328790999999999 0.20163397187499998 0.5232452421875
0 0.2092220625 0.45821756562499993 0.20936029218750002 0.470060828125 0.2094403203125 0.47691743750000004 0.21619033437500002 0.4831142296875 0.2278263640625 0.47884291093750003 0.2370034140625 0.467544771875 0.2326105921875 0.459648178125 0.2274917 0.45016978593749996 0.21500735624999998 0.45327694375 0.2092220625 0.45821756562499993
0 0.26875 0.437126359375 0.26574211875 0.4376492390625 0.257433771875 0.4409673328125 0.25504164218750003 0.4505647 0.2642856046875 0.45589074375000005 0.26875 0.4554491109375 0.26875 0.437126359375
0 0.259782221875 0.4276300015625 0.25968036875 0.4189033859375 0.24962449687500002 0.41552982343749995 0.2413452515625 0.4213411953125 0.2348280828125 0.43509095625 0.2282454359375 0.44323069843749996 0.2241712890625 0.4517463796875 0.23419075312499998 0.4520032984375 0.2347287125 0.45139133906250006 0.24578316249999999 0.44399201250000003 0.2565490828125 0.436686525 0.259782221875 0.4276300015625
1 0.26875 0 0.1579616375 0 0.1546910890625 0.005560234375 0.1423522484375 0.021133878124999998 0.132478278125 0.0333435375 0.13181189531249998 0.0477626 0.1394392390625 0.057616885937499994 0.132030153125 0.0664624703125 0.12796328125 0.07560142187499999 0.1248101578125 0.09151455625 0.1180819890625 0.087187815625 0.1138768875 0.08448355468749999 0.10133435937499999 0.08260405781249999 0.08390574687499999 0.0911926328125 0.09157677656249999 0.1047869296875 0.108309871875 0.1081240453125 0.103387459375 0.115475465625 0.095115490625 0.12191025 0.084400465625 0.13357902500000002 0.0954137765625 0.1474666828125 0.095457428125 0.1512066953125 0.0938917703125 0.16009821875000002 0.07554210781250001 0.1612894375 0.0732663984375 0.180860009375 0.09166701875 0.18403216875 0.105833378125 0.1820067953125 0.11170595624999999 0.184546103125 0.10763180937500001 0.1930616875 0.0910514953125 0.20281452031249997 0.0929518015625 0.2225960734375 0.099796359375 0.236896215625 0.10746012812500001 0.2498671421875 0.1109842609375 0.2657438265625 0.10699014375 0.2811160703125 0.11542944375 0.28901787031250004 0.1281174953125 0.3033639921875 0.149142990625 0.3168853 0.1359631296875 0.3319181453125 0.150926878125 0.3266936 0.1609318203125 0.3257038796875 0.1644414171875 0.3403338765625 0.1769403109375 0.33847340625 0.18039894843749998 0.3487400765625 0.169640303125 0.35666888281250003 0.1605346171875 0.36318609375 0.16903938125 0.3766979140625 0.1725125703125 0.38821127031249997 0.1982568203125 0.3769278734375 0.21478620624999997 0.362811759375 0.2281333828125 0.36211545 0.224139265625 0.377487740625 0.247498659375 0.37642503125000004 0.25013084218750004 0.3873975421875 0.2469268375 0.3989473421875 0.25782371249999997 0.402861796875 0.26216704375 0.41740931718749996 0.26875 0.42038347187499997 0.26875 0
0 0.26875 0.5390625 0.274370153125 0.5390625 0.27763140937499997 0.524635740625 0.273409340625 0.5203738437500001 0.26875 0.521245521875 0.26875 0.5390625
0 0.26875 0.25895008750000004 0.2704088109375 0.2632949859375 0.2830113671875 0.2706274875 0.297543109375 0.26451040312499996 0.30057781875 0.25641093593750003 0.302543371875 0.24607745468750003 0.2941901609375 0.24534392968750002 0.2765146 0.250212159375 0.26875 0.251626709375 0.26875 0.25895008750000004
0 0.40361684531249997 0.5051535140625 0.413084675 0.5120161875 0.424454409375 0.5030921921875 0.42432711406249995 0.4921858171875 0.4169975953125 0.489791171875 0.405546028125 0.49170392500000004 0.4025295046875 0.5013614453125 0.40361684531249997 0.5051535140625
0 0.43262734218750004 0.3096419 0.4283870875 0.30382195156249997 0.4116442953125 0.2992387921875 0.402276484375 0.3009454125 0.39720348125 0.3131461453125 0.40456027656250004 0.3178778703125 0.40775865156249996 0.32380088906250004 0.41608458437499996 0.32219733437500003 0.4264488125 0.3164925125 0.43262734218750004 0.3096419
0 0.40430192343750004 0.20637396562500002 0.3929049125 0.2129608796875 0.38982474062500005 0.21716521093750002 0.38993384999999997 0.226513534375 0.394174103125 0.232333484375 0.403632840625 0.2384171328125 0.4181282109375 0.22918393906249998 0.42215024218749997 0.21630724531249998 0.417900896875 0.20970826874999998 0.40430192343750004 0.20637396562500002
1 1 0.5390625 1 0 0.6097789 0 0.6085843734375 0.0138019625 0.6013821515625001 0.0223136921875 0.5764679984375001 0.0325775453125 0.564156403125 0.0501739015625 0.5414533 0.071137996875 0.5240596078124999 0.10015605937500001 0.528408971875 0.11532433281250001 0.523399615625 0.132978253125 0.5100097703124999 0.1475615671875 0.49872186875 0.1634968046875 0.48843947343750005 0.1762128671875 0.49072326562500007 0.1931453265625 0.47216949218750004 0.2121391046875 0.4859684984375 0.2326119984375 0.4788390171875 0.24735594375 0.48521758125000003 0.2576439234375 0.49383447500000005 0.28096922812499997 0.4929835390625 0.29743185781250003 0.504662421875 0.314994775 0.5058134093750001 0.3242400328125 0.5006767578125 0.3309875765625 0.49878394375 0.34755327187499996 0.5031333078125 0.3627215453125 0.5115865375 0.3720243671875 0.5096846296875001 0.3878110359375 0.49415647343749997 0.39792632031249997 0.49341465000000007 0.423737271875 0.5222492078125001 0.40762336875000005 0.5351170546875 0.4219517125 0.5590802578125 0.41958119531250004 0.5623604640625001 0.432515453125 0.5820561328125 0.42198790312499995 0.593816846875 0.4465620640625 0.5794305859375 0.4651435796875 0.5983298749999999 0.47575281875000003 0.607524928125 0.45924468906250004 0.6283534015625 0.4564043421875 0.6233076750000001 0.4709421546875 0.6378939703125 0.4694992296875 0.6557422890625 0.47943251093750006 0.6673484296875 0.4907632140625 0.6570842203125 0.5050373312499999 0.6831766390625 0.506355815625 0.7093417984375 0.5139065140625 0.748036775 0.5225575015625 0.7606393296875 0.5298900046874999 0.7596338234375 0.5331091765625 0.75750876875 0.5390625 0.9050239343750001 0.5390625 0.911929896875 0.5336420765625001 0.921343171875 0.535830590625 0.9199993593750001 0.5390625 1 0.5390625
0 0.0733892671875 0.8353607890625 0.0766240125 0.8443999124999999 0.08813013593749999 0.847161321875 0.09531417343750001 0.8370915374999999 0.090982996875 0.8234813171875001 0.0867972984375 0.8223355281250001 0.0774294859375 0.8240421484375 0.0733892671875 0.8353607890625
0 0.0838459921875 0.65884295625 0.0973358546875 0.6528289375 0.102481596875 0.64686041875 0.10444715156249999 0.6365269375 0.09605756875 0.6326773046875 0.0877134515625 0.63272280625 0.0721034640625 0.63582685 0.06806324531249999 0.6471454890625 0.0702197421875 0.6531715734375 0.07441453125 0.6550963890625 0.0838459921875 0.65884295625
0 0.0662116109375 0.5390625 0.06373739843750001 0.54462314375 0.0649247578125 0.5569845078125 0.0764308796875 0.559745915625 0.08373312031249999 0.55980348125 0.09413371875 0.557214765625 0.100330434375 0.551922209375 0.0950028375 0.5423101906250001 0.0914656875 0.5390625 0.0662116109375 0.5390625
0 0.3048035671875 0.961574075 0.30799285 0.9667180640625 0.3173970328125 0.96812755 0.3267284734375 0.963304821875 0.33184694062500003 0.9549992234375001 0.3276066875 0.9491792734375 0.3182025046875 0.9477697875000001 0.3098765734375 0.9493733421874999 0.3047308265625 0.9553418609375001 0.3048035671875 0.961574075
0 0.26875 0.9634189750000001 0.2766183 0.9596826953125 0.2796621015625 0.95236225625 0.27958026875 0.9453510140624999 0.27430723125 0.94041315625 0.26875 0.9422141765625 0.26875 0.9634189750000001
0 0.376443909375 0.8437376406249999 0.3692689640625 0.854586453125 0.35684825781249996 0.8628344859375 0.3465658625 0.8755505484375 0.3352688671875 0.8907067578125 0.3632631921875 0.8762385734375 0.38604812656250004 0.8622857171874999 0.3963123359375 0.8480116015625001 0.38997014218750004 0.8408397296875 0.376443909375 0.8437376406249999
0 0.3820806484375 0.8798365734375 0.3696326640625 0.8857475265625 0.36140675 0.8959203765625 0.37608396875 0.9022677203124999 0.3938504546875 0.905189759375 0.39361404843750003 0.8849350609375 0.3820806484375 0.8798365734375
0 0.327417315625 0.754216428125 0.31492386875 0.7562322484375 0.29521001562500004 0.7652017453125 0.3213115265625 0.7672992546875 0.33910528906250004 0.772558375 0.3504841171875 0.76441340625 0.3524496703125 0.754079925 0.3430273046875 0.751112384375 0.327417315625 0.754216428125
0 0.5038568703124999 0.9465626265625 0.49743284218750006 0.9323795125000001 0.482882915625 0.9369385453125 0.47781900625 0.9499183046875 0.48208653593750006 0.9580753359374998 0.49155436718749995 0.9649380093750001 0.5050260421875 0.9573659375 0.5038568703124999 0.9465626265625
0 0.5471376140624999 0.9906365843749999 0.553370696875 0.9884601359375 0.5584618859375 0.97781745625 0.5562962984375 0.971012346875 0.5448447296875 0.9729251 0.536555165625 0.9776447625 0.5334840859375 0.9826281203124999 0.537724340625 0.988448071875 0.5471376140624999 0.9906365843749999
0 0.9131448375 1 0.9154116312500001 0.9963217343749999 0.9079639109375 0.9837997390624998 0.888140946875 0.9834209125000001 0.8757475187499999 0.9940060265625 0.8806948828125 1 0.9131448375 1
0 0.5178023125 1 0.51897053125 0.990303259375 0.5302948031250001 0.9774841328124999 0.5426427687500001 0.9630038843750001 0.5394534875 0.95785989375 0.5320603234375 0.9500120593750001 0.5236980171875001 0.9484995078124999 0.5144756859375 0.9626705578125 0.5114500703125 0.9715490499999999 0.509493609375 0.9826615593749999 0.50407795 1 0.5178023125 1
0 0.994887803125 1 0.9978200312500001 0.9967488140625 0.9977382 0.989737571875 0.988324925 0.9875490593750001 0.9821736734375002 0.99673675 0.9822117609374998 1 0.994887803125 1
1 1 0.5390625 0.43035143124999997 0.5390625 0.42616091562499997 0.5455671796875 0.4138402265625 0.562384509375 0.41616947968750007 0.5832121015625 0.4080708609375 0.604291328125 0.3988848984375 0.621578484375 0.39779755781250004 0.61778641875 0.373825265625 0.619377909375 0.344752690625 0.630833053125 0.3625555484375 0.6368711984375001 0.3772145828125 0.6416604890625 0.3710542375 0.6500691546875 0.36489389375000003 0.65847781875 0.36295561875 0.6711483796875 0.3817639828125 0.673967353125 0.3776964859375 0.6829489125 0.3705579109375 0.6969138312500001 0.37174526874999997 0.70927519375 0.3821276828125 0.7051284265625 0.3853806125 0.7157256046875 0.37503456875 0.7229884796875 0.3751891421875 0.7362319359375 0.37011613906249996 0.7484326687499999 0.3818768515625 0.7730068296875 0.388309971875 0.7879689703125 0.38005677968749996 0.7958047390624999 0.3864898984375 0.81076688125 0.388791875 0.8292573921875 0.40861484062500003 0.8296362187499999 0.42859237656250004 0.8432585015624999 0.40798212500000003 0.86479549375 0.4256304078125 0.8575901828125 0.43911117656250004 0.8507971359375001 0.4392748421875 0.8648196203125 0.44876085625 0.8732403484375 0.457223178125 0.8833221968749999 0.4416040953125 0.8856472125 0.434420059375 0.895716996875 0.4429005640625 0.9073568984375001 0.45863784843750005 0.9151592296875 0.4711312953125001 0.9131434125 0.4888341328125 0.9106122624999999 0.4949035515625 0.8944133296875 0.5095171265625 0.8953074859375001 0.5117463625 0.9075657828124999 0.529658328125 0.922952253125 0.5215506140625 0.9432524515625001 0.542515475 0.9520975078125 0.563534890625 0.9656167234375002 0.5928711468750001 0.9767533593749999 0.6127213890625001 0.9794692656249999 0.6356245250000001 0.975643759375 0.6388319921875001 0.9823458031250001 0.6618169609375 0.9855315390625 0.671057478125 0.9729185421875 0.6867492984375 0.976825740625 0.68270908125 0.9881443796875 0.6765162921875 1 0.7600100203125 1 0.760035384375 0.9999931671875 0.760039171875 1 0.7862962171875 1 0.7912917328125 0.9969011859375 0.8057052703124998 0.9806567515625 0.8202824750000002 0.9784347999999999 0.81827145625 0.9848731468749999 0.8204015953125001 1 0.8224303718750001 1 0.8485313890625001 0.9857793671875001 0.8651650703125 0.9810142046875001 0.8860299140624999 0.9812899640625 0.9015762546874999 0.9727327328125 0.9087784781250001 0.9642210015625 0.928474146875 0.9536934515625 0.9399166203124999 0.9510016718750001 0.9545120109375 0.950337775 0.9660272265625001 0.9538782109374999 0.9816099375 0.948437084375 0.9982072484375 0.9405558140625001 1 0.94037846875 1 0.5390625