0 0.321040946875 0.38455115 0.326581065625 0.3845301625 0.3259640625 0.36944875 0.316753784375 0.3626007640625 0.305673546875 0.3626427375 0.3077243421875 0.372007396875 0.3180528046875 0.3851482453125 0.321040946875 0.38455115
0 0.3176640140625 0.2559859578125 0.3009231015625 0.24521250625 0.2879729078125 0.2521444421875 0.2909563125 0.26458089375 0.29630611875 0.27437238750000004 0.30252825625 0.2818174703125 0.3096227234375 0.286916140625 0.31454110156250004 0.2848472890625 0.318401575 0.2819037828125 0.3220764734375 0.27573920625000004 0.3219559140625 0.26490279375000003 0.3176640140625 0.2559859578125
0 0.2468717453125 0.2994551640625 0.253595065625 0.29811169843749996 0.2598219390625 0.29252323125 0.257580834375 0.292971053125 0.2582723265625 0.2743700234375 0.2526719296875 0.2689728046875 0.23941086718750001 0.2748808078125 0.23828794531250003 0.28162149375 0.238533796875 0.29026076875 0.2468717453125 0.2994551640625
0 0.080941171875 0.40537710625 0.0784494734375 0.41021920312500004 0.0721575828125 0.4234230140625 0.06374988125 0.43487750937499997 0.0753170875 0.46514763593749997 0.084165690625 0.439486384375 0.09493979531249999 0.425386928125 0.10172813124999999 0.41642811875 0.0999279265625 0.402669184375 0.09669393281250001 0.3946270078125 0.0929587546875 0.3953733765625 0.08847654218749999 0.396269021875 0.080941171875 0.40537710625
0 0.33456812187499996 0.160293875 0.322805865625 0.15286977968749998 0.313159421875 0.1471950015625 0.3047517203125 0.15864949687500002 0.3041252421875 0.16963518125 0.310908840625 0.173709921875 0.32945943125 0.17217520625 0.33456812187499996 0.160293875
0 0.29590523750000003 0.5209858953125 0.3044985140625 0.51275246875 0.301329534375 0.497094946875 0.287887634375 0.48674833125 0.28066787031249996 0.4838467984375 0.27842202656250004 0.49732816875 0.2797257859375 0.5068421015625 0.2881240125 0.5214547046875 0.29590523750000003 0.5209858953125
0 0.66375310625 0.6796875 0.666370015625 0.6653886359375 0.6667459015625 0.658797225 0.6655674375 0.647086153125 0.661892540625 0.65325073125 0.6600273203125 0.6471071421875 0.6548075453125 0.6220849609375 0.648084228125 0.6234284296875 0.6473927328125 0.6420294578125 0.647698865625 0.6560869390625 0.6349992640625001 0.6586246 0.6428407671875 0.6635739953125 0.6495593484375 0.675264078125 0.6520050140625 0.6796875 0.66375310625 0.6796875
0 0.61001384375 0.5528401109375001 0.6024181937499999 0.5565299875 0.5976853906249999 0.561819909375 0.6022881609375 0.5717606749999999 0.60670535625 0.5784803734375 0.6128672140625 0.5805072499999999 0.616291521875 0.578736946875 0.6186579234375 0.5760919890625 0.6181012 0.5664287828125001 0.6148672046875 0.5583866046875 0.61001384375 0.5528401109375001
0 0.7858875203125001 0.492717528125 0.7794750703125001 0.495084928125 0.781340290625 0.5012285171875 0.7844489921875001 0.5114678328125 0.78917705625 0.5192114625 0.798948796875 0.52268910625 0.8026236953125 0.5165245281249999 0.802066971875 0.506861321875 0.80026676875 0.49310238906250003 0.7858875203125001 0.492717528125
0 0.8859299921874999 0.46729659218749997 0.8820139781249999 0.4517883453125 0.873365159375 0.4415700171875 0.8667021203124999 0.4483316890625 0.863834534375 0.4597651984375 0.864015371875 0.4760198171875 0.8645768328125 0.472649475 0.87036280625 0.48126776250000003 0.8787657687499999 0.48284681718750005 0.8846817734375 0.476234415625 0.8859299921874999 0.46729659218749997
0 0.657240271875 0.4369703078125 0.6551847390625001 0.4406392 0.6533147828125 0.447529159375 0.6548691328125 0.45264881875 0.6586645890625 0.45732065468750005 0.6618383046874999 0.459944625 0.666195221875 0.46124611875 0.670677434375 0.4603504734375 0.678829809375 0.466323803125 0.6781477890625001 0.4588577328125 0.6775910656249999 0.4491945265625 0.6729882953125 0.439253759375 0.670561615625 0.43648051250000003 0.663963590625 0.4356268421875 0.657240271875 0.4369703078125
0 0.55 0.4003136125 0.5514307781250001 0.40163875937500004 0.5599590390625 0.401020675 0.5665617984375 0.388840796875 0.5637639703125 0.3796254140625 0.5607155484375 0.374804303125 0.5526234546875 0.37424918125 0.55 0.3747734046875 0.55 0.4003136125
0 0.6284912515625 0.4101334875 0.6194015296875 0.414121915625 0.619647384375 0.4227611890625 0.6228813796875 0.4308033671875 0.6282962015625 0.43297951718750005 0.635515965625 0.43588105156249995 0.6402487671875 0.4305911328125 0.6406246546875 0.4239997203125 0.639381175 0.4199039953125 0.6347784046875 0.4099632265625 0.632226428125 0.4093871171875 0.6284912515625 0.4101334875
1 0.55 0 0.55 0.3649989515625 0.5543078375 0.3641381515625 0.569248546875 0.3611526703125 0.589288471875 0.3723529546875 0.5980070421875 0.3619223921875 0.6099596093749999 0.35953400625 0.608957246875 0.37711110468750003 0.614302315625 0.399936146875 0.6250066640624999 0.4064855859375 0.6296744515625 0.40881100937500003 0.643121090625 0.406124075 0.650716740625 0.402434196875 0.6596114109375 0.4212918 0.6741762343750001 0.4248977296875 0.6867505421875 0.4245572078125 0.7037420453125 0.4309363828125 0.7156295953125 0.4361633421875 0.7317487671875 0.44488892812499997 0.7462533109375 0.4430766515625 0.7517331515625 0.43763745781249996 0.7646786078125001 0.443739075 0.7686549015624999 0.464665528125 0.7762458125 0.47400919999999996 0.7796748578124999 0.459205346875 0.7808025171875 0.4394311125 0.79057899375 0.42987520625000003 0.8015339359375 0.43203036875 0.8197086390624999 0.437087065625 0.8363940109375001 0.42940876093749997 0.8386351171875 0.42896093906250005 0.8583038921874999 0.4337190875 0.877350928125 0.43642937187499997 0.8822042890624999 0.441975865625 0.9003742562499999 0.46006611093750005 0.9186789921875 0.44989211874999996 0.906174440625 0.42958375000000004 0.8993305625 0.42009080625 0.8897443968750001 0.41983422968750006 0.8843945921875 0.4100427375 0.8943566437499999 0.4037079 0.9033813484375 0.40733481562499996 0.9102347 0.3907606640625 0.9173941843750001 0.38824399062500003 0.927917696875 0.37853881093749997 0.9411137437499999 0.38024615 0.9540036593749999 0.367896009375 0.9641560234375 0.3517486921875 0.9669585906249999 0.3479305265625 0.9768651 0.323143934375 0.9811617390624999 0.3190272203125 0.9923720078125001 0.303754559375 0.99760599375 0.289676090625 1 0.2865884203125 1 0.101824071875 0.969085778125 0 0.55 0
0 0.0266714796875 0.9264601984375 0.0256738515625 0.9310037484375 0.025984723437500003 0.9320276812499999 0.038684325000000006 0.929490021875 0.04596910625 0.9247762109375 0.04522680625 0.911891934375 0.04248925625 0.90809475625 0.035144196875 0.9073903609375 0.0295390625 0.9150266921875 0.0266714796875 0.9264601984375
0 0 0.8337407109375 0.0066599796875 0.8370586171875001 0.01369416875 0.83673908125 0.0181161015625 0.8304252296874999 0.0174991 0.8153438187500001 0.0124601625 0.80657625625 0.010780518749999999 0.8036537359375 0 0.80580791875 0 0.8337407109375
1 0.55 1 0.55 0.6796875 0.0525325375 0.6796875 0.05134864375 0.6815120578125 0.058373357812500005 0.707259621875 0.07274786875 0.7206780328125 0.065954796875 0.7426703906250001 0.0662006484375 0.7513096671875 0.0601546109375 0.7731527515625001 0.071791571875 0.782773984375 0.08704315 0.780812434375 0.09432319375 0.7891321734375 0.11598722187499999 0.784803225 0.125754225 0.80131441875 0.1254338796875 0.8263575843750001 0.1393769625 0.8279156515625001 0.14802104375 0.8511675296875 0.172413146875 0.8767028578125 0.184977978125 0.9024294328125 0.1946291609375 0.8950706640625 0.19768231875 0.8868582234375 0.22014892343749998 0.90083175625 0.2251831234375 0.9226328671875 0.236699525 0.9214176875 0.243167515625 0.9375020453125 0.236750328125 0.9529029921875001 0.247449940625 0.9724859796875001 0.26071100625 0.966577978125 0.2629568484375 0.9530966046875001 0.2809459796875 0.9549322328125001 0.287158640625 0.9884444140624999 0.2977376953125 0.9971909890624999 0.3011352171875 1 0.55 1
0 0.583725346875 0.8969786 0.5808334359375 0.9062473921875001 0.5911399953124999 0.9172243015625 0.6035403578125 0.922568215625 0.613701775 0.9205377406249999 0.6103710515625 0.90121420625 0.598768809375 0.8922343609375 0.5865170640625 0.8894679859375 0.583725346875 0.8969786
0 0.55 0.835587546875 0.5576928984375 0.8383809140625 0.5618770468750001 0.837544828125 0.5659644015625 0.8280371578124999 0.556652928125 0.8203378265625 0.55087598125 0.8180158046875 0.55 0.8190747578125 0.55 0.835587546875
0 0.55 0.8172187234375 0.5505270421875 0.818954675 0.5567531203125 0.8185796468750001 0.5633281593749999 0.817265809375 0.5704525671875 0.8114967343749999 0.5664204374999999 0.8044805984375 0.5608923015625 0.8029779359375 0.5507308375 0.8050084203125 0.55 0.80809325625 0.55 0.8172187234375
0 0.587503371875 0.6922470984375 0.5905126765625 0.69798264375 0.60231526875 0.70344600625 0.6132230437499999 0.7038736984375 0.615168228125 0.695663159375 0.612608075 0.6872306265625 0.587503371875 0.6922470984375
1 0.6503573140625 0.6796875 0.6214796171875 0.6854578984375 0.6214611859375 0.6937501203124999 0.6258422734375 0.6998274484375 0.63681528125 0.6941228374999999 0.634789765625 0.70390965625 0.635083453125 0.7194946609375 0.630895903125 0.7307605078125 0.6192833578125 0.753070103125 0.6056323078125 0.7644888078125 0.60647191875 0.7860483484375 0.6091565250000001 0.80115553125 0.6047167828125 0.822031840625 0.6105420718750001 0.82868963125 0.61790836875 0.8445995328125001 0.6272198625 0.85229893125 0.623177421875 0.8765722015625 0.6181433671875001 0.887138053125 0.6248048500000001 0.9257852515625 0.618526984375 0.93225428125 0.6183196859375 0.9566302875 0.6282772875 0.9685460046875001 0.6438666953125 0.9697763625 0.6485932937500001 0.9853446546875 0.63708436875 0.9954662375 0.63692805625 1 1 1 1 0.6816637531249999 0.9622908500000001 0.6796875 0.6503573140625 0.6796875