0 0.160350784375 0.045187215625 0.15529766875 0.0358582640625 0.1566540796875 0.02577673125 0.167321678125 0.009004732812500001 0.143969125 0.0028421046875000003 0.1356715765625 0.02544183125 0.1315924265625 0.06357453125 0.14762615625 0.053804975 0.160350784375 0.045187215625
0 0.259957471875 0.32072874375 0.256335353125 0.3242070453125 0.2491855359375 0.33827624375 0.252902075 0.3419105359375 0.2671620375 0.3453245265625 0.27089841406250004 0.333182625 0.259957471875 0.32072874375
0 0.0308292703125 0.2967487078125 0.046654321875 0.2885301578125 0.0445972921875 0.28037592031249997 0.039544178125 0.27104697031249997 0.02476251875 0.2715104921875 0.01937655 0.2802842421875 0.017707121875000002 0.292692284375 0.0308292703125 0.2967487078125
0 0.050644206250000004 0.3213903296875 0.04308695 0.3306734421875 0.0485574203125 0.3369003828125 0.0690281484375 0.3332246984375 0.07265026718749999 0.32974639687499996 0.08950879218749999 0.32166091875 0.08353646249999999 0.3035352984375 0.069152325 0.316673003125 0.050644206250000004 0.3213903296875
0 0.94823734375 0.3616189078125 0.9321191125 0.35638777187500004 0.9202291984375 0.358801509375 0.92207755 0.36850675312500003 0.9317862578125 0.374490471875 0.9414005453125001 0.3733615984375 0.9460561375000001 0.370016365625 0.94823734375 0.3616189078125
0 0.603682559375 0.14842135781250002 0.61091688125 0.14935285 0.61919459375 0.14252931875 0.6154879703125 0.131006928125 0.6063953812499999 0.1282582890625 0.5965724156250001 0.1309381703125 0.5945998890624999 0.1377846234375 0.5959364609375 0.1434792828125 0.603682559375 0.14842135781250002
0 0.7666787171875 0.3200958203125 0.755206159375 0.31940754843749997 0.7427945499999999 0.3256988 0.7388594125 0.33150361093749997 0.7438081875 0.3416080640625 0.7547590468750001 0.3461738484375 0.77057418125 0.345843396875 0.7737888609375 0.337579009375 0.771940509375 0.32787376562500004 0.7666787171875 0.3200958203125
0 0.701922525 0.277833490625 0.6957018421875001 0.2928112625 0.70148533125 0.29671169375 0.7117157359374999 0.2988179015625 0.7209225828125 0.2929029390625 0.72227899375 0.28282140624999996 0.7140211171875 0.27386874687499996 0.701922525 0.277833490625
0 0.85000315 0.41875 0.8489444609374999 0.411948925 0.832314453125 0.40270720468750004 0.8255819921875001 0.4136743921875 0.8276461640624999 0.41875 0.85000315 0.41875
1 0.4 0.41875 0.7933134609375 0.41875 0.789827746875 0.40591491875 0.7995364546875 0.41189863750000005 0.79966063125 0.3953469421875 0.7891271265625 0.387679146875 0.7639163046874999 0.3796993703125 0.7494377453125 0.3857244828125 0.730522190625 0.3856557234375 0.7347703453125 0.37752440625 0.733851128125 0.36872773593749997 0.7248827140625 0.34942740156249996 0.728002971875 0.33405041875 0.7453931125000001 0.31419933125 0.7590667124999999 0.29071395 0.783835184375 0.2394664640625 0.743584434375 0.2729417015625 0.7358284187499999 0.275887721875 0.7208182437499999 0.29367844375 0.7074675812500001 0.30694921875 0.6966210578125 0.30160793125 0.6764831859375 0.2871809140625 0.6491109953125 0.271822403125 0.6077819390625001 0.2586114921875 0.5878428296875 0.250521565625 0.597268275 0.235167503125 0.6104201765624999 0.2155596359375 0.643103753125 0.1992556078125 0.6603796359375 0.1880681203125 0.6921340765625 0.1708555171875 0.6600963734375 0.1667303375 0.6427161515625001 0.1786933296875 0.614896846875 0.19010111875 0.5814729765625 0.2197217609375 0.563392134375 0.2134489828125 0.5614493640625 0.1966311453125 0.544411915625 0.18260333906249998 0.528254009375 0.2089245890625 0.5071671656250001 0.20936519062499998 0.4920724890625 0.21215522187500002 0.48667660156250003 0.22881706875000002 0.467144928125 0.22551322968749998 0.4475089171875 0.2229848921875 0.448134953125 0.21833187656250003 0.4476330921875 0.20643319531249998 0.41911317031250006 0.199605215625 0.4 0.1971441984375 0.4 0.41875
0 0.29698691250000003 0.54799749375 0.292123503125 0.5473712796875 0.286646334375 0.5513068484375 0.2850622265625 0.5538873625 0.28140300156250003 0.5626978171875 0.28346645000000004 0.5657479921874999 0.2917319109375 0.5686685765625 0.309490353125 0.5653861875 0.31011578281249996 0.5515442937499999 0.30659097812499997 0.550162278125 0.29698691250000003 0.54799749375
0 0.2016944421875 0.5115954140625 0.1954924296875 0.5117250015625 0.1873380515625 0.517172175 0.1852629359375 0.5234021125 0.184035415625 0.5325256734374999 0.191207775 0.5343773484375001 0.20227319531250001 0.5348739734375 0.2128592796875 0.5297399078125 0.212870946875 0.5204597953125 0.208621296875 0.5152718015625 0.2016944421875 0.5115954140625
0 0.0610182484375 0.591867046875 0.07073339375 0.6023995875 0.08946218593750001 0.601098465625 0.08935110156250001 0.5927307078124999 0.0853469578125 0.5857180015625 0.0733111875 0.5832401125000001 0.0630933640625 0.585637109375 0.0610182484375 0.591867046875
1 0 1 0.4 1 0.4 0.7648620218750001 0.3869487671875 0.7619202375 0.36847715000000003 0.752116534375 0.352671071875 0.7500813390625 0.3318671640625 0.757612403125 0.3247064703125 0.7464806125 0.2945673421875 0.731461953125 0.285465953125 0.71636763125 0.2528951171875 0.7010358640625001 0.2396551625 0.68912130625 0.21280700156250001 0.668029259375 0.20199875312499999 0.6564278109374999 0.171000359375 0.647795640625 0.15593079375000002 0.6402863109375 0.1275979359375 0.63942265 0.1154394140625 0.6378571171875 0.083950009375 0.6328743734375 0.06644874218749999 0.625051934375 0.054424640625 0.6132939328125 0.0340006578125 0.6088078109375 0.007988421875 0.5998895015625 0 0.5911213421875 0 1
0 0.36613272812500003 0.5856737359374999 0.3588609515625 0.5661741874999999 0.34606533281249996 0.5877306609375 0.34665575625 0.601729109375 0.3568619109375 0.608612225 0.3675707453125 0.6025658046875 0.368675515625 0.5943546 0.36613272812500003 0.5856737359374999
0 0.9537966125 0.7787618421875 0.9369380875000001 0.7868473203125 0.9310304234375 0.799498584375 0.9350599796874999 0.8008063671875 0.9580050953124999 0.8021829109375 0.9747592796875001 0.7948729343750001 0.9796235531249999 0.7899766984375 0.9768460671875001 0.7793628828125 0.9613439515625 0.7773668265625 0.9537966125 0.7787618421875
0 0.931318446875 0.7348428046875 0.9428009234375001 0.7276429796875 0.9355765218750001 0.718823390625 0.9275174046875 0.7162078218750001 0.9199700671875 0.7176028375 0.9084875921875 0.7248026624999999 0.90930246875 0.7343748343750001 0.931318446875 0.7348428046875
0 0.6712998796875 0.53410803125 0.689390640625 0.532492715625 0.6918848640624999 0.5217687484375 0.6882726640625 0.517358953125 0.6745244796875 0.517955546875 0.6622172093750001 0.523471296875 0.661486834375 0.5288998140625 0.6712998796875 0.53410803125
0 0.5762698343749999 0.482425071875 0.5744016453125 0.4884960234375 0.5751121828125 0.49884369843750004 0.5789330625 0.5017024875 0.58916346875 0.5038086953125 0.6006459421875 0.49660886875 0.5985889109375 0.48845463125000005 0.59218930625 0.48131911718750003 0.5830967171875 0.4785704796875 0.5762698343749999 0.482425071875
1 0.4 1 0.80401021875 1 0.8025179984375 0.9980527531250001 0.7994958703125 0.9837411984374999 0.8203114484375 0.9669300218749999 0.8130513390624999 0.9381503609374999 0.8203814578124999 0.911249340625 0.8411853640625001 0.9037182765625001 0.8316046374999999 0.8829932656249999 0.8372278953125001 0.859585115625 0.80952046875 0.8448795624999998 0.8069893499999999 0.8269185828125 0.8125892703125001 0.8220706609375 0.7999630796874999 0.805594325 0.8313414 0.802209309375 0.8308853953125 0.77801839375 0.7998869984375 0.7693862234375001 0.7866470484375 0.7574716671875 0.7917792968749999 0.737712940625 0.7640602015625 0.7322875015625 0.7592084625 0.722381175 0.712515071875 0.7200815687500001 0.6986730265625 0.703448678125 0.664407 0.6823296671875 0.6363313156249999 0.67036118125 0.6350043828125 0.6618368718750001 0.5974590531249999 0.6375111328124999 0.584710109375 0.6219471515625 0.553466209375 0.6151396953124999 0.5021665828125 0.6011090515624999 0.4629027265625 0.589556296875 0.44589246562499996 0.578084434375 0.43605456406250004 0.56846425 0.41171418437499996 0.5838934109375 0.4 0.5843286875 0.4 1
0 0.445927471875 0.55024409375 0.43546414375 0.554465803125 0.43605456406250004 0.56846425 0.4619557171875 0.569014803125 0.46792389375 0.5614298124999999 0.45736114843750003 0.54800365 0.445927471875 0.55024409375
0 0.74895516875 0.5595608343749999 0.7586936546875 0.5515331484375 0.7601666796875 0.5405848750000001 0.75385358125 0.53234670625 0.7374337437499999 0.5348732921874999 0.735981615625 0.535989 0.7296242859375 0.5561436234375 0.74895516875 0.5595608343749999