0 0.34685768906250003 0 0.35823395625 0.022572496875 0.37575937812500004 0.02949968125 0.38324559375 0.0382260890625 0.39358078124999996 0.042869359375 0.398082415625 0.030695384375000002 0.3991338296875 0.0260412671875 0.3859558609375 0.014599998437500001 0.372623709375 0.01081861875 0.35614660625 0.0046778859375 0.3537466796875 0 0.34685768906250003 0
0 0.40734452499999996 0.078076753125 0.41768590312500004 0.071838884375 0.4146982265625 0.0563790703125 0.4058646140625 0.0458642859375 0.393725678125 0.051531175 0.3884778984375 0.058480054687500005 0.3905714390625 0.0654935265625 0.3959610203125 0.0726470328125 0.40734452499999996 0.078076753125
0 0.3212189921875 0.0375693140625 0.31492599062500004 0.0382911734375 0.309231140625 0.04101688125 0.30922495156249996 0.05189801875 0.311916646875 0.0609153421875 0.31790747656249996 0.0646321265625 0.326747278125 0.064265775 0.331547990625 0.0530937234375 0.33140309375 0.04443190625 0.3251131859375 0.039713196875 0.3212189921875 0.0375693140625
0 0.45219682499999997 0.24468715156249998 0.4459038234375 0.2454090125 0.43436923125 0.24219861250000002 0.4310700953125 0.247499146875 0.44229942031249997 0.260588759375 0.4478400859375 0.2655229421875 0.4595257640625 0.266514021875 0.4673172484375 0.265361215625 0.4766072140625 0.2637774640625 0.483501465625 0.25961888593750004 0.48365874218749993 0.2465184265625 0.4749762171875 0.23378431875 0.46718473281249995 0.234937125 0.45219682499999997 0.24468715156249998
1 0.61875 0.3 0.61875 0 0.43920650937500005 0 0.439444834375 0.01118448125 0.452924975 0.01818710625 0.4520184578125 0.0315030390625 0.4311939015625 0.029876389062499998 0.41216690156249997 0.02882071875 0.41006098125 0.0435695234375 0.42219063281249997 0.0542243390625 0.44031730468749997 0.05771480624999999 0.42622662812499995 0.0704706078125 0.41843204843750004 0.0770639828125 0.4181298765625 0.081502625 0.4257609875 0.09889085 0.43114437812500006 0.1169254921875 0.44012288593750004 0.13610209374999999 0.4515094875 0.13609124687500002 0.46528870624999996 0.14409579687500002 0.47366286718749995 0.1721496859375 0.4637747484375 0.1717295875 0.46286823125 0.18504551875 0.467505475 0.197855065625 0.473335934375 0.22011288125 0.48652009375 0.2206730125 0.48846254843750003 0.22990580624999998 0.49249545 0.2515926421875 0.5070270031249999 0.25394115 0.5140599609375001 0.269325525 0.526337603125 0.28320158906250004 0.524684940625 0.2912924265625 0.5275386484375 0.3 0.61875 0.3
1 0.61875 0.3 1 0.3 1 0 0.66431133125 0 0.6645290109374999 0.0001350515625 0.6573325859375 0.008732275000000001 0.6481875171875 0.018977840625 0.6447434859375 0.0156165625 0.6323085671875 0.01484095625 0.6252601328125 0.026659426562499998 0.61875 0.030836821874999996 0.61875 0.3
0 0.378262603125 0.3758136953125 0.37496346875 0.38111423125 0.38065212656249997 0.3892696625 0.395331671875 0.394839415625 0.3942926390625 0.3777312578125 0.3857581046875 0.3682183984375 0.378262603125 0.3758136953125
0 0.47606143437500004 0.4390744875 0.4658773328125 0.4322118953125 0.4594332453125 0.4351530765625 0.45672916875 0.44789803125 0.4615174984375 0.45848825625 0.46795849218749996 0.4609876421875 0.47635122656249995 0.45639812031249993 0.47875003437499997 0.4535323796875 0.47606143437500004 0.4390744875
0 0.5856202265625 0.3727527015625 0.5946111140625 0.3701670265625 0.5953696390625 0.353629846875 0.586085865625 0.3443324609375 0.5730527921874999 0.34155300625 0.572140084375 0.3657500765625 0.5856202265625 0.3727527015625
0 0.446328984375 0.557506709375 0.43480058125000004 0.543415171875 0.42655893437500003 0.5457853734375 0.41876435624999997 0.5523787484375 0.42280035 0.5686250140625 0.427440690625 0.57599399375 0.44242550312500006 0.571684534375 0.446328984375 0.557506709375
0 0.05831460468750001 0.7702731828125 0.046635117187500005 0.7584009671875 0.022209253125 0.7665134984375 0.022502139062500003 0.7783965609375 0.0254960078125 0.7829752390625 0.053365903125 0.7782239859375 0.05831460468750001 0.7702731828125
0 0.3161487625 0.7918614078124999 0.3200522421875 0.7776835828124999 0.3197593546875 0.7658005203125 0.3068804625 0.7553611765625 0.2974394109375 0.7591642484375 0.2974301265625 0.77548595625 0.309112709375 0.7819176015625 0.3161487625 0.7918614078124999
0 0.43020551874999996 0.9831747734375 0.4393505875 0.9729292046874999 0.42932066718749995 0.9584067218750001 0.41014567656249995 0.9541298046875 0.399502128125 0.9648063171875 0.4056409484375 0.97174435 0.407284325 0.9799752203125 0.412976078125 0.9826900796875 0.43020551874999996 0.9831747734375
0 0.32622820468749997 0.7193347875 0.3347627390625 0.728847646875 0.33625503125 0.739297840625 0.347342553125 0.73828506875 0.3507958703125 0.7253246421874999 0.33911328749999997 0.7188929953125001 0.3230925375 0.7006537265625 0.32622820468749997 0.7193347875
1 0.61875 1 0.61875 0.39803890468750003 0.590695253125 0.40610712656250003 0.571060815625 0.4193693140625 0.5545744265625 0.42955028906250003 0.5326953609375 0.4380183265625 0.521906915625 0.440033021875 0.4980977765625 0.4175059890625 0.516659134375 0.4469819015625 0.52354100625 0.46458560000000004 0.5084112968750001 0.46023324218749995 0.518139046875 0.4791943703125 0.500610528125 0.4777077546875 0.49925694375 0.48680051718749995 0.489365728125 0.49182098593750007 0.4799308671875 0.48474292031249994 0.465390028125 0.498716121875 0.46642596562499994 0.5212648468750001 0.47466142187499993 0.5297757843750001 0.49128651718749994 0.5391377625 0.4825885171875 0.5536065015625 0.4669962640625 0.5722338171875 0.44601133437499996 0.589148196875 0.4212956796875 0.5799370984375 0.40706010625 0.5840310843750001 0.3968791 0.5717279234375 0.379498575 0.57346255625 0.3394928390625 0.5784401265625 0.37964037500000003 0.5875649375 0.4000023875 0.6121712609375 0.39685124374999997 0.62069304375 0.403437134375 0.6318542484374999 0.4230746671875 0.6131514921875001 0.4274097390625 0.6303996812499999 0.42454838749999996 0.6562450953125 0.41958420937499996 0.6913987453124999 0.42735712187499997 0.7228893546874999 0.428698328125 0.73555886875 0.434834053125 0.74793746875 0.42000032656249997 0.75002760625 0.39678005625 0.7458261296875001 0.39182825781249997 0.759217503125 0.40560438281250005 0.7726626203125 0.41128994375000005 0.7862586203124999 0.3954048046875 0.7930028734375 0.40288483125 0.8126104203125 0.42579673749999997 0.8321316781250001 0.42818626093749995 0.8455876453125001 0.43852763906250003 0.8393497765625 0.44976005781249995 0.846998821875 0.44046699843750003 0.8540231390624999 0.4551403546875 0.8704740328125 0.45497998281249996 0.8890150609374998 0.4485389890625 0.8865156734374999 0.4471823078125 0.9010490046874999 0.4543663515625 0.9142140578125 0.45076504531249995 0.9239532374999999 0.460193715625 0.9419124406249999 0.4736769515625 0.943474496875 0.47636864687499997 0.9524918187499999 0.47636245781250003 0.9633729562500001 0.4801024703125 0.9731767296874999 0.49642848749999996 0.9815367828125 0.507739584375 1 0.61875 1
0 0.8092734109374999 0.542617965625 0.8137688546874999 0.5413251296875 0.8139261296875 0.52822466875 0.8106362828125 0.5172034984375 0.8047934421875 0.5167079609374999 0.7995487578125 0.5182162703125 0.7962465265625001 0.5289573750000001 0.8005846953125 0.5407649984375 0.8092734109374999 0.542617965625
0 0.8051631328125 0.6569453546874999 0.8098096625 0.6534331953125 0.8072721484375001 0.6367559828125 0.7954446703125 0.62166251875 0.790196890625 0.6286114015625 0.787646996875 0.6336964625 0.7886891234375 0.645364053125 0.7927313078125 0.65072918125 0.8051631328125 0.6569453546874999
0 0.87094831875 0.634762490625 0.8661630828125 0.6187316953125 0.8609245874999999 0.6093588671875001 0.8562811531250001 0.6074304578125 0.8459397750000001 0.6136683265625 0.8417372203125 0.626844228125 0.846670446875 0.6460962671875 0.8588031921875 0.651310515625 0.8706461453125 0.6392011328125 0.87094831875 0.634762490625
0 0.9185542171875 0.70157883125 0.9192941703124999 0.7176850640625 0.925580984375 0.7278443421875 0.9333724671875 0.7266915375 0.935629475 0.7097234125 0.9324907109374999 0.6964829187499999 0.9249983046875 0.6986376484375001 0.9185542171875 0.70157883125
0 0.7215354515625 0.43947396874999994 0.7243906140625 0.42450969218749995 0.7152579234374999 0.4129929828125 0.6968321765625001 0.40850059375000003 0.6876871078125 0.41874615937500004 0.6929225062500001 0.43355955625 0.7020551937499999 0.445076265625 0.7215354515625 0.43947396874999994