0 0.07803038749999999 0.5046692078125 0.0874025171875 0.4953156859375 0.08278310312500001 0.48937644843749994 0.07032122187499999 0.48821260468750005 0.0617677171875 0.48977426875 0.0568769953125 0.4963989953125 0.0631640796875 0.5064281359375 0.0692312953125 0.5085684296874999 0.07803038749999999 0.5046692078125
0 0.11218681718750001 0.61875 0.1124269546875 0.6164643078125 0.113081853125 0.6102308187500001 0.11048327656250001 0.5950383375 0.1001802390625 0.5932892812499999 0.09528951718749999 0.5999140078125 0.0919027421875 0.6121870125 0.09152729062500001 0.61875 0.11218681718750001 0.61875
0 0.188140753125 0.534623440625 0.1912000796875 0.52546718125 0.186416940625 0.5210863171875 0.17187808124999998 0.5197285015625 0.167396671875 0.5224572984375 0.16879303437499998 0.5391111656249999 0.1767735046875 0.5430038046875 0.1801345609375 0.5409572078125 0.188140753125 0.534623440625
0 0.19874081562499998 0.5135821265625 0.1980554953125 0.5001419890625 0.192479453125 0.49332657968750004 0.1713003421875 0.4952827734375 0.1580198390625 0.501910790625 0.16165690625 0.5172002609375 0.1785183328125 0.5164144921875 0.19281160625 0.5201098671875 0.19874081562499998 0.5135821265625
0 0.4972949375 0.46671577031249994 0.49794983593750003 0.46048228281250003 0.4987684578125 0.452690421875 0.4896676359375 0.44947998125 0.4749650515625 0.44968053750000003 0.46919956406249996 0.45464990624999996 0.468217215625 0.4640001390625 0.47171627968749996 0.4706215734375 0.480653378125 0.4753903859375 0.4956834109375 0.4720730859375 0.4972949375 0.46671577031249994
0 0.4938473140625 0.43964152343749996 0.495458840625 0.43428420624999997 0.48835313593749996 0.43204692656250004 0.47165543281250005 0.43127432343749994 0.465808084375 0.43702287812499996 0.469143421875 0.445202684375 0.479364596875 0.4477309265625 0.4869614765625 0.4452930890625 0.4938473140625 0.43964152343749996
1 0.5796875 0 0 0 0 0.2567014234375 0.00434183125 0.2578037078125 0.018143929687499998 0.2661741984375 0.02123368125 0.2766915640625 0.01019388125 0.281955184375 0.0103880296875 0.3000704375 0.0233153640625 0.30678556874999996 0.0410772765625 0.29742875468749996 0.0667377984375 0.2927437640625 0.0653461390625 0.3059899265625 0.0869907046875 0.3095850234375 0.0961476703125 0.3222426828125 0.0894817 0.335783096875 0.1109625390625 0.34093656562499997 0.1298752296875 0.35057117656250003 0.1630297484375 0.3843539734375 0.19276236875 0.3808361171875 0.2048149375 0.3858958890625 0.19926931875 0.39875410625 0.1977139359375 0.4135586390625 0.21094299843750003 0.427383434375 0.23209639218749997 0.43565364687499997 0.2556237890625 0.4213274625 0.27344184375 0.42141786718749996 0.296754078125 0.4291028671875 0.30776815625 0.43406565312499995 0.321212384375 0.42587926249999997 0.321703559375 0.42120414687499996 0.334109296875 0.41292076875 0.3350402046875 0.42402334843749995 0.3422020515625 0.435707846875 0.375705040625 0.4262474625 0.37414965625 0.4410519984375 0.3893995578125 0.44562354375 0.4096220421875 0.44279117812499996 0.42039053437499996 0.45009152343750003 0.43293427656250005 0.4504761796875 0.4339680640625 0.420673134375 0.4550653109375 0.41949612812500003 0.46280019531249994 0.425726325 0.4749603484375 0.41978050624999996 0.48184618593749995 0.41412893906250003 0.49326957499999996 0.41519579375 0.495484559375 0.4240578015625 0.50898493125 0.42531863124999997 0.5278671953125 0.415279615625 0.543746275 0.42384407968750004 0.558448859375 0.42364352343749995 0.5688851984375 0.40416058125000004 0.5779555984375 0.38769739531249997 0.5796875 0.387464946875 0.5796875 0
0 0.593585753125 0.20843860468750003 0.600445871875 0.21301344218749999 0.61011973125 0.21076957968749999 0.61700556875 0.2051180125 0.614708721875 0.1970351921875 0.6058534843750001 0.19148719375 0.597218115625 0.1938280421875 0.5934477484375 0.199770571875 0.593585753125 0.20843860468750003
0 0.6402682296875 0 0.638371621875 0.00175045 0.6378804484375 0.0064255671875 0.6369799640625 0.014996612500000001 0.6514369625 0.017133615625 0.66493733125 0.0183944453125 0.6700736390625 0.009432159375 0.6656998125 0.0011553640625 0.66333115 0 0.6402682296875 0
0 0.726877253125 0.1075832734375 0.7191166484375 0.1115794828125 0.7203750046875 0.1195653171875 0.7240377921875 0.12462838125 0.733056753125 0.12861800625 0.7431399234375 0.1224782140625 0.74609166875 0.12432754531250001 0.750680659375 0.11059315781250001 0.7407050703125 0.105727359375 0.726877253125 0.1075832734375
0 0.7506035015625 0.141272375 0.746669409375 0.14877327499999998 0.750250334375 0.1546155234375 0.7616737234375 0.1556823796875 0.765991409375 0.15451195625 0.7706365421875 0.1502247859375 0.7736140078125 0.14184771406250002 0.7688308671875 0.1374668484375 0.7563689859375 0.13630300625 0.7506035015625 0.141272375
0 0.7715464328125 0.20145380156249998 0.7690601421875 0.20515575937500002 0.767612340625 0.2089547015625 0.768706975 0.2184989078125 0.772287896875 0.2243411578125 0.7833838390625 0.228524759375 0.789942228125 0.22598993437499998 0.8001072624999999 0.21907095625 0.8027011343750001 0.2043634078125 0.7936821734375 0.20037378281249998 0.7822587828125 0.1993069265625 0.7715464328125 0.20145380156249998
0 0.8320081296874999 0.27476794843749996 0.838704521875 0.2809011609375 0.8470124437500001 0.2816770546875 0.8546093234375001 0.27923921875 0.8555098078124999 0.2706681703125 0.8511359796875 0.262391378125 0.843073646875 0.2592779234375 0.83132280625 0.2613278125 0.832581165625 0.26931364687500003 0.8320081296874999 0.27476794843749996
0 0.939594875 0.41857704218749997 0.9477390703124999 0.420911309375 0.9551722250000001 0.4200318453125 0.9608558484374999 0.4158416640625 0.9621656453125 0.40337468593750003 0.9571369203125 0.4013313796875 0.944593178125 0.40094672343750004 0.9378710640625 0.40503991875 0.93776348125 0.41604550937500007 0.939594875 0.41857704218749997
0 0.8879909187500001 0.5404374859375001 0.8966520062499999 0.5278702296875 0.8976343531250001 0.518519996875 0.8959924046874999 0.5042036890625 0.8944884609375 0.4985554109375 0.8894597359375 0.49651210625 0.880113325 0.49563922343750005 0.8748132921874999 0.50615988125 0.8742402578125 0.5116141828125 0.8741326749999999 0.522619775 0.87929940625 0.5333311140625 0.880174171875 0.534986475 0.8879909187500001 0.5404374859375001
0 0.8676326296875001 0.3748752578125 0.8589154000000001 0.3779952921875 0.8500344421874999 0.3826737 0.84793174375 0.39270613125 0.8526330203124999 0.39786618281249997 0.8626343265624999 0.392505575 0.8725537750000001 0.38792415468749997 0.8752856515625 0.381884640625 0.8676326296875001 0.3748752578125
0 0.9853913125 0.381938840625 0.9713179078125 0.386132315625 0.9704174234374999 0.3947033609375 0.9742182140625001 0.408434459375 0.9758040203125 0.4133035484375 0.9826641390624999 0.4178783859375 0.9925835859374998 0.41329696718750003 0.998702240625 0.39498444843749997 0.9983186468749998 0.388653971875 0.9853913125 0.381938840625
1 1 0 0.7213972515625 0 0.72139468125 0.000062178125 0.721752553125 0.0166190609375 0.7201971687500001 0.031423596875 0.719352828125 0.0494418609375 0.707438265625 0.053050121875 0.7114027796875 0.06522284843750001 0.736326540625 0.0675505328125 0.720641609375 0.07710132187499999 0.71943939375 0.0785627078125 0.7338706734375 0.0909261140625 0.7441175671875 0.08322795 0.7542054421875 0.10698818750000001 0.7578682296875 0.1120512515625 0.7677362343749999 0.1279226421875 0.7755272625 0.143600059375 0.7879634234375 0.1549903078125 0.7994943937500001 0.1450515703125 0.809142534375 0.1530341140625 0.8059194828124999 0.1637487453125 0.800783175 0.17271103125 0.8013866343749999 0.186930353125 0.8146156984375 0.200755146875 0.82448370625 0.2166265375 0.8240743937499999 0.2205224671875 0.8057955890624999 0.24478080625 0.788718996875 0.2675777578125 0.7718365546875 0.3084899625 0.783040078125 0.3016679703125 0.80140074375 0.276630446875 0.8142976578125 0.26367195312499997 0.8283149203125 0.2500312609375 0.8389454046875 0.24866357031250003 0.850670525 0.2568400875 0.8842600796875001 0.27650054687500003 0.9110152312500001 0.28135976406249996 0.941842484375 0.2873861140625 0.953976915625 0.2916667 0.981197521875 0.30207720625 0.9922677437499999 0.3164872109375 0.9918584328125 0.32038314218749997 0.9796164203125001 0.32710814843749997 0.9810127828125002 0.343762015625 1 0.347835378125 1 0
0 0.0040059015625 0.74264110625 0.0150761234375 0.7570511124999999 0.02532301875 0.7493529484375 0.0295845625 0.738735303125 0.0258399125 0.7344514265625 0.0122576796875 0.7339697828125 0.0040059015625 0.74264110625
0 0 0.6755594781250001 0.008969076562500001 0.67543713125 0.015389462500000001 0.6642342765625 0.0122178484375 0.65449609375 0.00494841875 0.6538171875 0 0.6551585890625 0 0.6755594781250001
0 0.2530261421875 0.947655696875 0.265569884375 0.9480403546874999 0.270542465625 0.9406364406249998 0.271033640625 0.9359613250000001 0.25898107187499997 0.9309015500000001 0.24755768125 0.929834696875 0.244907665625 0.9350950250000001 0.24433462968750003 0.9405493265625001 0.2530261421875 0.947655696875
0 0.35781075625000003 0.9983569937500001 0.36428728125 0.9966013546875001 0.3746979015625 0.9873448187499999 0.37319395625 0.9816965421875 0.3568237046875 0.9778071953125 0.3384326125 0.9831710921875001 0.34288830312499996 0.9906687015625 0.34663295 0.9949525796875001 0.35781075625000003 0.9983569937500001
0 0.38961094687500003 0.9352330484374999 0.382858409375 0.9196526171875 0.378868175 0.9177062984375001 0.36225233437500004 0.916154509375 0.351621846875 0.9175221984374999 0.34809706406249996 0.92112716875 0.3499846015625 0.9331059203125001 0.36058936875 0.9419646359375001 0.380238815625 0.944586571875 0.38961094687500003 0.9352330484374999
0 0.45901664531249997 0.8834894765625 0.4581980234375 0.8912813374999999 0.458499753125 0.8983909999999999 0.473667790625 0.9037417328125 0.48541862968749994 0.9016918453125001 0.48727574218749997 0.8939969703124999 0.472435153125 0.8855294921875 0.45901664531249997 0.8834894765625
1 0.5796875 0.61875 0.1281820953125 0.61875 0.1272656703125 0.6274727578125 0.11390330468750001 0.6348799609375 0.122405371875 0.6537711093749999 0.10959032500000002 0.6659504187499999 0.10817294531249999 0.6894229859375 0.1259091390625 0.690292578125 0.1489196421875 0.6908679156249999 0.16999117187499999 0.699917315625 0.1747485921875 0.714524584375 0.164148528125 0.7355659 0.1780886328125 0.7526044234375 0.19634171875 0.7385724921875 0.21809386718749998 0.7311619968749999 0.2280437359375 0.7462542015625 0.2540059859375 0.7486788718749999 0.272918675 0.758313484375 0.2685752703125 0.7697103140625 0.316212509375 0.79540370625 0.3269810015625 0.8027040515625 0.34384713125 0.8318183140625 0.3563651546875 0.842429375 0.3624066515625 0.854796075 0.3841330796875 0.857611984375 0.4006927765625 0.8497165546875 0.4202603625 0.8531176765625 0.43386831406250004 0.8433729140625001 0.451057190625 0.8394704015624999 0.45278100156249995 0.8530075265624999 0.4944586078125 0.865555034375 0.49571696562499995 0.8735408687499999 0.50623986875 0.8831787703125 0.5361362140625 0.8781025421875001 0.5478309109375 0.8666054328125 0.55556579375 0.8728356296875 0.5466591171874999 0.88774044375 0.5699713531249999 0.89542544375 0.5796875 0.8870509359375 0.5796875 0.61875
0 0.1405614671875 1 0.1422702859375 0.983735015625 0.12950667656249998 0.9754615125000001 0.11543326875 0.979654984375 0.10436775000000001 0.9951450109375 0.1067395546875 1 0.1405614671875 1
1 0.5796875 1 1 1 1 0.691237096875 0.98383435625 0.6780197140625 0.5796875 0.6418175578125 0.5796875 1