0 0.33903518125 0.252755815625 0.35997868125 0.2508490796875 0.34162888593749996 0.23614798750000002 0.31776891875 0.22281022031250003 0.317444221875 0.2361956375 0.33903518125 0.252755815625
0 0.409375 0.25329876093750003 0.40174065312499996 0.25566367031250004 0.4042335578125 0.264053390625 0.409375 0.267154171875 0.409375 0.25329876093750003
0 0.30872486875 0.0711183671875 0.3181982921875 0.093951759375 0.3303904578125 0.09154925781249999 0.335202771875 0.0842177921875 0.338694003125 0.068820753125 0.324906453125 0.064044321875 0.30872486875 0.0711183671875
0 0.23581612968750001 0.2039904859375 0.22512048125 0.19333171875 0.21175649531250001 0.1954100703125 0.2117060953125 0.20790884531249998 0.228460509375 0.2154310046875 0.234793571875 0.21140775937499998 0.23581612968750001 0.2039904859375
0 0.274669384375 0.0126095796875 0.2692842421875 0.005344840625 0.25412521250000003 0.0050016125000000005 0.24861503749999997 0.006364937499999999 0.2485646375 0.0188637109375 0.26305004374999996 0.0296082859375 0.2722007109375 0.0205893453125 0.274669384375 0.0126095796875
0 0.1634414421875 0.0925310953125 0.1677797953125 0.090843621875 0.17196888125 0.081414725 0.1659605140625 0.07205255625 0.1536190859375 0.0667136328125 0.144044859375 0.0688777921875 0.1442687546875 0.08048992656250001 0.154066878125 0.0899379 0.1634414421875 0.0925310953125
0 0.13666306875 0.1091865734375 0.1375363609375 0.0940278765625 0.12539459687500001 0.0839316015625 0.11133275312499999 0.080041809375 0.10632077499999999 0.092130628125 0.1182628734375 0.10698425781250001 0.125642725 0.111913221875 0.13666306875 0.1091865734375
0 0.9864784562499999 0.41875 0.98717024375 0.406872459375 0.9847093859375 0.4048583484375 0.97849995 0.40395883125000004 0.9666742562499999 0.4072327171875 0.9636432750000001 0.4170300953125 0.964918190625 0.41875 0.9864784562499999 0.41875
0 0.80022973125 0.3301015015625 0.79009954375 0.3313899828125 0.7779772609375 0.332127409375 0.7820883234375 0.3398097265625 0.7886577890625001 0.3465358078125 0.79827883125 0.357378575 0.811800028125 0.3521192796875 0.8138984 0.34533648125 0.8140681140625 0.34129273125 0.8152338765625 0.337524509375 0.8121822984375001 0.33340782343750003 0.80022973125 0.3301015015625
0 0.8211722625 0.234445371875 0.81303416875 0.23628490468750002 0.8077779375 0.24628487500000001 0.822209503125 0.262549025 0.8355609843749999 0.2613334796875 0.8393548625000001 0.2525652734375 0.8414532343750001 0.24578247343749998 0.838867959375 0.24015849843749998 0.8271485453124999 0.23609853125 0.8211722625 0.234445371875
1 0.409375 0 0.409375 0.41875 0.6487030140625001 0.41875 0.652173775 0.4102308234375 0.6623673984374999 0.41223244687499994 0.6684731703125 0.41875 0.7068813546875 0.41875 0.6860187859375 0.405684671875 0.6857015984375 0.38923414843750004 0.6858078765625001 0.38190029375 0.695408321875 0.3788289984375 0.7127011515625 0.38933951875 0.725226303125 0.3838046984375 0.7276006671874999 0.3656442953125 0.72734691875 0.3524838765625 0.7129359515625 0.3501337890625 0.71437770625 0.33498796406250003 0.7187013265625 0.3280025734375 0.74214015625 0.33612250625 0.7287680765625 0.3234239875 0.7358895265625 0.3073948609375 0.7409126031250001 0.29814853750000003 0.7390267859375 0.29026362968749997 0.7469111296875 0.27526367500000004 0.7553886546874999 0.26533664375 0.75666069375 0.25423456718750004 0.7781708671875001 0.265093553125 0.7852923171875 0.2490644265625 0.7787656937499999 0.2317143875 0.7724928203125 0.2275247640625 0.7670891187500001 0.2170304609375 0.767534828125 0.20160910781250002 0.7641232203125 0.1916658578125 0.758253215625 0.1826788421875 0.759694971875 0.1675330171875 0.7534015000000001 0.14942933281249998 0.7409620328125 0.13371623593749998 0.7514110546875 0.11042619218750001 0.74861486875 0.081017840625 0.7310048515625001 0.054056795312499996 0.7151743734375 0.0423145125 0.7037737921874999 0.0162529828125 0.7027695109375001 0 0.409375 0
0 0.7857327265625 0.10437561875000001 0.792175315625 0.1045214921875 0.7948668671875 0.1028116125 0.80370441875 0.09871114375 0.8078583234375 0.0957695015625 0.8040866906249999 0.0799996859375 0.7791855078125 0.073111515625 0.77151371875 0.073443759375 0.7700719640625 0.0885895859375 0.777467759375 0.09963494375000001 0.7857327265625 0.10437561875000001
0 0.31504875 0.9651582421875 0.323725453125 0.9617832937500002 0.3347458015625 0.9590566468749999 0.328937096875 0.944937125 0.31397773125 0.93983654375 0.3076446671875 0.9438597890625001 0.3046274 0.9536128375 0.3073946015625 0.9611159171875 0.31504875 0.9651582421875
0 0.2363671703125 0.8288538390625 0.22522179062499997 0.8402085515625 0.22916081250000003 0.8480357828125001 0.2405300875 0.848293203125 0.248583565625 0.8428208234374999 0.2484343015625 0.8350794015624998 0.2363671703125 0.8288538390625
0 0.043987034375 0.8256884640625 0.032268831250000005 0.8224469703124999 0.026210065625 0.8255835781249999 0.0240156890625 0.8326767015625001 0.032716625 0.8456712421875 0.037952498437499996 0.8451945546874999 0.04221621875 0.8396363703125 0.044684892187500005 0.8316566046875 0.043987034375 0.8256884640625
0 0.0537609265625 0.8187669546875 0.0540856265625 0.8053815375 0.05049553125 0.800538378125 0.04107056875 0.8104439593749999 0.038950821875 0.8214077953124999 0.04797645625 0.82101691875 0.0537609265625 0.8187669546875
0 0.042516684375 0.8098814687499999 0.045134625 0.809643125 0.05463421875 0.8036082562499999 0.048002625 0.7921486578125 0.038279134375 0.7865713921874999 0.034564009374999996 0.7903562953125001 0.0304495515625 0.8036559046875 0.0357600625 0.8070499312500001 0.042516684375 0.8098814687499999
1 0.409375 0.41875 0.0464054625 0.41875 0 0.5714824796875 0 0.6981223 0.0133500859375 0.7026741765625 0.01200283125 0.7234768671875 0.0275350234375 0.7431736531249999 0.044414471875 0.74206775 0.063312859375 0.754995559375 0.0783468578125 0.763966853125 0.0644585125 0.784187971875 0.0631112578125 0.8049906609375 0.073732271875 0.8117787156249999 0.09372785 0.8211599640625 0.10694257031250001 0.8113401890624999 0.109136946875 0.8042470640625 0.0964465890625 0.7959240718749999 0.0958737640625 0.7813278671875 0.111730653125 0.7876392375 0.12576826562500001 0.775159540625 0.1268654546875 0.7716129781250001 0.14740962500000002 0.779220946875 0.1521957703125 0.8007577421875001 0.17308887343749998 0.8113497796875 0.178375146875 0.7983743203125 0.187749709375 0.8009675140624999 0.199617178125 0.8119504296875 0.22016134843750002 0.819558396875 0.2331764046875 0.814495975 0.24631649531250002 0.800805490625 0.2786535015625 0.8155256609375 0.297676925 0.8198254078125 0.3246287921875 0.8272808406250001 0.3471676734375 0.8325530359375 0.370729115625 0.8304079578125 0.3991028671875 0.8209314124999999 0.409375 0.8169358953125 0.409375 0.41875
0 0.6054882578124999 0.9523674374999999 0.587126034375 0.9404161390624999 0.5828532046875 0.9500329765625001 0.5851928703125 0.9634424328125 0.597502259375 0.9697925421875 0.6048014937499999 0.9629762546875 0.6054882578124999 0.9523674374999999
0 0.6096851937500001 0.892662428125 0.612180128125 0.8799531890625001 0.593484875 0.8695285921875 0.5821672921875 0.8683613078124999 0.5875334953125 0.8845713546875 0.59493425 0.8983991140625001 0.6096851937500001 0.892662428125
0 0.6203415734375 0.874994309375 0.618561434375 0.8597762421875 0.6047008 0.8500517921874999 0.5934594796875 0.8528325328124999 0.5943241828125 0.866815603125 0.5996139921875 0.8790777359374999 0.6203415734375 0.874994309375
0 0.9733170828125001 0.865746928125 0.9917080609374999 0.8658068875 0.9975321984375001 0.8595642546875 0.9878170421875 0.8490232125 0.9735493828124999 0.8490032671875 0.96604665 0.8606718093750001 0.9733170828125001 0.865746928125
0 0.936570871875 0.796560790625 0.9462607703125 0.7904058125000001 0.9412506562499999 0.7772394281249999 0.9299331656250001 0.7760721687500001 0.918488478125 0.7837051296875 0.9213876890625 0.7953059 0.93250165625 0.8013254078125 0.936570871875 0.796560790625
0 0.939012975 0.7383337484375 0.9379701656249999 0.7458989171875 0.9432600171875001 0.7581610640625 0.9553658375000001 0.7693634125 0.97135015625 0.7829988359375 0.974694565625 0.7698015796875 0.9670140468749999 0.7568782031250001 0.9611646484375 0.7464247390625001 0.9523650828125 0.7371186640625 0.939012975 0.7383337484375
0 0.409375 0.8195923390625002 0.41227537343750004 0.8185208562499999 0.422603978125 0.80949721875 0.4242063328125 0.8001233656250001 0.409375 0.7902183734375 0.409375 0.8195923390625002
0 0.82337035 0.81433271875 0.8098657187499999 0.8076519031250001 0.7935634406250001 0.8100143765624999 0.793283678125 0.8109186828125001 0.7964116718750001 0.8343632265625001 0.8149011125000001 0.8375143906249999 0.82662560625 0.8289771375000001 0.82337035 0.81433271875
0 0.79485985625 0.8771292031249999 0.8001244734374999 0.8726952593749999 0.7849159375 0.854744321875 0.7692494484375001 0.8592460531250001 0.7715891140625001 0.8726555078124999 0.78194003125 0.885335878125 0.7917824281250001 0.887076715625 0.79485985625 0.8771292031249999
0 0.7414771578125 0.8525453703124999 0.7620642125 0.85147941875 0.7653584062500001 0.8424623718750001 0.7489035625 0.8369289359375 0.74053630625 0.8346143828125001 0.7344324046875 0.8417612484374999 0.7414771578125 0.8525453703124999
0 0.7606790578125 0.8156435343750001 0.7591530078125001 0.8289652750000001 0.767037003125 0.8370364640624999 0.7835805359375 0.850069715625 0.7929781734375 0.8412671578124999 0.789519440625 0.831475 0.7869762781249999 0.822917878125 0.7752264796875 0.814759096875 0.7606790578125 0.8156435343750001
1 0.409375 0.41875 0.409375 0.7761718875 0.43732961875000004 0.787064496875 0.45864202968749995 0.7978684890625 0.46357583281250003 0.8070869890625 0.4784030375 0.8052981750000001 0.479649371875 0.79288075625 0.494552815625 0.7950398859375 0.49907966562499995 0.8139629078125001 0.5250461203125 0.83488970625 0.555819509375 0.827694909375 0.5626608546874999 0.843331240625 0.5659923015625 0.8619235890624999 0.583769740625 0.8589874796875 0.5861351 0.8429527531249998 0.6069389203125001 0.84281726875 0.6154843718749999 0.82358345625 0.626013603125 0.8147155703125 0.6331345046875001 0.829447609375 0.6550574859375 0.8256948546875 0.6857799890624999 0.8312481625 0.7216908203125 0.8284195687499999 0.741350309375 0.8152053609374998 0.76579110625 0.80331368125 0.7886805921875 0.78804771875 0.7902829468749999 0.7786738671875 0.8009646109374999 0.7777018515625 0.80783155625 0.7638939734375001 0.8299832125 0.7719850328125 0.8392913671875 0.7922305875 0.8638336828125001 0.8009829546875 0.871895965625 0.7875058046875 0.8776437953125 0.777315209375 0.867089353125 0.7694870890625 0.8668605687500002 0.757643315625 0.8840784156249999 0.7565158796875 0.8867998421875001 0.7435247296874999 0.9076546640625001 0.730641096875 0.9276701781250001 0.7204704546875 0.937767078125 0.7046109625 0.9557989734374999 0.684074515625 0.95760480625 0.6698484 0.9872592171874999 0.6662709234374999 0.9854028156249999 0.64710483125 0.9934650296874998 0.6336277406249999 0.982198584375 0.619712346875 0.9870308718749999 0.6082867984375 0.9985771453125001 0.6212978296875 1 0.6208094546874999 1 0.5211328 0.9996208046875001 0.5214521718749999 0.9903888890625 0.5051545625 0.990923196875 0.4866497890625 0.9942040828125001 0.4718500828125 0.9903130640625001 0.455066334375 0.9864220890625 0.438282596875 0.9754353390624999 0.42346295468750006 0.9735657734375 0.41875 0.409375 0.41875