0 0.30204946875 0.4274124265625 0.2941461046875 0.43480964218749996 0.2878670828125 0.43696997812499994 0.286521734375 0.41820100625 0.2801578 0.42766747031249996 0.2745393203125 0.4402560234375 0.26429041875000003 0.4476805640625 0.2681389953125 0.45285368593750003 0.27341783125 0.46948964687499994 0.2804059203125 0.47358259843750006 0.28510912187500004 0.4724842140625 0.2867213328125 0.46829106718749997 0.2947823890625 0.447325325 0.30204946875 0.4274124265625
0 0.27647352812500003 0.341092309375 0.26949756874999997 0.335955625 0.2624609625 0.336037603125 0.2615820765625 0.34439657343749996 0.260618278125 0.3600616703125 0.2676548859375 0.35997969375 0.2715641125 0.35993415 0.27469149375 0.359897715625 0.2779037875 0.3525551515625 0.27647352812500003 0.341092309375
0 0.28249339687499997 0.159437278125 0.276299284375 0.1542914859375 0.264571603125 0.154428115625 0.25741369375 0.164947421875 0.2572317421875 0.1806034125 0.2673593421875 0.183616196875 0.27361410468749997 0.18354332812500002 0.2775475921875 0.1814103171875 0.284681240625 0.172978478125 0.28249339687499997 0.159437278125
0 0.21887941249999998 0.11739115156249999 0.2235219640625 0.12151143281250001 0.233685953125 0.12139301875 0.2352739046875 0.1192873359375 0.24006201875 0.11088282187500001 0.2386438890625 0.09837624687499999 0.23402559687500002 0.0921685015625 0.221516071875 0.09231424218749999 0.21754619375 0.09757844843749999 0.21587333125 0.1069902609375 0.21887941249999998 0.11739115156249999
0 0.338803909375 0.22452750312499997 0.3428223078125 0.215088365625 0.3390222515625 0.205740315625 0.3281249375 0.2016929078125 0.325767271875 0.2027639640625 0.3232761734375 0.21531608281249998 0.3247792140625 0.22051652968750002 0.33098545625 0.2246185890625 0.338803909375 0.22452750312499997
0 0.348603996875 0.2557210703125 0.3532101578125 0.2629725484375 0.36102860937500003 0.2628814609375 0.367307634375 0.2607211265625 0.3697866015625 0.24921274062499998 0.3683806015625 0.23566243281250002 0.3552987421875 0.2319211046875 0.35115574375 0.2379502890625 0.3495556625 0.2410997046875 0.348603996875 0.2557210703125
0 0.46063174218749997 0.30242112187500003 0.45415863593749994 0.32128117968750003 0.461758746875 0.33997728125000004 0.4703711765625 0.33883335312499996 0.474389575 0.329394215625 0.4777353 0.310570590625 0.4669107640625 0.30026078749999996 0.46063174218749997 0.30242112187500003
0 0.5748903359375 0.2916976578125 0.5687568749999999 0.2813332 0.5593747296875 0.2814425046875 0.5490894390625 0.29199824531249996 0.5441800234375 0.3108400859375 0.5526954125 0.31804601875 0.558950175 0.31797315 0.5628836609375 0.315840140625 0.571581003125 0.3073900828125 0.5748903359375 0.2916976578125
0 0.12334320000000001 0.0642374234375 0.1335071890625 0.06411900937500001 0.1398104734375 0.059871210937499995 0.144634975 0.0483354984375 0.13538626250000002 0.036963742187499996 0.1298769546875 0.040158701562499996 0.12437977656250002 0.0423099265625 0.11964018437499999 0.0465395109375 0.12028859843749999 0.0580114609375 0.12334320000000001 0.0642374234375
1 0.609375 0 0.213486678125 0 0.217098475 0.0015732593749999998 0.2161104171875 0.0193258234375 0.21652835937499998 0.050628695312500006 0.22790426562500002 0.0807603140625 0.23704380625 0.10152566249999999 0.2446924390625 0.11604683125 0.2320494828125 0.1276736328125 0.217782184375 0.1445373109375 0.201963325 0.1603754734375 0.198726771875 0.1698055046875 0.22065483125 0.1664192625 0.2411283734375 0.15365764375 0.25369855 0.1482932421875 0.27480837343750003 0.14804730625 0.2880997453125 0.147892459375 0.3091610484375 0.15182145625000001 0.3271434921875 0.1516119546875 0.32537359062500004 0.169373628125 0.3236764671875 0.1808729046875 0.3352100671875 0.197435996875 0.341404178125 0.20258179062499998 0.3539743546875 0.1972173875 0.35760458906250003 0.22117769531249998 0.370895959375 0.2210228484375 0.3787386734375 0.218844296875 0.38238103749999997 0.2417608734375 0.3942906703125 0.22596825156250003 0.4096971046875 0.24561699843749998 0.42132774531250006 0.2538302296875 0.442413309375 0.25567175937500003 0.4470801203125 0.2577045734375 0.4576741828125 0.28784529999999997 0.468571496875 0.2918927078125 0.4726505453125 0.2772349078125 0.477499309375 0.2636117296875 0.485354153125 0.2603894453125 0.4978515484375 0.2612874390625 0.507197303125 0.2643093328125 0.5134399359375 0.265280196875 0.5212583890625 0.265189109375 0.5384347265625 0.2670761828125 0.55016240625 0.26693955156250004 0.556405040625 0.267910415625 0.5642113640625 0.2688630609375 0.5758056125000001 0.28020748906250004 0.5897211375 0.2936120578125 0.596672834375 0.300836209375 0.609375 0.29042439999999997 0.609375 0.28102403125 0.606467403125 0.26523999374999996 0.5995035750000001 0.259059575 0.595618609375 0.257017653125 0.6012492171875 0.2433853671875 0.609375 0.241128184375 0.609375 0
0 0.972653740625 0.51875 0.97270984375 0.51392255625 0.9688612671874999 0.5087494359375 0.9602367078124999 0.510937096875 0.955497115625 0.5151666796875001 0.954119375 0.51875 0.972653740625 0.51875
0 0.8838584640625001 0.4909550953125 0.8868524140625 0.502399721875 0.8922768125000001 0.5065108890625 0.9016346953125 0.508489053125 0.905556053125 0.507399775 0.909489540625 0.505266765625 0.912738221875 0.49479300468750004 0.9128716546875 0.4833119453125 0.90985344375 0.47395478750000003 0.894986253125 0.47517158281249994 0.8870586265625 0.48465626406249995 0.8838584640625001 0.4909550953125
0 0.837651290625 0.4309651234375 0.843039296875 0.43820748906249996 0.848512215625 0.438143728125 0.8563064078125 0.44014010781249996 0.8595672203125 0.4286226125 0.8573187265625 0.42030007812500003 0.849560921875 0.41517250156249996 0.8409606234375 0.41527269687499996 0.83774833125 0.4226152609375 0.837651290625 0.4309651234375
0 0.7100781609375 0.3093076 0.7115448109375 0.31763924375 0.7138660859375 0.319699384375 0.7247997921875 0.32061559375000004 0.7295636453125 0.31429854687500003 0.7304910515625 0.30176464531249997 0.7289880109375 0.2965641984375 0.7164784859375001 0.2967099390625 0.7117267625 0.3019832546875 0.7100781609375 0.3093076
0 0.609375 0.37385217656249997 0.6123893984375 0.3741047734375 0.6178623156249999 0.3740410125 0.628856671875 0.369738559375 0.6289658421875 0.360344965625 0.627462803125 0.3551445203125 0.6220141453125 0.3531208140625 0.609375 0.350449028125 0.609375 0.37385217656249997
0 0.741248321875 0.3851266296875 0.7349692984375 0.38728696406249996 0.729387209375 0.3967443203125 0.723023275 0.4062107828125 0.7276536968749999 0.41137479531250004 0.7378298171875001 0.41021264999999996 0.7433997765625 0.40179902656250005 0.7474060437500001 0.393403621875 0.741248321875 0.3851266296875
0 0.747055365625 0.28904856875 0.752685975 0.2754162859375 0.74737075 0.2619115203125 0.741128115625 0.26094065781250003 0.72231530625 0.265334196875 0.71673321875 0.2747915515625 0.7205575328125 0.28205213906250004 0.7252243468749999 0.28408495 0.7384550671875 0.28914876562499997 0.747055365625 0.28904856875
0 0.775185246875 0.0883513078125 0.775136725 0.092526240625 0.77582153125 0.10086699218749999 0.7789125218749999 0.10396175625 0.7835550734375 0.108082034375 0.7905431609375 0.11217498749999999 0.7968949656250001 0.1037522546875 0.797016265625 0.093314928125 0.79485268125 0.0776862640625 0.7862887734375 0.0746552625 0.779240034375 0.075780971875 0.775185246875 0.0883513078125
0 0.764513346875 0 0.7714039343750001 0.010126009375 0.77295549375 0.011151524999999999 0.7815315328125 0.013138793749999999 0.7870287109375 0.01098756875 0.793404775 0.000477371875 0.793507603125 0 0.764513346875 0
1 1 0.51875 1 0 0.8432067484375001 0 0.8434307484375001 0.0009381484375000001 0.8401456749999999 0.014543109374999998 0.83927891875 0.0218583453125 0.8274663265625 0.029301104687500003 0.8272358546875 0.0491320265625 0.816132328125 0.062828071875 0.8143745546875 0.0795460125 0.8102955078124999 0.0942038125 0.80224658125 0.1141258203125 0.8052162718750001 0.1276579125 0.8033735859375 0.1516819796875 0.814246640625 0.1578168546875 0.814064690625 0.17347284375 0.8138099562499999 0.19539123125 0.8120643140624999 0.21106543906250003 0.8041730812499999 0.217418921875 0.800863746875 0.233111346875 0.79129965 0.2488766421875 0.788002446875 0.26352533437500003 0.7901175125 0.2833289296875 0.8064998734375 0.28626884375 0.8144517578125001 0.2746966984375 0.818360984375 0.2746511546875 0.8315067953125 0.2870211 0.8389977343750001 0.31511079375 0.8419795546875001 0.32759915156249997 0.8447430312499999 0.35887469843750003 0.846773184375 0.3859844203125 0.8627795140625001 0.42128005 0.8696705609375 0.4337228640625 0.8672037218749999 0.4441875171875 0.8522031 0.45688537343749996 0.8379964515625 0.46853039062499996 0.81123175625 0.48449607656250004 0.8032920015625 0.4950244890625 0.8456572140624999 0.48200782656249996 0.8700642406250001 0.4671132 0.896047090625 0.45115662343749996 0.8999563171875 0.4511110796875 0.9146779484374999 0.46241907343750005 0.9270176515624999 0.4768855921875 0.9410666078125001 0.47880910156249995 0.950497271875 0.474524865625 0.9614673671875 0.4723098796875 0.968382675 0.482665228125 0.9573155390625001 0.49323007499999993 0.9673218359375 0.5066801875 0.9820677265625001 0.5159007171875001 0.9857771453125 0.51875 1 0.51875
0 0.228658221875 1 0.2291770640625 0.9886339750000002 0.21926479531249998 0.9803983015625001 0.20790719218749998 0.9888817750000001 0.20718454843749998 0.99724135 0.2071524875 1 0.228658221875 1
0 0.12981219375 1 0.13028394062499998 0.9896855921875 0.1228374546875 0.9890377562499999 0.1133663296875 0.9966641484375 0.11448523906250001 1 0.12981219375 1
0 0.169760715625 1 0.17157475312499998 0.9934806359374999 0.17790825 0.9867259296875 0.17865035625 0.97669589375 0.15988282812500001 0.9769145390624999 0.15232725625000001 0.9811781421875001 0.152142825 0.9970474953124999 0.153777771875 1 0.169760715625 1
0 0.21516717812500002 0.9562277078125 0.20773784218750002 0.9496333453125001 0.1926752765625 0.9539844046875 0.1850518015625 0.96409458125 0.1779276640625 0.9850554671874999 0.18416409375 0.9866530484375 0.192345240625 0.9823821578124999 0.1998619390625 0.9814594843750001 0.21315455781249998 0.9679427531249999 0.21516717812500002 0.9562277078125
0 0.1709254328125 0.9417110640625002 0.1714248171875 0.952561740625 0.174513909375 0.95586619375 0.1782918921875 0.9619929109375001 0.187045009375 0.95405 0.1902894125 0.9439908093749999 0.190396190625 0.9348032734375 0.1847853359375 0.9331984359375 0.179780690625 0.933256740625 0.1709254328125 0.9417110640625002
0 0.033191171874999995 0.8447720796875 0.0444518703125 0.8414519921875 0.049063745312500004 0.824544371875 0.03978675625 0.8154661953125 0.029738545312499996 0.8189236687499999 0.0240015484375 0.8281768296875001 0.0225756265625 0.84322548125 0.033191171874999995 0.8447720796875
0 0.0935675765625 0.816509840625 0.0978786984375 0.8223053968749999 0.105617759375 0.8250855234374999 0.1142215328125 0.8154341140625 0.11812068125 0.802861953125 0.11005601406250001 0.7971100640625 0.0994016875 0.7989044578125 0.0961864046875 0.80645796875 0.0935675765625 0.816509840625
0 0.1234791078125 0.826182721875 0.13223729687500002 0.8260806875 0.13611698125 0.8151790265625 0.1312579390625 0.8027089015625 0.1224609234375 0.8061518624999999 0.114211825 0.8162693296875 0.11535624687499998 0.8254422531250001 0.1234791078125 0.826182721875
0 0.118087865625 0.59040115625 0.11672018437500001 0.600438515625 0.1221854359375 0.6145717828125 0.1352450375 0.6211005843749999 0.1459673609375 0.6134596140624999 0.1449103015625 0.59676961875 0.1368262703125 0.5926882203125 0.1268945875 0.5861229781249999 0.118087865625 0.59040115625
0 0.0840509859375 0.51875 0.08572785000000001 0.5222987125 0.0907228359375 0.5230756234375 0.09818129375 0.52716430625 0.098152171875 0.52967001875 0.1069686 0.5245566234375 0.10761520937499999 0.51875 0.0840509859375 0.51875
0 0.10080549218749998 0.51875 0.1007807078125 0.51878286875 0.10384067968749999 0.5245930640625 0.1098688203125 0.52656886875 0.11946087187500001 0.526081290625 0.12150083125 0.51875 0.10080549218749998 0.51875
1 0.609375 1 0.609375 0.51875 0.1670840296875 0.51875 0.1669878359375 0.527026915625 0.16989249687500002 0.546200759375 0.1728651078125 0.5595279 0.167069821875 0.57379245 0.1688980578125 0.5779467281249999 0.15620194375000002 0.593961815625 0.1539660171875 0.6248871453125 0.1413766765625 0.6317147328124999 0.13987314687500002 0.653445271875 0.145503415625 0.6533796781250001 0.144058078125 0.6700988265625 0.1546542125 0.6733158218749999 0.1557209296875 0.689170603125 0.14683655 0.7001306046875 0.1391839546875 0.7127464906250001 0.134601040625 0.7303373265624999 0.14171004843749999 0.764494228125 0.1322583359375 0.7704501578125 0.1209978015625 0.770581346875 0.1195622203125 0.78646523125 0.13394096875 0.7871328656250001 0.1414479609375 0.7870454062500001 0.1450655609375 0.7986948437500001 0.143678515625 0.81040265 0.15869254375 0.81022773125 0.1669221796875 0.8017806999999999 0.17681503437499999 0.8116868374999999 0.1767373796875 0.8183686609375 0.1754085765625 0.8250650578125001 0.1672080125 0.8310064109375 0.1701417953125 0.8476745421875 0.17821616875 0.8525911718750001 0.17857965625 0.8751350625000001 0.18021948906250002 0.8955005203124999 0.19321114374999998 0.9078758953125 0.194913190625 0.922888140625 0.20595041875 0.9419672046875001 0.2213958875 0.9584895703124999 0.23570668593750002 0.9650037984375001 0.25263626875 0.9614660859375 0.25495418281250004 0.9773062906250001 0.268081734375 0.9779884546875 0.2728340484375 0.9996460796874999 0.272534653125 1 0.609375 1
0 0.7186840968749999 0.8499605625000001 0.7100474078125 0.8531919546875001 0.7114655359375 0.8656985296874999 0.7168292828125 0.8750283624999999 0.72777511875 0.8749008421875001 0.7301449140624999 0.87278605 0.73109658125 0.8581646828124999 0.7288480875000001 0.8498421484375001 0.7186840968749999 0.8499605625000001
0 0.908769559375 0.8393972859375 0.8978115953125 0.8405685406250001 0.8930356125 0.8479293218749999 0.895199196875 0.8635579859375 0.9061086421875 0.8665616625 0.91081184375 0.8654632765624999 0.917163646875 0.857040546875 0.9157576484375 0.8434902390625 0.908769559375 0.8393972859375
0 1 0.8263252968749999 0.9964211515624999 0.831070984375 0.99223293125 0.8551223796875 1 0.857111809375 1 0.8263252968749999
0 0.7883234671875 0.777141440625 0.79450545 0.7833309671875 0.8039118546875 0.7811341984375 0.81654268125 0.7705511312500001 0.8183611046875001 0.748614528125 0.80596075 0.7393666734375 0.793402703125 0.74368734375 0.7885660703124999 0.7562667875 0.7883234671875 0.777141440625
0 0.73178909375 0.664048621875 0.730164753125 0.6692855046874999 0.7339041578125001 0.6838522171875 0.740086140625 0.6900417437499999 0.7463045125 0.693100071875 0.7517895609374999 0.691992578125 0.7557594375 0.686728371875 0.7558443484375 0.67942224375 0.7504927328125 0.669048678125 0.739619678125 0.662913803125 0.73178909375 0.664048621875
1 1 0.51875 0.6818221828125 0.51875 0.6818612578125001 0.5206146859375 0.6896797109375 0.5205235984375001 0.6863218578125 0.5403909546875 0.6954614 0.5611563046875 0.7076312828125 0.5902350796875 0.7144859375 0.6058090921875 0.7269833343750001 0.6067070859375 0.7386746234375 0.609701653125 0.745480759375 0.6294505953125 0.7459714828124999 0.6544910703125 0.7543534390625 0.6731780625 0.766778053125 0.6803384546875 0.785826853125 0.7229037765624999 0.7983485078125 0.7217143046875 0.8075365703124999 0.738304721875 0.8216097874999999 0.738140765625 0.828500834375 0.7505835796875 0.8347798578125 0.7484232453125 0.8431739453125001 0.7660665046874999 0.8555379078125 0.7784455578125 0.8673505 0.7710028 0.8806540015625 0.76980421875 0.883963334375 0.75411179375 0.894078803125 0.7581683124999999 0.9023515890624999 0.7862489 0.9188673828125001 0.777707753125 0.9384377765625 0.7753925718750001 0.9525473828125 0.772097415625 0.9594384312500001 0.78454023125 0.9728147125 0.7770792546875 0.9756631015625 0.8010486718750001 0.9921061140624999 0.7987699234375001 1 0.7942702875000001 1 0.51875