0 0.0550759671875 0.14986692968749998 0.052591662500000004 0.1528121234375 0.048656525 0.1587872578125 0.05206004843749999 0.164576971875 0.0599104859375 0.168369665625 0.0667373671875 0.1642061265625 0.070985521875 0.1558949703125 0.0669658828125 0.146905815625 0.0550759671875 0.14986692968749998
0 0.0638908453125 0.3725885375 0.0555187125 0.3726892109375 0.0376366296875 0.37358447968749997 0.0282111859375 0.389343365625 0.035226909375 0.3993654453125 0.046699465625 0.3995190234375 0.05601065468750001 0.392410290625 0.0637765890625 0.38123869374999997 0.0638908453125 0.3725885375
0 0.146871496875 0.22116021875 0.1556510703125 0.225816334375 0.1652653578125 0.224243065625 0.17178913906249998 0.21454406406249998 0.1725195140625 0.20909334999999998 0.1670490421875 0.20313413749999998 0.15599384375 0.1998658671875 0.1435822328125 0.20672034843749998 0.1443026890625 0.20914111875 0.143467975 0.2153705046875 0.146871496875 0.22116021875
0 0.1909828015625 0.1570758203125 0.19358136406249998 0.145480471875 0.19017784375 0.139690759375 0.1801561171875 0.1365072375 0.16206535625000001 0.1389598546875 0.159372371875 0.1434623921875 0.16037609218749999 0.167161590625 0.1710139328125 0.17354455468750002 0.178874290625 0.169465765625 0.1909828015625 0.1570758203125
0 0.261025384375 0.102202984375 0.25853115937500004 0.113019659375 0.2647220890625 0.12139964218749999 0.277446715625 0.11220914062500001 0.27796841250000004 0.108315775 0.2741574515625 0.097769271875 0.261025384375 0.102202984375
1 1 0.41875 1 0 0.6847330703125001 0 0.6663218890625 0.011905451562499999 0.6523352734375 0.038311515625 0.63991374375 0.053037478125 0.637826959375 0.06861094375 0.630990159375 0.08064596562500001 0.607399171875 0.100753815625 0.592210075 0.0971465453125 0.5890625 0.0956835703125 0.5890625 0.11893085625 0.595489421875 0.11945789531249999 0.5890625 0.12126102187500001 0.5890625 0.145702525 0.5941131765625001 0.1453236140625 0.5921307296875 0.1601184046875 0.5890625 0.183016290625 0.5890625 0.2557987234375 0.5913757546875 0.2671197171875 0.5890625 0.2843833015625 0.5890625 0.300983971875 0.5980288687499999 0.3188352296875 0.5965681203125001 0.3297366546875 0.6087512171875 0.340182484375 0.6166960734375 0.3510679875 0.6280444546874999 0.3677432015625 0.6208101359375 0.367149953125 0.605402440625 0.3729715109375 0.60869170625 0.3874113796875 0.6280147 0.39135765 0.6348316625 0.39506559375 0.649613321875 0.39391607500000003 0.674426625 0.38807859375 0.6767966734375 0.39378355625 0.681735528125 0.41150761718749995 0.6847993406249999 0.41875 1 0.41875
0 0 0.9445743953125 0.0026969140625 0.945055628125 0.009628134375 0.9401134156250001 0.0178015078125 0.9336986078125001 0.0215279671875 0.9292808171875 0.016474853125 0.9202069125000001 0.006140109375 0.9193594109374998 0 0.9221168093750001 0 0.9445743953125
0 0.0463662609375 0.9856365234375 0.0558762078125 0.9848419281249999 0.06611652968750001 0.9785966187499999 0.06220123125 0.9688287890625 0.055279926562500005 0.96589951875 0.043807370312499996 0.9657459421875 0.041323065625 0.9686911343750001 0.042858400000000005 0.9806254843750001 0.0463662609375 0.9856365234375
0 0.5890625 1 0.5890625 0.98841715625 0.5882694171875 0.9883521203125 0.582371671875 0.99337908125 0.5814844921875 1 0.5890625 1
1 0.1551206953125 0.41875 0.1470242890625 0.42157507499999997 0.1144549703125 0.430712671875 0.08518483437499999 0.4464186546875 0.05497564687499999 0.46913269843750005 0.024150340625 0.48864729687499997 0.001478571875 0.517490053125 0 0.5188360203125 0 0.8952390031250002 0.0051363890625 0.8956602124999999 0.017036221875 0.8848276140625 0.021984996875000003 0.8946801953125 0.02889638125 0.9054809468750001 0.0456208109375 0.9210225671875001 0.040026165625 0.9315849921874999 0.0218112296875 0.9505592453125 0.007322753125 0.9651157093750001 0 0.9773589968749998 0 1 0.00865084375 1 0.0315945203125 0.9789145593749999 0.045988578125 0.9572652859375002 0.0578884078125 0.9464326875000001 0.0733706875 0.9634469031249999 0.0966089828125 0.9771610031249999 0.1194398375 0.986118315625 0.13287500624999998 0.9872200640625 0.145266778125 0.9961085484375001 0.153709071875 1 0.165564290625 1 0.169150946875 0.9894076437500001 0.182481771875 0.9912880671875002 0.1784915875 1 0.5457218421875 1 0.5471192859375 0.9991477343749999 0.5608674703125 0.997913465625 0.566357778125 0.9881297140624999 0.57908240625 0.9789392124999999 0.5890625 0.9728526109375 0.5890625 0.45066503437499994 0.58822340625 0.4506705375 0.5746938187499999 0.44247597812499995 0.28537023437500003 0.41875 0.1551206953125 0.41875
1 1 0.41875 0.826588978125 0.41875 0.8249173609374999 0.4209896640625 0.8124958328125 0.4357156296875 0.7977887578124999 0.4597009234375 0.8006705859375 0.4693840015625 0.790942040625 0.4796074265625 0.7791465484375 0.4896613515625 0.77137069375 0.5087044328125 0.7494491359375 0.5163535109375 0.7483212421875 0.5091759515625001 0.744301603125 0.5001867953125 0.7217738453125 0.4967649484375 0.717515771875 0.5129475859375 0.7299075453125 0.52183606875 0.7379567437500001 0.531942896875 0.7472381765625 0.5484486140625 0.7476356953125001 0.5610768859374999 0.746686725 0.5759564265625 0.7450073765624999 0.59628668125 0.74549931875 0.6160077625 0.7421803 0.6251823421875 0.73121951875 0.6290068812499999 0.7033057953124999 0.6345901125 0.7035989765624999 0.6479970578125 0.7415344265625 0.645597346875 0.741514590625 0.6613403109375 0.7409730578125 0.68097664375 0.7533648312500001 0.6898651265625 0.7413507421875 0.70934788125 0.7664572234375 0.7169173453125 0.7564156625 0.7294767890625 0.7720221171875 0.7299693656249999 0.762189234375 0.7409714656249999 0.769309296875 0.7502148703125 0.7836636796875001 0.7600515265625 0.782819046875 0.774152396875 0.7993447171875 0.7833798796875 0.8232090484375 0.7924219390625 0.82289603125 0.7947579593749999 0.8178131624999999 0.8092985 0.82668715625 0.8210474265624998 0.83318118125 0.8349628718750001 0.8293404671874999 0.8480308171875001 0.8197063421875 0.865347053125 0.81400735625 0.87668815 0.806961878125 0.89028051875 0.7982568890625 0.9084601765624999 0.8099381250000001 0.9070564062500001 0.8191449734375 0.9007263484374999 0.8290821953125 0.888945578125 0.838090284375 0.8763013812499999 0.8479231671875 0.8652992843749999 0.862799246875 0.8712425734375 0.8722992765625 0.878319459375 0.8838662546875 0.8855658468750001 0.8959450078125 0.8967903500000001 0.9116458859375 0.9043757375 0.936961046875 0.9103878546875 0.9614514125 0.914757875 0.962683646875 0.9211567609374999 0.9633842671874999 0.939320496875 0.9570592453125 0.9553336343750001 0.9607757859374999 0.9587873281250001 0.9744295484375 0.9504602484374999 0.990036003125 0.9509528265625 1 0.9473724359375 1 0.41875
0 1 1 1 0.9775617343749999 0.9905180265624999 0.978545390625 0.9826576703125 0.9826241796874999 0.9813012593749999 0.9927469328124999 0.9836751187499999 1 1 1
0 0.8954991812499999 1 0.8957117328124999 0.9998982953125001 0.914731628125 0.998309103125 0.9218715265625 0.9918095453125 0.9250862062499999 0.9834136390625 0.9149601437499999 0.9810087921874999 0.896973721875 0.9826827343750001 0.8840404140625001 0.9934305828125 0.8703965703125001 0.9938861781250001 0.8665657734375 0.9990826406250001 0.865332465625 1 0.8954991812499999 1
0 0.8720707593749999 0.8956197718750001 0.8704310875000001 0.8844640953125001 0.8618601937499999 0.8782506328124999 0.8482163484375 0.878706228125 0.843958275 0.8948888671875 0.8484996109375 0.89998465625 0.8615174203125001 0.9042011015625 0.8720707593749999 0.8956197718750001
0 0.808869740625 0.8526499515625 0.8193187406250001 0.844847296875 0.82522640625 0.8319488515625 0.816133815625 0.8296287546875 0.799086446875 0.8242946374999999 0.7901826984375 0.8361601593749999 0.794306678125 0.8443706421874999 0.7967810656250001 0.8492969312499999 0.8047358421874999 0.852310953125 0.808869740625 0.8526499515625
0 0.6171652109375 0.8329930749999999 0.6201612953125 0.834026 0.6303916984375 0.8356521734375001 0.6369055640625 0.8338246546875 0.6389824296875 0.8261226718749999 0.635067128125 0.8163548421875 0.6224567578125 0.8168951890624999 0.6156298765625 0.8210587281249999 0.6146908234375 0.8280667874999998 0.6171652109375 0.8329930749999999
0 0.7602813734375 0.7786020312499999 0.764206590625 0.780498378125 0.7747500125 0.77978853125 0.777139896875 0.7697505296875 0.7780789515625 0.7627424703125 0.7651654812500001 0.757747353125 0.7591633953125 0.7635529890624999 0.7562617328125001 0.769612875 0.7602813734375 0.7786020312499999
0 0.72384634375 0.7386143859375001 0.7248699000000001 0.7465706171875001 0.7320943015625 0.7550353515625 0.74335818125 0.756746275 0.7457381468750001 0.7545797562500001 0.751844571875 0.747995446875 0.7548406562500001 0.7490283703125 0.7526892046875 0.733894578125 0.7450474453125 0.7285445390625 0.726539328125 0.7341118468750001 0.72384634375 0.7386143859375001
0 0.6629903796875001 0.6391563437500001 0.6737325609375 0.6447606328125 0.687585084375 0.642747690625 0.69027806875 0.6382451515625001 0.694421884375 0.63071266875 0.6898805484375 0.6256168796875 0.673449296875 0.6234822046875 0.6623841796875001 0.6280854171875 0.6589707390624999 0.6301671875 0.6629903796875001 0.6391563437500001
0 0.69971819375 0.528807146875 0.692568375 0.5431781875 0.6976214890625 0.55225209375 0.707946315625 0.5609710765625 0.711975871875 0.56208875 0.7171531625 0.5546410171875 0.725222196875 0.5490048828124999 0.7281337765625 0.5350735140625 0.72442715625 0.5237483390625 0.7113050078125001 0.52031056875 0.69971819375 0.528807146875