1 0.559375 0.1796875 0.559375 0 0.054908059375 0 0.048458340625 0.0200204734375 0.0580508453125 0.026373090625 0.0549651421875 0.057413890625 0.072068940625 0.059409371875000005 0.060637050000000005 0.08738304218750001 0.0526689234375 0.10424720000000001 0.057859918749999996 0.1153197625 0.049788934374999996 0.1332186125 0.0307762671875 0.1425140546875 0.033852678125 0.16694692656250001 0.048990157812500004 0.172899775 0.050309209375 0.1796875 0.559375 0.1796875
0 0.8481563 0.13834564062500002 0.8566053421875001 0.140378075 0.8669632546875 0.1311195875 0.8667455015625001 0.11748716562499999 0.8537346453125 0.113875815625 0.846692228125 0.12142773281250001 0.8400158296875 0.13320912499999998 0.8481563 0.13834564062500002
0 0.619472478125 0.09701163125 0.6093777265625 0.111534290625 0.6282995765624999 0.11897534843749999 0.6460659234375 0.10639442187499999 0.6588590265625001 0.09637335 0.673104165625 0.08756838125000001 0.674235590625 0.07618675312499999 0.645218990625 0.0832683515625 0.619472478125 0.09701163125
0 0.872617628125 0.0030359734374999997 0.8618936984375001 0.0080649859375 0.8567147437500001 0.012694228125000002 0.8458879578125 0.0187579328125 0.8440244968750001 0.02168060625 0.8504618109375001 0.0360386578125 0.8678287687499999 0.043298309374999996 0.881045340625 0.0448402734375 0.8837316546875 0.033640053125 0.8773971968750001 0.018247309375 0.873143953125 0.013564315625 0.872617628125 0.0030359734374999997
0 0.40587043125 0.9514403359374999 0.4181372125 0.9308909234375001 0.42501932499999995 0.9170401421874999 0.4146493734375 0.9105968234375 0.40077025468749994 0.92363126875 0.3953281359375 0.9229963421875 0.40587043125 0.9514403359374999
0 0.39706191562500004 0.8185292703125 0.39701650625 0.8268975203124999 0.399143128125 0.8292390171874999 0.4051115703125 0.8404022843749999 0.4150580546875 0.8352825703125 0.416189478125 0.82390094375 0.4145771390625 0.816385978125 0.40711125781249996 0.8123748609374999 0.399028234375 0.8145719046875 0.39706191562500004 0.8185292703125
0 0.48168581406250005 0.7425733812499999 0.4799826578125 0.75179491875 0.481434690625 0.7530110203125 0.49387381562500005 0.754462278125 0.5029399984375 0.7502865515625 0.506300903125 0.7402117328125 0.5029279609375 0.7345847453125 0.4893453703125 0.72881330625 0.4839607015625 0.7355119359375 0.48168581406250005 0.7425733812499999
0 0.40843086093750003 0.64087108125 0.4066248484375 0.651127309375 0.41087809374999995 0.65581030625 0.419121421875 0.6599121265625 0.4328522765625 0.6562806250000001 0.43543573437500005 0.6461150984375 0.436567159375 0.634733471875 0.42852954375 0.6285622625 0.4201379515625 0.6338633859375 0.40843086093750003 0.64087108125
0 0.2843667609375 0.5123070578125001 0.29379896250000004 0.5123608093750001 0.30114995 0.5017048140625 0.30746033125 0.48569394218749995 0.30419024375000003 0.4790322625 0.29315774375000003 0.48716535468750005 0.284515028125 0.502904115625 0.2843667609375 0.5123070578125001
0 0.2555985375 0.43777554062499996 0.25166590312500003 0.44569027343749995 0.253175384375 0.45423992968750004 0.25654832656250004 0.45986691718750006 0.260332696875 0.461355128125 0.2674325609375 0.46113676875 0.2784650609375 0.4530036781250001 0.27959648593750003 0.44162204843749997 0.27554895468749996 0.43486966562500007 0.2664253234375 0.43171183593749995 0.26476757812499996 0.432565121875 0.2555985375 0.43777554062499996
0 0.0764348796875 0.49956149375000003 0.08715880937500001 0.49453248125 0.08446045468749999 0.4900308953125 0.0923831734375 0.4815349875 0.077566303125 0.4881798671875 0.067459515625 0.48700071875000006 0.053671212499999996 0.483298665625 0.038282609375 0.48778345468750006 0.0375172046875 0.5033945578125 0.0398495390625 0.5036666703125 0.052288665624999994 0.505117928125 0.0631729 0.50638778125 0.0764348796875 0.49956149375000003
0 0.341417853125 0.23112243125000004 0.33327738125 0.2259859171875 0.3212042734375 0.22876413437499998 0.31696306875 0.2397829453125 0.3181639796875 0.2514366828125 0.32661302187499996 0.25346911875 0.334387475 0.25437615625 0.3378058265625 0.251634890625 0.3437047796875 0.2397627921875 0.341417853125 0.23112243125000004
0 0.3882145359375 0.5673373046875 0.3751582703125 0.572094203125 0.37563918281249997 0.5909907953125 0.3851288328125 0.5983781031250001 0.3914512515625 0.598069040625 0.3961613328125 0.5902450109374999 0.39262808437499996 0.5783191625 0.3882145359375 0.5673373046875
1 0.559375 0.1796875 0.41247740781250003 0.1796875 0.413054971875 0.1829588078125 0.39706126875000003 0.209353565625 0.3806440984375 0.22418528593750003 0.3801418546875 0.2450605609375 0.3823713328125 0.246367365625 0.362124384375 0.268079128125 0.36223927968749997 0.282746240625 0.36298335625 0.3069070015625 0.37578849999999997 0.3125877390625 0.3748173796875 0.330268228125 0.375870025 0.35132491093749996 0.3790947015625 0.3663548390625 0.353850434375 0.35922284375 0.3550059359375 0.37924483281250004 0.344030884375 0.39471148125 0.328950853125 0.3960921890625 0.3198967078125 0.4159697234375 0.31213429375 0.43076449375000003 0.338304275 0.42858425 0.348057084375 0.44123572812499995 0.31299326562499996 0.4695923671875001 0.3130053046875 0.48529417656249996 0.3370940703125 0.4724041843749999 0.37658347812500004 0.4707312109375 0.384255075 0.472672940625 0.38538924531249996 0.5324667937500001 0.3969721484375 0.5662656578125 0.40310089375 0.5837277890625 0.3883989171875 0.60503978125 0.37067798125 0.6092524609375001 0.3647790265625 0.6211245562500001 0.33426498437499996 0.6353583078125 0.34033628125000004 0.6454868796875 0.3695585953125 0.63633589375 0.39515684375000004 0.631995559375 0.416604703125 0.6219375375 0.4270200625 0.6200126046875 0.4478053734375 0.6245309921875 0.460873678125 0.6354759 0.4743534109375 0.642282034375 0.46333294843750006 0.666116934375 0.4719997421875 0.6817817890625 0.46859343124999997 0.7002248609375 0.4834223390625 0.7092817890625 0.48600579843749997 0.6991162625 0.5052362171875 0.7034532421875 0.508872321875 0.7143443984375 0.5223066453125 0.7295187828125 0.5367574984375 0.7186444265625 0.559375 0.7424421828125001 0.559375 0.1796875
0 0.9062832328124999 1 0.9122721765625 0.9827044546874999 0.9131192328125 0.9741834515625001 0.9095140859375 0.9639116093750001 0.8999512265625 0.976341365625 0.8922176468749999 0.98898454375 0.8892941125 1 0.9062832328124999 1
0 0.910614090625 0.8876928890624999 0.9159809328125 0.8895504375 0.9230560484375001 0.8928386906250001 0.9264584359375 0.8772273921875 0.915536159375 0.866101865625 0.9079770109374999 0.86768275625 0.902556746875 0.8756702109375001 0.9070765328124999 0.8860487593750002 0.910614090625 0.8876928890624999
0 1 0.7441426828125 0.9958044640625001 0.7474006546874999 0.99086823125 0.7505189640625 0.99295369375 0.7667705234375 0.9988721546875 0.7723866421875 1 0.7725182265625 1 0.7441426828125
0 0.9629700484375 0.7053963703125 0.9609521703125001 0.6977725203125 0.9502184906250001 0.694057425 0.9394313828125 0.7001873296875 0.9384633203125 0.70992561875 0.9432251203125 0.7178696 0.9500582218750001 0.7235924265625 0.9576173718749998 0.7220115375 0.9629700484375 0.7053963703125
0 0.757034059375 0.4966594125 0.7541691265624999 0.49755656875 0.764297771875 0.507358096875 0.7725295437499999 0.5083184890625001 0.7808147421875 0.49943387812500006 0.778366253125 0.4868341765625 0.7654402640625 0.48655751875000003 0.757034059375 0.4966594125
0 0.729527228125 0.4848303890625 0.7276445218750001 0.49446197187499996 0.7568454671875 0.4892489875 0.7695828625 0.48211521562500004 0.7752451421875 0.47169319062500004 0.7674974000000001 0.465863653125 0.7490301390624999 0.474791734375 0.729527228125 0.4848303890625
0 0.721191840625 0.5872958578125 0.6995500453125001 0.5909279546875 0.698770575 0.6080766734374999 0.7097462734375 0.6093571953125 0.72255125625 0.6108511390625 0.72833454375 0.599211828125 0.721191840625 0.5872958578125
0 0.8371311671875 0.47275634531250005 0.8337680375 0.4600499328125 0.797007946875 0.466843809375 0.7920182921875 0.479807115625 0.8058589234374999 0.480190484375 0.8371311671875 0.47275634531250005
0 0.852115325 0.1796875 0.847826825 0.188318434375 0.8455810984374998 0.20160187343749997 0.8536384421874998 0.213624553125 0.861870215625 0.2145849453125 0.8703440046875001 0.21311076718750002 0.8783871859375001 0.20666073125 0.8880710546875001 0.1930136875 0.883015884375 0.1796875 0.852115325 0.1796875
0 0.895970128125 0.6347779499999999 0.9075508687500001 0.6299720390625 0.9094869953125 0.6104954593749999 0.8923508203124999 0.6060333921875001 0.8873611671875 0.6189967015625 0.895970128125 0.6347779499999999