0 0.35737280625 0.22505834062500002 0.362758496875 0.2218103015625 0.36411750781249996 0.21631423593750002 0.3614043765625 0.209351834375 0.3480562546875 0.20654044843750002 0.340770884375 0.206710259375 0.33719394999999996 0.2145999 0.3389572390625 0.2200231890625 0.34596983125 0.2245435 0.35737280625 0.22505834062500002
0 0.24128595625 0.130185775 0.24345841875000002 0.128573884375 0.2458581953125 0.1230535609375 0.24730813281250003 0.11599412499999999 0.2359960828125 0.113915909375 0.2225115734375 0.113449584375 0.21825757656250003 0.1151099921875 0.219975403125 0.12131496718749998 0.22382023125 0.1266897390625 0.24128595625 0.130185775
0 0.9747399046874999 0.321371559375 0.9599873109375 0.324837925 0.9546470859374999 0.327304278125 0.9466343015625001 0.33998107499999997 0.9514744296875 0.3461132734375 0.959618715625 0.3490459515625 0.9666313046875 0.3535662609375 0.9792569015625 0.3509300984375 0.9893057578125 0.3389864703125 0.9906193046875 0.3342720921875 0.9909830124999999 0.3280186 0.9850111874999999 0.3234740328125 0.9747399046874999 0.321371559375
0 0.9504595671875 0.41717397656250005 0.9560725734375 0.4100175046875 0.9553045874999999 0.40535164375 0.9554409765624999 0.40300658437500003 0.9401022484375 0.39868034375 0.9325895609374999 0.40275858593749997 0.9312305515624999 0.4082546515625 0.9305940640625 0.41919826406249994 0.9450738781249999 0.420422015625 0.9504595671875 0.41717397656250005
0 0.95670125625 0.09541020781250001 0.9473798140625 0.09484685000000001 0.9346178281250002 0.09982807187500001 0.9311318203125001 0.1061543390625 0.9365580828125001 0.12007914687500001 0.954251128125 0.11966675 0.9597732062500001 0.1140736515625 0.9600005218749998 0.11016521875 0.9594143890625 0.10237261093750001 0.959505315625 0.10080923906249999 0.95670125625 0.09541020781250001
0 0.9167675718750001 0.1401641421875 0.9183539 0.1307596453125 0.914690928125 0.122258128125 0.900302040625 0.119471003125 0.8917031218750001 0.124355190625 0.8930572437500001 0.136813659375 0.9030102828125 0.1443879375 0.9167675718750001 0.1401641421875
1 0.3796875 0 0.3796875 0.509375 0.39292229375 0.509375 0.3933457046875 0.508330134375 0.392805034375 0.49975584062499995 0.402217403125 0.49875582500000004 0.4053964328125 0.509375 0.44735683125000003 0.509375 0.44846090624999996 0.5078261140625 0.4540284484375 0.501451328125 0.47918871718750006 0.4977423765625 0.4897782421875 0.49437304375 0.4901874125 0.4873378640625 0.512993365625 0.488367546875 0.5263414859375001 0.49117893281249997 0.5492383656250001 0.49064524374999996 0.569417225 0.5011036828125001 0.5882419624999999 0.499103653125 0.603944396875 0.497176403125 0.611371046875 0.47670699843750003 0.621465365625 0.4639816859375 0.6432809046875001 0.446299409375 0.667900503125 0.4340161625 0.6683551359375001 0.426199296875 0.6960515703125 0.4146249609375 0.715649184375 0.3993362609375 0.7437499015625 0.398681278125 0.757416265625 0.39602085625 0.7789541343749999 0.40098323125 0.7978697984374999 0.39741983125 0.796970309375 0.377144496875 0.787830721875 0.37345439062499997 0.7882398921875 0.3664192125 0.7965660296875 0.3662251421875 0.8203721765624999 0.350057721875 0.8565262515625001 0.353898790625 0.8723650765625 0.349626478125 0.8726882078125 0.3262001390625 0.840651740625 0.3230437234375 0.869252553125 0.3137901890625 0.8689846640625 0.300525775 0.8568136984375 0.29534507187500003 0.868085175 0.2802504421875 0.8860104249999999 0.2579750796875 0.8752439359374999 0.246516625 0.8680949531250001 0.244341375 0.8759258859374999 0.23479132656249999 0.897286790625 0.224925915625 0.8900972359375 0.20557781875 0.8864797265625001 0.19629461406249998 0.876708540625 0.1855935890625 0.8867573953125 0.1736499625 0.88042675625 0.1574043546875 0.8780318687499999 0.14497014531250002 0.884958421875 0.1330992953125 0.87564186875 0.11458140312500001 0.8688614843749999 0.088198128125 0.857554325 0.06816538125 0.8487329796874998 0.059003468749999996 0.837658025 0.017107754687499997 0.8176754625000001 0 0.3796875 0
0 0.067546146875 0.7425721734375 0.0570475484375 0.7443781328125001 0.055233903125 0.7576910640625 0.056815339062500005 0.7662410984375001 0.053506295312499993 0.7873951531250001 0.069789975 0.811215040625 0.0819154765625 0.81717743125 0.07875259999999999 0.8000773609374999 0.07957094218750001 0.786007003125 0.0937374015625 0.7747480281250001 0.091478903125 0.759968759375 0.0801213890625 0.7586722296875 0.075463115625 0.749413284375 0.067546146875 0.7425721734375
0 0.117744959375 0.683635728125 0.11507240156250001 0.6938461734375 0.161210309375 0.7583434328124999 0.127157328125 0.682635715625 0.117744959375 0.683635728125
0 0.7703580421874999 0.71872996875 0.7613548437500001 0.7126948046875 0.7477794078125 0.7137918515624999 0.742030009375 0.723293384375 0.7531602078125 0.7284983453125 0.7612135640625001 0.7329943968749999 0.76745816875 0.73284884375 0.7740664781250001 0.7264497999999999 0.7703580421874999 0.71872996875
0 0.7205845234374999 0.8775767453124999 0.7238886796875 0.8743772218749999 0.7208621953125001 0.8549320921875001 0.7154408203125 0.823052753125 0.700824615625 0.824174059375 0.7028509078124999 0.8608162953124999 0.70212349375 0.8733232812499999 0.706059246875 0.8771346796875001 0.7205845234374999 0.8775767453124999
0 0.6441929984375 0.7435282265625001 0.646901240625 0.7684451625 0.6536053671875 0.7425282125 0.6654175140625 0.736007875 0.6675494015625001 0.7172231390625 0.6598142875 0.7072552812499999 0.6472341531250001 0.709109759375 0.641257440625 0.722519721875 0.635007946875 0.7406198078124999 0.6441929984375 0.7435282265625001
0 0.8223020453124998 0.8978440531249999 0.8297692703124999 0.894547496875 0.8373728843750001 0.88890588125 0.8349325328125001 0.87725335625 0.81253575 0.86918849375 0.8019462234375 0.8725578265625 0.7931654531250001 0.8805687609374999 0.7957421953125 0.8898762250000001 0.8067360000000001 0.8974262453125 0.8223020453124998 0.8978440531249999