0 0.5 0.40662755781250004 0.497320959375 0.4062794296875 0.491123515625 0.41066198125 0.489957590625 0.4141102265625 0.492497640625 0.423333796875 0.49800455 0.4279667671875 0.5 0.42739056093750005 0.5 0.40662755781250004
0 0.149552834375 0.0499220109375 0.1558578484375 0.0382480609375 0.1495042546875 0.030540565625 0.1392295453125 0.031640545312500004 0.1362106359375 0.0322011296875 0.1305406328125 0.0461809734375 0.1283684046875 0.0498160796875 0.12158452812500001 0.0712741859375 0.12200786875 0.07281144687499999 0.12248326093749999 0.07837872343749999 0.138636171875 0.079418959375 0.1412352109375 0.061969684375 0.149552834375 0.0499220109375
0 0.189693921875 0.2993918625 0.20584683125 0.3004320984375 0.2149070359375 0.28339891875 0.2097193671875 0.272243178125 0.198226684375 0.27276139062500004 0.1887951875 0.292287325 0.189693921875 0.2993918625
0 0.09335595468749999 0.3067777515625 0.10728458593750001 0.3074230796875 0.11708390312500001 0.300755821875 0.11454385468749999 0.2915322515625 0.11031044062499999 0.2761596359375 0.10300259375000001 0.27266901875 0.09230454375 0.27223173749999996 0.0833519109375 0.28197351875 0.086790690625 0.2983016265625 0.09335595468749999 0.3067777515625
0 0.1247109921875 0.2977236703125 0.11623722031249999 0.2976812984375 0.105060309375 0.3070281703125 0.10654200312499999 0.3124085859375 0.11363817812499999 0.3151305734375 0.126720128125 0.312701378125 0.12884030468750002 0.30503625625 0.1247109921875 0.2977236703125
1 0 0.71875 0.5 0.71875 0.5 0.6897202203125 0.4960405 0.6820234046875 0.491595415625 0.66588215625 0.4868831375 0.6602936953125 0.4783607890625 0.6408698765625 0.47031383125000004 0.6270133359375001 0.46072965625 0.61909779375 0.4582416578125 0.6139042406249999 0.4529498890625 0.59468846875 0.4568189546875 0.5818509781250001 0.4493549578125 0.566270315625 0.4472382515625 0.5585840078125 0.43685944374999996 0.5516239578125 0.4305579 0.5479464796875 0.4358045609375 0.5324293734375 0.453761878125 0.516975825 0.4444969453125 0.502537515625 0.42664719843750004 0.5106996625 0.42881595624999996 0.5224159875 0.41986332187500003 0.53215776875 0.40948451406249997 0.5251977171875 0.4072637078125 0.509451378125 0.390264115625 0.5053366203125 0.3889420421875 0.49669481875 0.3695065 0.4914165203125 0.3629377640625 0.498291825 0.3413299953125 0.4966486328125 0.3346606328125 0.480112478125 0.34827349375 0.47192914531249996 0.34668769843749997 0.4584886984375 0.33175276249999996 0.45803023125 0.30272610312500003 0.4755392515625 0.31151911718749997 0.46905885312500006 0.30124788125 0.45480740624999993 0.2808025640625 0.465067396875 0.26332758125 0.45538536093750004 0.261426015625 0.433116253125 0.24288920625000002 0.43494249218750003 0.1908841265625 0.422785075 0.1688530140625 0.4196046203125 0.1607505359375 0.41706949375 0.1490496515625 0.4014676453125 0.1555142890625 0.386532309375 0.1392017578125 0.3887534578125 0.110973203125 0.38995555625 0.1004902953125 0.374935475 0.082376828125 0.3782989765625 0.0749058890625 0.3934211734375 0.052080145312500006 0.3911962109375 0.049692775 0.4094141171875 0.029674271875 0.40585994062499997 0.0008592843750000001 0.4241375921875 0 0.42390995625 0 0.71875
0 0.20693989531249998 0.1507609515625 0.2274893125 0.14856098906249998 0.23411009843750002 0.1457157 0.2357548859375 0.13248330156250002 0.232420203125 0.124215221875 0.21812028125 0.126062646875 0.21080896249999997 0.13792346093750002 0.20693989531249998 0.1507609515625
0 0.7391168875 0.282208053125 0.7338181765625 0.29369514375 0.736358225 0.3029187125 0.744831996875 0.302961084375 0.752882428125 0.3014661953125 0.7659123265625001 0.295006984375 0.7587640999999999 0.2882549828125 0.7544751656249999 0.28420378125 0.748173621875 0.2805263015625 0.7391168875 0.282208053125
0 0.662665575 0.173598059375 0.6591157515624999 0.17991278125000001 0.6612845078125 0.1916291046875 0.6679538703125 0.20816526093749999 0.675050046875 0.2108872484375 0.6880278953125 0.20039802187500003 0.684852834375 0.18886856093749999 0.6790301546874999 0.175406928125 0.6716702578125 0.16788629375 0.6660557765624999 0.170544721875 0.662665575 0.173598059375
0 0.62377019375 0.270501475 0.6205881890625 0.289674871875 0.6281597578125 0.2979641359375 0.6460095031249999 0.2898019890625 0.6428864921875 0.2823025421875 0.6329865453125001 0.2655583390625 0.62377019375 0.270501475
0 0.6258244359375 0.3202120578125 0.6288953968750001 0.3236814890625 0.6434069921875001 0.32260269531249997 0.6542126109375 0.31574857500000003 0.65728704375 0.303866578125 0.6499271484375 0.29634594375 0.6410300328125 0.2947663109375 0.6328199828125001 0.299522584375 0.6268862625 0.30870378125000003 0.6258244359375 0.3202120578125
1 0.5 0.71875 1 0.71875 1 0.6139503234375 0.9970186234374999 0.6003131640625 0.993524321875 0.5953064718750001 0.990772603125 0.5853142703125 0.990512353125 0.56516419375 0.9727215984375001 0.5466534953125 0.980508309375 0.5403599609375 0.9844294234375 0.5315524859375 0.9914214984375 0.5262144421875 0.9880347687499998 0.5139163484375 0.9815215546874999 0.5094702390625 0.96536864375 0.5084300015625 0.9499027984375001 0.5137256734375 0.938358065625 0.5102138703125 0.925595359375 0.5061202953125 0.915108978125 0.506451646875 0.8910132109375001 0.4996148984375 0.8714735687499999 0.48627657031249993 0.887258659375 0.4744581296875 0.8820709921875001 0.463302390625 0.8614695234375 0.4614723359375 0.8534711453125 0.46699724062500003 0.8366797531250001 0.4790025421875 0.8226470203125 0.470297184375 0.8088224890625 0.4777118859375 0.78949451875 0.46514218749999997 0.7869024203125 0.451888603125 0.7685252328125 0.45045345625 0.738339590625 0.44070786249999994 0.7273778203125 0.4354719359375 0.6992047875 0.42535261875 0.6809317 0.43197750468749996 0.6656775234375 0.43804180625000005 0.667322309375 0.4248094078125 0.6574744156250001 0.4120952203125 0.65133249375 0.40515635625 0.64174831875 0.3972408140625 0.6263900421875 0.39524508593749996 0.6027661921874999 0.4093270453125 0.5835388515625001 0.42016880937499995 0.56616796875 0.41854680312500003 0.559654753125 0.4141006921875 0.547579109375 0.4163430265625 0.5419091078125 0.4303228703125 0.537141309375 0.43605582343749993 0.52083225 0.422925540625 0.5 0.4349941484375 0.5 0.71875
0 0.0428181 0.719202153125 0.0357760140625 0.725262365625 0.0365843203125 0.7327163765625 0.03901333125 0.7370178968750001 0.05440385625000001 0.7341600203125 0.0585188859375 0.721989740625 0.0428181 0.719202153125
1 0.073235484375 0.71875 0.0687370515625 0.7229438640625 0.07321949062500001 0.73922075 0.075709734375 0.7482634671875 0.080253409375 0.7692815484375 0.0655487203125 0.7701110453125 0.05196259843749999 0.7840400187500001 0.0320243125 0.7839403171875 0.02909316875 0.7958907609375 0.0231696546875 0.81505045 0.007093289062499999 0.81993670625 0 0.825669790625 0 0.9568571796875001 0.011880959375 1 0.5 1 0.5 0.76389064375 0.4912335625 0.7614033234375001 0.4809541609375 0.75570800625 0.4529164546875 0.7533102421875 0.4379627421875 0.7532354671875 0.4139135125 0.747245540625 0.41279494375 0.734146065625 0.39086446406249997 0.7268121921875 0.3571563515625 0.7264178828125 0.33335614687500004 0.721332228125 0.3037589796875 0.7268281437499999 0.2779624953125 0.7325688234375 0.2569015578125 0.7374301546875001 0.2428214703125 0.731490078125 0.2351588671875 0.726259359375 0.21858444999999999 0.7293370734375 0.199642265625 0.732854459375 0.18630925 0.729627196875 0.1744091484375 0.7270843703125001 0.1586430421875 0.7376160921875 0.1550260609375 0.7515949140625 0.130413465625 0.7571157562499999 0.125367659375 0.7523496375 0.1131572984375 0.74416134375 0.11515357500000001 0.733335009375 0.1183337390625 0.7222888390625 0.11651324375000001 0.71875 0.073235484375 0.71875
1 1 0.71875 0.5 0.71875 0.5 1 0.986142678125 1 0.9965477078125 0.984444028125 1 0.9799438 1 0.71875