0 0.356413234375 0.20377432031249998 0.34641192656249997 0.20764021875 0.35174238125 0.21748751406250003 0.358766225 0.2214959328125 0.3635750828125 0.2163969234375 0.3684658046875 0.210537225 0.366879996875 0.20547985624999998 0.356413234375 0.20377432031249998
0 0.473870971875 0.25 0.48499655312499995 0.246012434375 0.48608648125 0.2259879390625 0.4801829890625 0.22146545468749998 0.46501495156250006 0.2139626828125 0.4538932921875 0.21834264375 0.4478822171875 0.2247164046875 0.4588144359375 0.231993378125 0.45400557656249996 0.2370923875 0.46921266250000004 0.25 0.473870971875 0.25
0 0.5948729390625 0.19487337968750001 0.5881765453125001 0.187822209375 0.573473959375 0.185890871875 0.5676266125 0.190743259375 0.56377438125 0.1968495765625 0.5675751734375 0.21101437500000003 0.5703070515625 0.2054221203125 0.5827689328125001 0.208381590625 0.590447671875 0.206304509375 0.5948729390625 0.19487337968750001
1 0.6796875 0 0.26897424999999997 0 0.284483615625 0.0111635046875 0.3100622734375 0.01099694375 0.345125346875 0.02166416875 0.3419022953125 0.031820546875 0.3616078859375 0.046641931250000004 0.37860731875 0.0569200109375 0.3846488140625 0.0700566796875 0.41252432031249997 0.0782368609375 0.41569593281249995 0.0883515984375 0.43660373750000003 0.10189823125 0.43906430937499996 0.108723596875 0.4433562734375 0.1183242703125 0.43674644687499997 0.140158403125 0.46030426718750006 0.14887346875000002 0.509742478125 0.16451478125000002 0.5527298796875 0.1708228640625 0.5729523640624999 0.170944565625 0.605391140625 0.1763077984375 0.6050636921875 0.1793505484375 0.603262721875 0.19608567187499998 0.61804716875 0.197256321875 0.6384333765625 0.19585665000000002 0.6448537625 0.18567945156250001 0.6517957421875 0.1904485578125 0.6572899234375 0.198774478125 0.6673216531249999 0.21441901093750002 0.6796875 0.2173556734375 0.6796875 0
0 0.2336537484375 0.0084538765625 0.23084000625 0.01480681875 0.233218715625 0.022392871875 0.24734826562499998 0.029649023437499998 0.26038318125000004 0.027283681250000004 0.2609562171875 0.02195886875 0.264644721875 0.0173739234375 0.252919603125 0.00756826875 0.24029399843750002 0.0061301734375 0.2336537484375 0.0084538765625
0 0.8108285390625 0.040336424999999995 0.815202365625 0.0491764109375 0.8287845984375 0.051621815625 0.836407196875 0.0401698625 0.8384280343749999 0.0312882359375 0.8281249953125001 0.028061324999999998 0.8196533515625 0.027609720312500002 0.8107723953124999 0.030961553125000003 0.8108285390625 0.040336424999999995
0 0.858030746875 0.08665185625 0.8636886515625001 0.093456403125 0.8747845921874999 0.0992119984375 0.880386353125 0.09664167343749999 0.887272190625 0.092035909375 0.88505720625 0.0829284796875 0.8767492859375 0.0809555 0.8609263484374999 0.07953822656250001 0.858030746875 0.08665185625
0 0.8410570359375 0.0662382171875 0.8206193859375001 0.0879090078125 0.8527821546875 0.07604387343749999 0.868850678125 0.07517908437500001 0.8711171015625 0.06401539687499999 0.8666614125000001 0.055936098437500005 0.8546907062500001 0.0484125046875 0.846438928125 0.0558143953125 0.8410570359375 0.0662382171875
0 0.815892390625 0.0922473296875 0.8145825953125 0.104418328125 0.8221794718750001 0.10310193593750001 0.8389028953125 0.0961516484375 0.84291885 0.08852395468749999 0.8382994359375001 0.08196603125 0.8282162640624999 0.08659261406249999 0.815892390625 0.0922473296875
0 0.773021978125 0.1343349796875 0.7743621968750001 0.141674409375 0.7958687578125 0.1397606703125 0.8148071640625 0.1419178125 0.8283332546875 0.13498834531249998 0.8198054671874999 0.12516187031249998 0.8050210203124999 0.12399121718749999 0.78766841875 0.12689144531250002 0.773021978125 0.1343349796875
0 1 0.185941071875 0.9935093109375 0.18357618281250002 0.9868690578124999 0.185899884375 0.9862141609374999 0.1919853828125 0.9916264781249999 0.2010719921875 1 0.20130290781250001 1 0.185941071875
0 1 0.1640541421875 0.99156563125 0.1620511328125 0.980034659375 0.17023453125000002 0.9785868578125001 0.173791346875 0.986485465625 0.1795677625 1 0.1844004171875 1 0.1640541421875
0 0.046993815625000004 0.74663575625 0.053500976562500004 0.733425421875 0.02958125625 0.7293966562499999 0.025310668749999998 0.7435023625 0.046993815625000004 0.74663575625
0 0.1320210375 0.6982846390625 0.1206836375 0.6885362953125 0.097446959375 0.6870499953125 0.10154563750000001 0.7001192374999999 0.118234771875 0.7072259921875 0.1320210375 0.6982846390625
0 0.1034825671875 0.669331465625 0.125067303125 0.659717428125 0.1318359859375 0.6488491140624999 0.1109659296875 0.6509487734375 0.0891439171875 0.6618943125000001 0.078269271875 0.67342369375 0.1034825671875 0.669331465625
0 0.1094304859375 0.5653002796875001 0.09675309062500001 0.5528221562500001 0.07704653593750001 0.5441102265625 0.07238592187500001 0.54905143125 0.07948580937500001 0.5598093984375 0.0937186890625 0.5682294109375 0.1094304859375 0.5653002796875001
0 0.22026728593749997 0.8885843109374999 0.2153904109375 0.8751726312500001 0.19148420156249998 0.8746929359374999 0.1705811015625 0.8898886843749999 0.1870020984375 0.8907643625 0.20787215468750003 0.888664703125 0.22026728593749997 0.8885843109374999
0 0.2319815984375 0.8308866859374999 0.21482013906250003 0.8368910796875 0.205287425 0.8487391468750001 0.21962610312500003 0.8561763062499999 0.23286737031250002 0.8482328859375 0.2319815984375 0.8308866859374999
0 0.252540840625 0.8336042421875 0.2635543640625 0.8444325812500001 0.27895077343749997 0.8420410078125 0.28414019375 0.8321854953125001 0.27382748437500004 0.8257044312499999 0.2626685421875 0.8270863703125 0.252540840625 0.8336042421875
0 0.23141309687499997 0.810591825 0.226012125 0.8224131265625001 0.239257165625 0.8291898374999999 0.26030195156249997 0.823500340625 0.264360909375 0.8113604109375 0.2559190734375 0.800283678125 0.243418171875 0.8013469296875 0.23141309687499997 0.810591825
0 0.2107149484375 0.7855165375000001 0.20397197031249997 0.797019140625 0.22699712968750002 0.8004711624999998 0.23536683125 0.7854336578125001 0.2213780671875 0.7759529546875 0.2107149484375 0.7855165375000001
0 0.3816614140625 0.9490882796874999 0.40286511875000003 0.954968109375 0.41245417968750003 0.9443051171875 0.4159842796875 0.937079478125 0.39461845 0.9309975078124999 0.3778800859375 0.9330703906250001 0.3816614140625 0.9490882796874999
0 0.3857204234375 0.9369483609374999 0.4035892 0.9371598828125001 0.4093074875 0.9223900046875 0.3868112 0.9140235375 0.378545059375 0.92525684375 0.3857204234375 0.9369483609374999
0 0.6148414203125 0.9691845296875 0.6014547453125 0.9529015796875001 0.5871888000000001 0.957577575 0.5915219703125 0.9758349718750001 0.601884428125 0.987275390625 0.61427945625 0.9871949734375001 0.6216239765625 0.982891221875 0.6148414203125 0.9691845296875
1 0.6796875 0.36279826875000004 0.3968406390625 0.2964898546875 0.37183888593750003 0.29861636874999997 0.3481063734375 0.2889482671875 0.31932987968750004 0.3133622078125 0.29298611874999997 0.31517001875 0.26569045625 0.325823640625 0.24789435312500002 0.3377253359375 0.22596656875 0.34965373125 0.20774737812500002 0.3654868609375 0.203053734375 0.38352400468750003 0.185151865625 0.39640848125000006 0.1761149640625 0.41643834375 0.1651014921875 0.4420465171875 0.158530496875 0.426374190625 0.129046640625 0.4445721296875 0.145540321875 0.4575609500000001 0.144905678125 0.46345825156250003 0.1302166375 0.472065753125 0.133290615625 0.48186779218750003 0.1306794109375 0.4933435609375 0.1254899484375 0.5031989875 0.10575028906249999 0.507583203125 0.1128502015625 0.518341175 0.14360989531249999 0.5266540953125001 0.12944972187499998 0.53034723125 0.121966334375 0.548729915625 0.1292447671875 0.5706182640625 0.1459499859375 0.58164144375 0.1509675234375 0.5989608843750001 0.1373031203125 0.610835728125 0.14747701562499999 0.6313956640624999 0.14249916406250002 0.639285465625 0.159805953125 0.6575074234375 0.16711743437499998 0.666299684375 0.146531596875 0.678546846875 0.171321796875 0.6783861250000001 0.18428543125000002 0.6986005984375 0.191669534375 0.7195060609375 0.17069370781249998 0.7225885812499999 0.17426348593750002 0.7405722609375001 0.20184343125 0.740066 0.2193222046875 0.7311130312499999 0.240264940625 0.7411265125 0.244152040625 0.7561615390624999 0.253440115625 0.7593752640625 0.2522766140625 0.7701868578125 0.26771260625000004 0.7930045 0.2822297375 0.8115719453124999 0.3029278328125 0.8366472171874999 0.32870963125 0.8528498515624999 0.35325524375 0.8677509359375 0.375857309375 0.87513446875 0.387227746875 0.8717867984375001 0.3938318578125 0.87436313125 0.40050864218750004 0.8890526828125 0.39613236406249996 0.9041412640625002 0.41615623749999997 0.9099045453125001 0.4185955625 0.9256037296875 0.43445475 0.9444898890625 0.4375947421875 0.9280997328125 0.4535200234375 0.9207937171874999 0.477781465625 0.9255473875 0.48198578281250004 0.9376337421875001 0.5094599515625 0.938110415625 0.529232640625 0.920630259375 0.5338601046875 0.928785115625 0.5328023734375 0.9386138500000001 0.544457190625 0.9454136421874999 0.56172431875 0.9384263671875 0.5818539656249999 0.9432067906250001 0.622642121875 0.94785326875 0.6289620078125 0.9402821781250001 0.640405178125 0.9490476624999999 0.6607793656250001 0.93876626875 0.67098635 0.9462302062500001 0.6796875 0.9511428937499999 0.6796875 0.36279826875000004
0 0 0.7136716171875 0.0068733671875 0.7229959703125 0.0213508875 0.7163541906249999 0.022605176562500003 0.7008927640625 0.0043613343749999995 0.6951836390625 0 0.6982118421875 0 0.7136716171875
0 0.6796875 0.547463246875 0.6940111578125 0.5508648546874999 0.698389271875 0.5353872796875001 0.6821780015625001 0.5329348046875 0.6796875 0.533608334375 0.6796875 0.547463246875
0 0.809493815625 0.59038575625 0.8160009765625 0.577175421875 0.79208125625 0.5731466562499999 0.7878106687499999 0.5872523624999999 0.809493815625 0.59038575625
0 0.8945210375 0.5420346390624999 0.8831836375 0.5322862953125 0.859946959375 0.5307999953125 0.8640456375 0.5438692375 0.880734771875 0.5509759921875 0.8945210375 0.5420346390624999
0 0.8659825671875 0.513081465625 0.8875673031249999 0.503467428125 0.8943359859375001 0.49259911406249995 0.8734659296875 0.4946987734375 0.8516439171875 0.5056443125 0.840769271875 0.51717369375 0.8659825671875 0.513081465625
0 0.8719304859375001 0.4090502796875001 0.859253090625 0.39657215625 0.8395465359375001 0.3878602265625 0.834885921875 0.39280143125 0.8419858093749999 0.4035593984375 0.8562186890625 0.4119794109375 0.8719304859375001 0.4090502796875001
0 0.9827672859375 0.7323343109375 0.9778904109375001 0.71892263125 0.9539842015625 0.7184429359375 0.9330811015625 0.733638684375 0.9495020984375 0.7345143625 0.9703721546875 0.732414703125 0.9827672859375 0.7323343109375
0 0.9944815984375 0.6746366859374999 0.9773201390625001 0.6806410796875 0.967787425 0.6924891468750001 0.9821261031249999 0.69992630625 0.9953673703125 0.6919828859375 0.9944815984375 0.6746366859374999
0 1 0.649654409375 0.993913096875 0.654341825 0.9885121250000001 0.6661631265625 1 0.6720407984375 1 0.649654409375
0 0.9732149484375 0.6292665375000001 0.9664719703125 0.640769140625 0.9894971296874999 0.6442211625 0.99786683125 0.6291836578125001 0.9838780671875 0.6197029546875 0.9732149484375 0.6292665375000001
0 0.754962034375 0.547195675 0.7693733671875 0.5667459703125 0.7838508875000001 0.5601041906249999 0.7851051765625 0.5446427640625 0.7668613343749999 0.5389336390625 0.754962034375 0.547195675