0 0.33340560468749997 0.0624394125 0.34367845625000004 0.0781440296875 0.371500540625 0.0896180375 0.373452871875 0.0878487375 0.3793316265625 0.0708477390625 0.3699017046875 0.051043965625 0.3635117625 0.04349384375 0.344930621875 0.041155303125 0.33340560468749997 0.0624394125
0 0.305419 0.101977084375 0.2921401546875 0.0931657125 0.283010690625 0.09893785000000001 0.2832771625 0.1053668609375 0.2911204765625 0.11743655625 0.3005164125 0.1180934328125 0.305419 0.101977084375
0 0.0878576609375 0.3450016953125 0.08634855 0.3330283203125 0.0821774125 0.330137909375 0.0768193765625 0.3291569390625 0.0697972375 0.32468118437500004 0.0658708171875 0.33991288124999997 0.0689107953125 0.35216653125 0.08395299687499999 0.34854029531249997 0.0878576609375 0.3450016953125
0 0.021413096875000003 0.44023720156249996 0.0296438890625 0.431110421875 0.029188440625 0.4140131046875 0.0207686703125 0.412471578125 0.0140905 0.41018553906250005 0.011140246874999999 0.4245325859375 0.013204059374999999 0.43767088593750003 0.021413096875000003 0.44023720156249996
0 0.07354008281249999 0.44552734374999997 0.07332935 0.4465521328125 0.07679079375 0.45675620625 0.0840794046875 0.467660971875 0.0933978453125 0.47255714375 0.104746115625 0.47144471875000005 0.10706417187499999 0.460172040625 0.10771812656249999 0.4454045765625 0.09729028281249999 0.43817855000000006 0.079896040625 0.43393056718749995 0.07354008281249999 0.44552734374999997
0 0.08949588281250001 0.5494688265625001 0.0830066875 0.5578510953125 0.0814540640625 0.5692639140625 0.0819312703125 0.5746681359375 0.087422540625 0.5788636125 0.09813861406249999 0.5808255546875001 0.1041506015625 0.5670390640625 0.10335118437499999 0.5477520296875 0.09506465 0.5494250078125 0.08949588281250001 0.5494688265625001
1 0.45 0.6296875 0.45 0.2020427375 0.446050765625 0.20216048749999999 0.43150752499999995 0.1994978515625 0.4252073078125 0.218548428125 0.41274963593749997 0.2173309953125 0.4068926390625 0.2226388984375 0.396232309375 0.22813075624999998 0.38662563906249997 0.22849866875 0.39131749375 0.21340711093750003 0.38073465781250004 0.2146596734375 0.3708180046875 0.2319847671875 0.36706833125 0.2270447796875 0.3673008203125 0.21432689374999997 0.36286321093749996 0.2050074703125 0.344703534375 0.20061935156250002 0.341353571875 0.20532287968750002 0.33484262187499997 0.22539824375 0.3304389953125 0.23522572031250003 0.32484847031249997 0.2469626328125 0.3220314546875 0.2645241859375 0.3097627578125 0.27397506250000003 0.30490368437500004 0.2667052171875 0.31012848437499996 0.2644716828125 0.312102571875 0.2510092859375 0.3041817625 0.2431788859375 0.28866235625000003 0.2414009 0.280831271875 0.260171196875 0.288330615625 0.2700511765625 0.2803880515625 0.273913871875 0.27596266875 0.29543444218750003 0.2844939203125 0.31188357031249997 0.26702218125 0.3118748859375 0.26001227031249996 0.3382391234375 0.23980100937499998 0.3515526953125 0.22123209843749997 0.380054146875 0.197360890625 0.415028428125 0.1925018140625 0.4077585828125 0.1658231171875 0.417761328125 0.153576178125 0.4155191078125 0.1454786203125 0.42786039374999996 0.155673975 0.44780430625 0.1561851640625 0.4723554265625 0.12147417499999999 0.45962017031249996 0.11762524999999999 0.470612571875 0.14600203750000001 0.4832515078125 0.1519487578125 0.504544303125 0.1496307015625 0.5158169828125 0.1372070140625 0.5337464484375001 0.13559865 0.537705465625 0.1283997640625 0.553401396875 0.11674150937500001 0.5714710015625 0.11170568750000001 0.58437284375 0.11145144375 0.608783825 0.11462465625 0.62425198125 0.11071999218749999 0.62779058125 0.10272168749999999 0.624199478125 0.0918079546875 0.6296875 0.45 0.6296875
0 0.257611315625 0.207004934375 0.25167682343750003 0.21655213125 0.24859333281249998 0.22768467343749998 0.25289770625 0.2337895890625 0.262216146875 0.2386857609375 0.2762264421875 0.22849037343749998 0.2790434578125 0.210928821875 0.2718105875 0.20747785312499997 0.257611315625 0.207004934375
0 0.6347769921874999 0.1467655296875 0.623905928125 0.153282178125 0.6218760999999999 0.1592907734375 0.6226972749999999 0.1668847125 0.6265801828125 0.175039209375 0.6361093546875 0.1789105890625 0.6398250437499999 0.1647036828125 0.6401907687499999 0.155200303125 0.6392920984374999 0.15184565781249998 0.6347769921874999 0.1467655296875
0 0.6146024171875 0.25259908124999997 0.6074252859375 0.256601915625 0.6022004875 0.25883544999999997 0.59544481875 0.2607887078125 0.5919398625 0.273970828125 0.593526471875 0.28170490625 0.5998389171875 0.293494321875 0.61264055625 0.296901471875 0.618153584375 0.28940385156250004 0.6204716421875001 0.278131171875 0.6192507593750001 0.260893715625 0.6146024171875 0.25259908124999997
0 0.5558869843750001 0.27162359999999997 0.5622211874999999 0.271719921875 0.5717721156250001 0.26389820625 0.5686546390625 0.25588385156250004 0.5616325015625 0.2514080953125 0.5543996296875 0.24795713125000002 0.5436060609375 0.2502344828125 0.5404668312500001 0.253913221875 0.5405225703125 0.26136702343749996 0.5474672140625 0.2700820734375 0.5558869843750001 0.27162359999999997
0 0.5242690156250001 0.20522271406249998 0.5381800562500001 0.2109597171875 0.5450472046875 0.2239140625 0.5579820812499999 0.2305357171875 0.5628629125 0.2261124640625 0.572757809375 0.22048046875 0.577638640625 0.21605721562500002 0.5686859234374999 0.20165766562499998 0.55511885 0.19811038125 0.5404981140625 0.1996870375 0.5185112703125 0.19459822499999999 0.5064750640625 0.191331215625 0.5242690156250001 0.20522271406249998
0 0.84427063125 0.12450835625000001 0.8485967609374999 0.11892017656250001 0.8526006781250001 0.099449184375 0.83771346875 0.09459683125 0.8326219046875 0.1000448703125 0.8285622484375 0.11206206249999999 0.8334770640624999 0.1267857078125 0.8354076390625 0.13670950312500002 0.84427063125 0.12450835625000001
1 1 0.6296875 1 0.0687854390625 0.991940890625 0.07072825625 0.97357048125 0.06736492499999999 0.9605581093750001 0.06498256718749999 0.9480011874999998 0.079697525 0.94628134375 0.068748940625 0.9341118984375001 0.06226742656249999 0.9318373546875 0.050153914062500006 0.9233618437499999 0.0411585859375 0.9057568703125 0.037935395312499995 0.9007210453125001 0.0508372359375 0.9052701375 0.0750642609375 0.9029520796875001 0.086336940625 0.88521386875 0.0798992421875 0.8835837484375 0.09555135625 0.8711383062500001 0.12517391718749998 0.8587581312499999 0.11971719218750002 0.8461454671874999 0.12697835156249998 0.8386026109374999 0.140484565625 0.8276322953124999 0.1629336015625 0.811226446875 0.1886409640625 0.7987470203125 0.1991166296875 0.7860011203124999 0.20316328125 0.7770388765625 0.2312968203125 0.7596011218750001 0.25043503125 0.7439824640625 0.2645894375 0.728097334375 0.2723148296875 0.7248588515625001 0.2919259609375 0.7129776359375001 0.2801803609375 0.708840484375 0.2964368484375 0.6979136796875001 0.29549969374999996 0.6886509796875 0.2980573234375 0.6769709703125001 0.32782002499999996 0.6795119890625 0.346362546875 0.683029171875 0.3640204234375 0.6774168921875 0.38745043125 0.6684424203124999 0.384743978125 0.65372243125 0.402253025 0.66449424375 0.4116687703125 0.677317640625 0.4033828234375 0.6780953000000001 0.4343629546875 0.6714171312499999 0.432076915625 0.6513051234375 0.4294580984375 0.6540351171875 0.4586689296875 0.6719840593749999 0.46408183750000004 0.669322034375 0.4731648 0.6635425328125001 0.47423340625000004 0.654623803125 0.47898075156250003 0.643142296875 0.47687867031250003 0.6351779750000001 0.49243446406249997 0.6375857578125 0.50776248125 0.6313847906250001 0.5108806671874999 0.62634896875 0.5237825093749999 0.6179074421874999 0.5339340781249999 0.6068596296875001 0.5606224109375 0.594702415625 0.5849808890625 0.6147926671875 0.599292803125 0.633262328125 0.5867237421875 0.6434019421875 0.5992138546875 0.6462311875 0.6124922953125 0.6530425953125001 0.6179928390625 0.65748020625 0.6273122609375 0.65567845 0.6296875 1 0.6296875
0 0.9821330171875001 0.029587868750000003 0.9730253078125 0.0236669078125 0.9524700796874999 0.0347907640625 0.9464363359375 0.060270351562500005 0.9529037718750001 0.063581178125 0.9624547015625 0.0557594640625 0.9788170375 0.05343829375 0.9821330171875001 0.029587868750000003
0 0.2836874328125 0.6824547078125 0.2908645640625 0.6784518734375 0.2959003859375 0.66555003125 0.29069734375 0.6560904703125 0.287291640625 0.653340196875 0.281168171875 0.6522190859375 0.2705853359375 0.6534716515625 0.26742434843749996 0.6688434859375 0.2722059265625 0.680352625 0.2836874328125 0.6824547078125
0 0.23595454375 0.70987018125 0.23484514218750002 0.707540325 0.22489450312499998 0.7057185203125 0.21945897187500002 0.7089768453125 0.2142899125 0.71866418125 0.21392418750000003 0.7281675609375 0.21669769374999998 0.7339922 0.2289446328125 0.73623441875 0.2348016296875 0.73092651875 0.23886128593749997 0.7189093265625 0.23595454375 0.70987018125
0 0.3432673171875 0.6296875 0.34281210156249997 0.63054061875 0.3425796125 0.643258503125 0.34466518125 0.6447037078125 0.3562241828125 0.6425664953125 0.3619479421875 0.6340440875 0.3611004109375 0.6296875 0.3432673171875 0.6296875
0 0.124303178125 0.7468506125000001 0.11435254218749999 0.745028809375 0.1100264125 0.7506169875 0.10694292187500001 0.7617495296875 0.11069259375 0.7666895171875 0.115629165625 0.7697200671875 0.120355003125 0.7737754046875 0.1318582640625 0.7641843921875 0.1295837203125 0.752070878125 0.124303178125 0.7468506125000001
0 0.07778164531250001 0.8340366328125001 0.08453731406250001 0.8320833750000001 0.087410071875 0.8219756234375 0.087109615625 0.7963997140625001 0.071934178125 0.7968114453125 0.0637033828125 0.8059382265625 0.0679860015625 0.8237362375 0.07778164531250001 0.8340366328125001
1 0.4005980828125 0.6296875 0.3980008234375 0.6363913140624999 0.39076795 0.6329403484375 0.377755578125 0.6305579906250001 0.3690815625 0.6534274453125 0.3578882859375 0.6460612796875 0.3507111546875 0.6500641125 0.33585793124999996 0.66435865625 0.33507074062500003 0.6759116140625 0.3330191578125 0.6936133046874999 0.31541418125 0.6903901140625 0.2939045421875 0.6907055234375 0.28089217031249997 0.6883231656250001 0.2602254609375 0.6845394171875 0.249032184375 0.677173253125 0.23165969843749998 0.6612321765625 0.210859753125 0.6542339234375001 0.21202489375 0.6640175796875 0.22417258125 0.682192190625 0.23457866875 0.7011113124999999 0.2445075515625 0.7146262140624999 0.233902959375 0.7275718734375001 0.22050310624999997 0.7463859875 0.202910359375 0.774002790625 0.19582295156250001 0.8046063234374999 0.193005934375 0.8221678765625 0.18799186875 0.823376621875 0.1832660296875 0.8193212828125 0.1741583203125 0.8134003234374999 0.1699096875 0.8147492062499999 0.1541020546875 0.8182353046875 0.1372067734375 0.8076984515625 0.134544746875 0.8167814124999999 0.141334396875 0.8339750531250001 0.1479908109375 0.8479541874999998 0.1481797890625 0.8586224953125001 0.164120659375 0.858350903125 0.1539932734375 0.8767007843750001 0.149977128125 0.8653317843749999 0.13453521875000002 0.859314503125 0.131073775 0.8491104296875001 0.12273150156249998 0.8433296078125 0.1026969890625 0.8364714937500001 0.0848037859375 0.8385123859375 0.07955723125 0.8524390171875 0.111550453125 0.866803434375 0.1282907421875 0.885818878125 0.1367662515625 0.8948142062500001 0.13724345625 0.9002184296875001 0.132762334375 0.9142851999999999 0.1327405796875 0.9259782953125001 0.1414268234375 0.933948834375 0.141804775 0.955285446875 0.1398306875 0.9687478437499999 0.13320825625 0.9739156062500001 0.12520995 0.9703245031249998 0.1209395625 0.98336648125 0.1175191296875 1 0.45 1 0.45 0.6296875 0.4174878234375 0.6296875 0.414784621875 0.632020565625 0.41367369062500003 0.6296875 0.4005980828125 0.6296875
0 0.5129346406249999 0.6296875 0.5141646109375 0.6360099421875 0.520765284375 0.6425352765625 0.5277316843750001 0.6395572296875 0.5319245765625 0.63075454375 0.5320423609375 0.6296875 0.5129346406249999 0.6296875
0 0.6062300828125 0.7251748874999999 0.615148815625 0.7204275421874999 0.6163574703125001 0.70682500625 0.607881959375 0.697829678125 0.603521846875 0.6842709593749999 0.594147665625 0.6719209890625 0.582687915625 0.658125809375 0.5884796453125001 0.6878971953125 0.5953250359375 0.7125446375 0.6062300828125 0.7251748874999999
0 0.5509856234375 0.711870390625 0.5708868984375 0.7155139984375001 0.579328425 0.705362428125 0.5772646124999999 0.6922241265625 0.56976526875 0.6823441484374999 0.5591606765625 0.6952898078125 0.5509856234375 0.711870390625
0 0.711314759375 0.7008160203125 0.71703851875 0.6922936125 0.7186686375 0.6766414984375 0.7204319953125 0.6642038921875 0.71754700625 0.6434716515625001 0.7076860937499999 0.6682505453124999 0.6972147390625001 0.6844107109374999 0.7017855859375001 0.6969446390625 0.711314759375 0.7008160203125
0 0.4632639078125 0.7947034234375 0.46664785468750003 0.8091467890624999 0.477574659375 0.8100839453124999 0.49338229375000003 0.806597846875 0.49327081249999993 0.79169024375 0.4820775359375 0.7843240796875 0.4728148359375 0.786881709375 0.4632639078125 0.7947034234375
0 0.45 0.8443142937499999 0.455866515625 0.8422641343749999 0.4657614125 0.8366321390625 0.46974357343750006 0.8288542421875 0.45862779375 0.81724878125 0.4508402203125 0.8126328890625001 0.45 0.812305478125 0.45 0.8443142937499999
1 0.45 1 0.98141578125 1 0.9796800953125 0.987081153125 0.9781152437500001 0.967653978125 0.9666554953125001 0.9538588015624999 0.9591779078125 0.9322857265625 0.9572473296874999 0.92236193125 0.946918740625 0.8992035156250001 0.9361904390625 0.8664015781250001 0.9210585140625 0.8434271171875001 0.907169228125 0.8259970171875001 0.8934131781249999 0.8117814234375 0.8806332937499999 0.7966811796875 0.8595451187500001 0.7949470109375 0.841329703125 0.783105090625 0.8271521875 0.770939075 0.8311900890625001 0.770614978125 0.8368023703125 0.7471849703125 0.8342831078125 0.7169493499999999 0.82304631875 0.7329693765625 0.8139725953125 0.7461953125 0.807582653125 0.738645190625 0.8011927109375 0.73109506875 0.7893672374999999 0.7268032703125 0.78098145 0.7444086421875 0.773404609375 0.738767959375 0.7618673656249999 0.7292120750000001 0.74940969375 0.7279946453124999 0.750364103125 0.738803090625 0.7390158343750001 0.739915515625 0.734999690625 0.7285465140625 0.7219873171875 0.7261641546875 0.7115594749999999 0.718938128125 0.68398210625 0.7255862296875 0.6674090375 0.7289321875 0.6622059953124999 0.7194726265625 0.6456329265624999 0.7228185859375 0.6268410531249999 0.7215048328125 0.6205408343750001 0.740555409375 0.6012282453125 0.757223625 0.5863070515625 0.733224375 0.5880826375 0.7516267609375 0.59070115 0.7659299890625 0.5769233437500001 0.7634074921874999 0.5658415484375 0.7709489281249999 0.5534396171875 0.7771852984375001 0.5558351703125 0.7616733234375 0.5481250921874999 0.7528181359375 0.5341922953125 0.7587742265624999 0.5218461046875 0.7724643984374999 0.5200827484375 0.7849020046875 0.5172657296875001 0.8024635578125 0.5313100093750001 0.8114150671875 0.526063453125 0.8253416984375 0.51339505 0.8251490562499999 0.49297305625 0.8394874171875 0.475523075 0.8277856359375001 0.46059235468750004 0.8463194749999999 0.45 0.8559187921875001 0.45 1