0 0.017782087499999998 0.26770395625 0.012336 0.2828316484375 0.013856318749999999 0.2935515140625 0.019409446875 0.2984488046875 0.0336438203125 0.29283006718750004 0.038945371875 0.2734715546875 0.0315578640625 0.25992220312500003 0.017782087499999998 0.26770395625
0 0.04008588125 0.053482359374999996 0.028037440625 0.0498911875 0.0202733859375 0.0647332484375 0.02364058125 0.0788404515625 0.034457770312500004 0.080173396875 0.0443702671875 0.0719155921875 0.04008588125 0.053482359374999996
0 0 0.3792640125 0.0054587078125 0.3799366609375 0.009962609375 0.3710123828125 0.002405575 0.3637616546875 0 0.36346522812500004 0 0.3792640125
1 0.1130374609375 0 0.111307734375 0.004329781249999999 0.10939837187499998 0.027266051562499997 0.10197337343749999 0.029510864062499996 0.0931101015625 0.0515902390625 0.10328667031250001 0.062323515625000006 0.095522615625 0.0771655765625 0.08533355000000001 0.0716970234375 0.071909325 0.06161680625 0.06863667500000001 0.0727993109375 0.066739809375 0.090470859375 0.0525179328125 0.090824875 0.040092946875 0.11562511718749999 0.053988262499999995 0.122603625 0.05439686875000001 0.145825528125 0.0435671828125 0.149757303125 0.044773440625 0.162544971875 0.049685946875 0.1768425953125 0.0621679875 0.19312622343750002 0.060742212500000003 0.20769606718750003 0.0548750234375 0.204866578125 0.0383351796875 0.2049349640625 0.0464578515625 0.2343736921875 0.047035985937500004 0.25129696875 0.041577403125 0.2716893828125 0.0461758484375 0.28805481093749996 0.0528031984375 0.29624422968749997 0.0583188328125 0.3169356875 0.058136809375 0.32849903125 0.055165721875 0.342878453125 0.0488024453125 0.353680115625 0.0503102671875 0.3696647015625 0.0539790265625 0.3869688203125 0.052251689062499995 0.3983417453125 0.053602478125 0.415360234375 0.0687290484375 0.42459696718749995 0.077793903125 0.44783228125 0.0804181953125 0.45 0.62687236875 0.45 0.685259359375 0.065575584375 0.6822062265625 0.049400578125 0.6796241843749999 0.030123865625000003 0.6674437078125 0.017037153125000003 0.6604854640625 0 0.1130374609375 0
0 0.829730346875 0.08042602343750001 0.8337006718750001 0.10092705937499999 0.842356921875 0.10094047187499999 0.84670379375 0.093050096875 0.8464147265624999 0.08458845625 0.8427209734375 0.0778137796875 0.8380850343749999 0.0772425171875 0.829730346875 0.08042602343750001
0 0.737646775 0.1270079203125 0.7266850515625001 0.1214441546875 0.7065959859375 0.118968684375 0.6892959828125 0.1136771375 0.6989889625 0.13277684218750002 0.7119545921875 0.14069404375 0.72895303125 0.142788671875 0.736836625 0.142706875 0.737646775 0.1270079203125
0 0.76437025 0.19981556875 0.7689936921875 0.205651553125 0.7782655671875001 0.206794078125 0.780281971875 0.2038827921875 0.7820218078125001 0.1872451453125 0.7733905515624999 0.17670228906250002 0.768283521875 0.179232734375 0.760858521875 0.181477546875 0.7599163375 0.1876809609375 0.76437025 0.19981556875
0 0.8407311921874999 0.1997458609375 0.8322569671875 0.1881691015625 0.8288647765625001 0.18459134375 0.8172749328125001 0.1831631859375 0.8144858718749999 0.18597926250000002 0.810874165625 0.2097590125 0.8161007343750001 0.2219888328125 0.8253726109375 0.2231313578125 0.8355866703125001 0.21807046875 0.8407311921874999 0.1997458609375
1 1 0.45 1 0.12054610156250001 0.994871784375 0.12289384218749999 0.9884710171875 0.14948966875 0.978558521875 0.157747475 0.9688030546874999 0.1649713796875 0.9496061859375 0.17735138125 0.9381483765624999 0.18541876562499998 0.92669056875 0.19348615 0.9153647953125 0.21104907499999997 0.9071421468749999 0.22372812187500002 0.90431559375 0.24233836250000002 0.9022367031249999 0.2715732546875 0.9001453140625 0.3060728703125 0.9019546999999999 0.3252543734375 0.8989586171875 0.3501632375 0.8853648656249999 0.346381646875 0.8760804921875 0.3505038421875 0.8803523796875 0.374201796875 0.8923758265625 0.3883224109375 0.8853969234375001 0.39799496093750003 0.873348484375 0.3944037890625 0.867902396875 0.4095314796875 0.8684555375 0.4369842015625 0.8576133546874999 0.4461806984375 0.8570332734375 0.45 1 0.45
0 0.885017115625 0.1672859015625 0.89334680625 0.1746318390625 0.8966069609374999 0.16871405781249998 0.904829609375 0.1560350109375 0.9023921015624999 0.1409891171875 0.8892569453125001 0.139370540625 0.8835217921874999 0.1460365921875 0.878703828125 0.1570286765625 0.885017115625 0.1672859015625
0 0.20654830937500002 0.48311108437500005 0.20730846875000003 0.48847101718749997 0.21487800156249998 0.4904570234375 0.226637375 0.48558655625 0.2336162765625 0.47591400781250004 0.23471549062500002 0.468676690625 0.23163736250000003 0.463031128125 0.2263858 0.46133075312500005 0.21973345625000001 0.46367077500000003 0.2126100203125 0.46911250625 0.20654830937500002 0.48311108437500005
0 0.005532687499999999 0.5110035921875 0.00241706875 0.5211521921875 0.004094417187499999 0.5308381546875001 0.0096475453125 0.535735446875 0.0207787953125 0.5350005890625 0.0235928515625 0.5216550703125 0.0212873796875 0.5161047171875 0.018052221875 0.51149305625 0.0110983140625 0.5106361625 0.005532687499999999 0.5110035921875
0 0 0.6556706484375 0.0000882328125 0.6556815203124999 0.0090835390625 0.643097684375 0.00603040625 0.6269226765625 0.0007788421875 0.6252223015625 0 0.625126328125 0 0.6556706484375
0 0.03325323125 0.9451996484375 0.0339063484375 0.9305345953125 0.03268759375 0.9230116484374999 0.0187797796875 0.9212978609375 0.0127430625 0.924766996875 0.008528228124999999 0.9421529140625001 0.0213368265625 0.9511040171874999 0.031381359375 0.952341753125 0.03325323125 0.9451996484375
0 0.051639951562499994 0.9485185999999999 0.053065724999999994 0.933948759375 0.04938446875 0.9219093609375001 0.041356340625 0.9177603390625 0.034220409375 0.9284667921875001 0.0335797890625 0.937867121875 0.0368024515625 0.9477435046875 0.043442296875 0.9506682031250001 0.051639951562499994 0.9485185999999999
1 0.26146410000000003 0.45 0.2445904953125 0.47621304999999997 0.23112877968749998 0.48192700000000005 0.21980300625 0.49948992499999995 0.21526161250000003 0.52420836875 0.2053241234375 0.5429956171875 0.1932631859375 0.5446691671874999 0.18074365312500001 0.544179703125 0.171434284375 0.5588313421875 0.1546749234375 0.5862572390625 0.1422624328125 0.6057927578125 0.142369475 0.6258177437500001 0.1346429109375 0.6248656390624999 0.1302585484375 0.6485501796875 0.1194288640625 0.6524819546874999 0.10614917187499999 0.646632559375 0.08247339375 0.6574073953124999 0.0702054375 0.681173734375 0.0735601359375 0.7005456578125 0.0755515453125 0.708163815625 0.08278202343749999 0.7227470703125001 0.0779515625 0.7390038750000001 0.06016796875 0.7420787578125 0.061493765624999995 0.7696266875 0.074785953125 0.7702113625 0.0728765890625 0.7931476328125 0.05835315 0.7903047328125 0.042668009374999996 0.82102275625 0.0712562953125 0.8245455421875001 0.07586723749999999 0.8356462484375001 0.0650500484375 0.834313303125 0.052385982812499995 0.82959301875 0.043729734375 0.8295796046875001 0.0419898984375 0.8462172515624999 0.034068812500000004 0.862093215625 0.0252305359375 0.8736431484375 0.0185282046875 0.8970420578125001 0.027787584375 0.9034493046875 0.0407782078125 0.9008370625000002 0.0514883546875 0.8821450234375 0.0551696109375 0.8941844203125001 0.060854776562500004 0.9085772546875 0.056206340625 0.9132707140625002 0.0600071359375 0.940070375 0.0528837 0.9455121046875 0.0565399625 0.9680809453125001 0.0676462171875 0.9778755296874999 0.0686954453125 0.9916971015625 0.0604721953125 1 0.639668484375 1 0.6890625 0.674786015625 0.6890625 0.57099813125 0.681826503125 0.5669552015625 0.664853059375 0.5543311296875 0.6528546078125 0.529681071875 0.6348444343749999 0.49797070625 0.6152639515625 0.47659936406250003 0.5911670734375 0.469417021875 0.5800483187500001 0.464887159375 0.5646201875 0.45245350625 0.5627131609375 0.45 0.26146410000000003 0.45
0 0.9017991562500001 0.7008703374999999 0.9098272843749999 0.705019359375 0.9183390015625001 0.70080195 0.9225413390625 0.6886807546875 0.9146827390624999 0.678233109375 0.9091296109375 0.67333581875 0.9035514890625 0.67896796875 0.8990475874999999 0.6878922484375 0.9017991562500001 0.7008703374999999
0 0.9765398015625 0.7321985375000001 0.985968709375 0.732307159375 0.990171046875 0.7201859640625 0.9841718203125 0.7078609359375 0.9763007234375 0.7026780109375 0.971181196875 0.7104731765625 0.9696108890625 0.7208121999999999 0.9765398015625 0.7321985375000001
0 1 0.7004513343750001 0.9950140031250001 0.6986644375 0.9899194703124999 0.6959301609375 0.9827960359375 0.701371890625 0.990328078125 0.7191520609375 0.996955425 0.7273414812500001 0.99772808125 0.7274366921875 1 0.7261706578125 1 0.7004513343750001
0 0.9736398968750001 0.91194734375 0.96205005 0.9105191874999999 0.9547445906250001 0.9275242625000001 0.9527156890625001 0.93570026875 0.9638344421875 0.9402301328124999 0.9748211578125 0.9352644546875 0.9816555265625 0.9213610859374999 0.9736398968750001 0.91194734375
0 0.94681681875 1 0.9462399375 0.9938844265625001 0.9372696250000001 0.99593881875 0.9330922828125001 0.9975305703124999 0.9275266562500001 0.9978980015625 0.9270050390625 1 0.94681681875 1