0 0.658860075 0 0.6537680203125 0.008008909375000001 0.6492457218750001 0.0178159171875 0.666223109375 0.009299475 0.67519339375 0 0.658860075 0
0 0.4319165046875 0.13130118125 0.42624615 0.128095646875 0.4214672984375 0.12079371093749999 0.41267668124999995 0.13192558593749998 0.411308321875 0.1455282265625 0.4157684125 0.15063729374999998 0.42233027187500005 0.14974642656249998 0.4289232328125 0.14139752187500002 0.4319165046875 0.13130118125
0 0.13139540624999999 0.03818111875 0.1273162859375 0.0203488421875 0.1167426640625 0.0396735203125 0.11066023437500001 0.05664923125 0.11655346562499999 0.0588306640625 0.12674611875 0.052229192187499995 0.13139540624999999 0.03818111875
0 0.11028184062499999 0.09496352031250001 0.111683878125 0.0994939203125 0.1231515765625 0.1016639203125 0.1316882140625 0.09901418437500001 0.1374207765625 0.08730364375 0.1316856390625 0.073423103125 0.1271944453125 0.075772071875 0.12292612656249999 0.077096940625 0.11843493281249999 0.07944590781250001 0.11470825312499999 0.08193954375 0.11028184062499999 0.09496352031250001
0 0.12560835937499998 0.1415809734375 0.13347636875 0.14200353906250002 0.14191711875 0.13613683593749998 0.14261685 0.1256064953125 0.1326781765625 0.12372582968750001 0.129938884375 0.12534003124999998 0.1242374265625 0.1295925359375 0.1227731828125 0.13997820625 0.12560835937499998 0.1415809734375
0 0.35724560312500003 0.083050634375 0.34816732968749997 0.0845316046875 0.34504706875 0.09886901249999999 0.3429453 0.10486895 0.3400479140625 0.1181822578125 0.34549539375 0.12241189062499999 0.3588419859375 0.1196060546875 0.36654932812499996 0.1061366453125 0.3670261828125 0.0966304078125 0.35724560312500003 0.083050634375
0 0.3601766671875 0.0878703703125 0.3682364484375 0.094726871875 0.3733003828125 0.086088634375 0.3824408640625 0.069691590625 0.383363471875 0.058137150000000005 0.374062321875 0.060642220312499995 0.36374267968749996 0.0714847609375 0.36084529375 0.0847980703125 0.3601766671875 0.0878703703125
0 0.5255005328125 0.414512215625 0.5230489 0.42577732343749997 0.5295796546875 0.43234449062499997 0.5422576171875 0.43261095781250003 0.5440406249999999 0.42441815156249996 0.543848853125 0.4179842140625 0.5340371687500001 0.41186248125 0.5255005328125 0.414512215625
0 0.5694716343749999 0.5379904078125 0.5724649046875 0.5278940703125 0.5618887078125 0.5216276671875 0.55624945625 0.5109640953125 0.5484462296875 0.5212165359375 0.54239490625 0.530734209375 0.544976103125 0.5408191125 0.5532587609374999 0.546651515625 0.561795396875 0.544001778125 0.5694716343749999 0.5379904078125
0 0.5084375578125 0.5221760109375 0.50257543125 0.5125365390625001 0.4960446765625 0.5059693703125 0.48588312812499995 0.50511280625 0.47521361874999996 0.5212205156249999 0.47789070312500004 0.5345223890625 0.48540884531249995 0.5402101234375001 0.4991700859375 0.5428141234375 0.508598225 0.536067984375 0.5084375578125 0.5221760109375
0 0.4149232484375 0.6153731421875 0.42604108281249997 0.6228083109375 0.434927584375 0.6148934046875 0.4378249703125 0.6015800984374999 0.431167225 0.5992539984375 0.42485934687500004 0.591662728125 0.41753297656250005 0.5924089296874999 0.41269191562499996 0.60002306875 0.4149232484375 0.6153731421875
1 0 0.6296875 0.40463058749999997 0.6296875 0.40415785312499997 0.628263884375 0.39444205625 0.6253591187499999 0.3957767375 0.593623434375 0.389372971875 0.582815196875 0.3862501359375 0.571561525 0.399531946875 0.55808068125 0.4051038421875 0.5324781671875 0.4200105640625 0.5225036249999999 0.422493303125 0.50378048125 0.419305684375 0.481851803125 0.4124561671875 0.4730917671875 0.3985679390625 0.4747288375 0.3892642140625 0.4516428265625 0.37266779687499996 0.4474360609375 0.3840681390625 0.41333997343749995 0.3672799515625 0.40269927031249997 0.3651108265625 0.372433121875 0.35195343125 0.35608181562499996 0.3580980671875 0.32419003125 0.36188695625 0.30678031875 0.37217292031250004 0.2778047375 0.36662955468749997 0.270358134375 0.3530289828125 0.281646109375 0.33764283125 0.275535809375 0.33346782343750003 0.2544865640625 0.33486728593750004 0.23342588593750002 0.34416586250000003 0.2053297359375 0.32355510625 0.1939657 0.31036918125 0.2106635109375 0.29689302500000003 0.1921193359375 0.28036138906249997 0.19858757656249998 0.2713790015625 0.2032855140625 0.2658019578125 0.17770586875 0.2450642125 0.1705829015625 0.23346952187499997 0.172653971875 0.2227663359375 0.170628640625 0.21859132812499998 0.1495793953125 0.1816743875 0.16925057968749999 0.1709064171875 0.156550240625 0.15392903125 0.16506668124999999 0.1376824796875 0.1555947453125 0.1092684953125 0.15448314999999999 0.0768738515625 0.164347328125 0.0574759359375 0.1766708375 0.045723151562499995 0.1904410140625 0.034957757812500004 0.20333175625000002 0.0247314265625 0.191800184375 0.009664034375 0.187882753125 0 0.1947976828125 0 0.6296875
0 0.9269452609375 0.1932632859375 0.9326156156250001 0.1964688203125 0.9399419874999999 0.19572261875000002 0.9498158796875 0.1869282796875 0.9477115359375 0.1673371359375 0.9390142328125 0.1560948984375 0.9353834375 0.1618055015625 0.930542378125 0.1694196390625 0.9268804796874999 0.18258828124999998 0.9269452609375 0.1932632859375
1 0.71875 0.6296875 1 0.6296875 1 0.287106725 0.9922242765625 0.29198409375 0.971675728125 0.26570398281249996 0.9492171828125 0.251857746875 0.92226744375 0.240360478125 0.8952866015625001 0.2363212484375 0.8714908015624999 0.228619615625 0.85161345625 0.2248582828125 0.839953984375 0.216254346875 0.8494132265625 0.202050171875 0.8509085750000001 0.18420646093749998 0.838484590625 0.175457859375 0.8310001249999999 0.187903165625 0.8245004734375 0.17387796093750002 0.8009923328124999 0.17582723125 0.7931891046875 0.1860796734375 0.8007409265625001 0.20990045156249998 0.795518896875 0.23023779531250002 0.7693673515625 0.23701823593750002 0.7505421765625 0.2430524765625 0.736812040625 0.232990440625 0.7198346515625 0.24150688125 0.71875 0.24183003281249998 0.71875 0.6296875
0 0.491521 0.6296875 0.49206025000000003 0.6347078421875 0.49597870312500003 0.63864814375 0.5020948078125 0.6398054765625 0.5051528625 0.64038414375 0.5182765781249999 0.63860240625 0.5244237890625 0.6323017 0.5249927203125 0.6296875 0.491521 0.6296875
0 0.4403661484375 0.6857035781249999 0.4520878296875 0.6793914390625 0.4604326921875 0.6703077671875 0.44020548125000003 0.671811603125 0.4232903015625 0.6654119703125 0.416536671875 0.6598689015625 0.415137209375 0.6809295796875 0.42625504375 0.6883647484375001 0.4403661484375 0.6857035781249999
0 0.3958662828125 0.689012021875 0.39838269843749996 0.68842191875 0.409243978125 0.6787481453125 0.414753665625 0.6680617078125 0.412809990625 0.6623625375 0.40748950156249997 0.653891834375 0.3944616703125 0.6588905375 0.382198353125 0.664033909375 0.37853645468749997 0.6772025515625 0.37926986406249996 0.684805253125 0.38363406875 0.6866973546875 0.3958662828125 0.689012021875
0 0.2672671625 0.9653670578125 0.2769181765625 0.9575968187499999 0.27892405937500003 0.9483799125000001 0.2752595859375 0.935957475 0.2682830796875 0.9314385078124999 0.25385321250000004 0.9319068093749999 0.24964967656249998 0.9439066828125 0.250064325 0.9493165187500001 0.2517540203125 0.9634978265624999 0.257870125 0.9646551593750001 0.2672671625 0.9653670578125
0 0.24917024687499997 0.9278218421875 0.2394233453125 0.9323751124999999 0.230409853125 0.9445310859375 0.23528459062499998 0.955049990625 0.2467522921875 0.9572199890625 0.252261978125 0.9465335500000001 0.24917024687499997 0.9278218421875
1 0 0.6296875 0 1 0.196427171875 1 0.19776380468750002 0.9884684828125 0.199450925 0.9770587093750001 0.219167603125 0.9669280671875 0.22286060624999998 0.9463013874999999 0.2328614859375 0.9332659796874999 0.2368732515625 0.9148321687500001 0.2594251078125 0.9063042937500001 0.2682468265625 0.88771438125 0.2667800078125 0.872508975 0.274199690625 0.8493886609375 0.273178625 0.8321350515624999 0.28117105 0.80272546875 0.27355701875 0.793820765625 0.27078405 0.7773019234375 0.282378740625 0.775230853125 0.28999019375 0.7585444765625 0.28674036875 0.7515318718749999 0.288266821875 0.7262301265625 0.306866546875 0.69562890625 0.3121196796875 0.667833525 0.301766359375 0.6605430218749999 0.2864760921875 0.6576496890625 0.27730193281250004 0.655913690625 0.2708080796875 0.6296875 0 0.6296875