0 0.08521451249999999 0.5398037421875 0.089355796875 0.5402163421874999 0.097638365625 0.541041540625 0.107909665625 0.53417328125 0.10848171250000001 0.5294953140625 0.10651984218749999 0.5198299328125 0.10350922031250001 0.518740821875 0.08901472499999999 0.517296725 0.0843013921875 0.5215620890625 0.080895975 0.53227104375 0.08521451249999999 0.5398037421875
0 0.09744635625 0.4826245796875 0.106764246875 0.4835529296875 0.114202178125 0.4827156578125 0.12211681249999999 0.47798007968749995 0.130508153125 0.469346196875 0.1280695765625 0.46357912187499994 0.1212036953125 0.459738428125 0.1077445203125 0.45839747812500004 0.0938086390625 0.46095483593750003 0.0924738640625 0.47187008906249994 0.09744635625 0.4826245796875
0 0.2175557109375 0.42593426718750005 0.22583828125 0.426759465625 0.23271759687500002 0.4219207390625 0.230660384375 0.41303501875000004 0.2251158453125 0.4069584921875 0.220129921875 0.404883421875 0.208646046875 0.40452843281249995 0.20223000781249997 0.4141482765625 0.2085238453125 0.422666934375 0.2175557109375 0.42593426718750005
0 0.0530752875 0.3827155109375 0.0453513359375 0.385891765625 0.0455285859375 0.3930118640625 0.053429792187500005 0.39695570625 0.056713006249999996 0.4043852546875 0.07281486875 0.4012545390625 0.081587575 0.3895020125 0.06474984375000001 0.3815111765625 0.0530752875 0.3827155109375
1 0.36875 0 0 0 0 0.292153840625 0.013663281250000001 0.3022403515625 0.026455070312500002 0.309038928125 0.0437695046875 0.3131314578125 0.057024565625 0.3247111484375 0.073576271875 0.33504096875 0.07525211875 0.34704533125000003 0.0822952546875 0.3580061234375 0.0820911421875 0.36824486562500003 0.1050588875 0.3689548421875 0.1200032265625 0.383859478125 0.1242264203125 0.3921718359375 0.15143079375 0.3925147515625 0.182967134375 0.39171094375000004 0.2030195984375 0.39055214843749997 0.2178001171875 0.3896572640625 0.2472658140625 0.38864715625 0.2484783875 0.3958704046875 0.24262096249999998 0.40949170312499994 0.24619020156250002 0.4145822671875 0.2611614015625 0.4121280625 0.27509728125 0.4095707046875 0.28019197500000004 0.40218669531250006 0.2866080171875 0.3925668515625 0.2909399828125 0.3914201296875 0.30325506406249997 0.40211700937500006 0.30042169531249996 0.4081479984375 0.29908691875 0.4190632515625 0.3110340671875 0.42419935625000005 0.31931663593750004 0.4250245546875 0.3353365875 0.413994078125 0.3369573859375 0.40073984218750003 0.3526644546875 0.4094071890625 0.3679082484375 0.4132934203125 0.36714551875 0.4195307078125 0.3578142 0.42728177812499996 0.342366290625 0.433634290625 0.3393422390625 0.44122459999999997 0.34498211875 0.44652146562499995 0.3609752109375 0.4528498296875 0.36875 0.451707859375 0.36875 0
0 0.45591438125000006 0.126842821875 0.452440484375 0.1209725953125 0.4444439390625 0.1178084140625 0.436719984375 0.12098466875 0.43191131250000003 0.126029696875 0.42945930624999995 0.128942040625 0.43161185937499996 0.13704809843750002 0.44497569375 0.139168709375 0.45260430312499994 0.136772115625 0.45591438125000006 0.126842821875
0 0.529352375 0.057611003125000004 0.5345974609375 0.0747059328125 0.541558684375 0.07776696562499999 0.5570885000000001 0.07931421250000001 0.5636817921875 0.07681447031250001 0.567468575 0.06298687187499999 0.5681359609375 0.0575292453125 0.56814939375 0.048849825 0.5610928265624999 0.0465684546875 0.5507396171875 0.0455369546875 0.544241665625 0.0472570375 0.53341175 0.050123843749999994 0.529352375 0.057611003125000004
0 0.6426669765625 0.133611740625 0.635242478125 0.12576959375000002 0.6282812515625 0.1227085609375 0.6110487265625 0.1265157890625 0.6074660578125 0.1301046453125 0.605668009375 0.13623878125 0.6083926078124999 0.139666875 0.6253256781250001 0.14687805 0.6349295921875 0.145467415625 0.6426669765625 0.133611740625
0 0.6789891015625 0.3250505921875 0.6691945046875001 0.32802055 0.66580251875 0.33005008281250003 0.6638137875 0.337743540625 0.6653123843750001 0.3426278078125 0.672368946875 0.344909178125 0.674439590625 0.345115478125 0.6798068781250001 0.34407190625 0.6854601890625001 0.3406893515625 0.6880075375000001 0.33699734531250003 0.6867949640625 0.329774096875 0.6789891015625 0.3250505921875
0 0.712557115625 0.41046762968749995 0.706890371875 0.4225296046875 0.7029263390625 0.429237103125 0.7045068453125 0.4420211296875 0.7135387124999999 0.44528845937500006 0.7197506390624999 0.44590735937500003 0.727665275 0.4411717828125 0.73011728125 0.4382594375 0.72994003125 0.43113933906249996 0.7311794640625 0.42100374843750005 0.7318468515625 0.415546121875 0.720935025 0.4105131671875 0.712557115625 0.41046762968749995
0 0.7652215328125 0.38256991406249996 0.7707660703125 0.388646440625 0.767633246875 0.40569583124999997 0.7645138515625 0.4140658015625 0.7778092078125 0.3996072328125 0.7843205875 0.38920772812500004 0.7879166859375 0.376939453125 0.789060778125 0.3675835203125 0.781159575 0.36363967812500003 0.7755062640625 0.3670222328125 0.7665563078125001 0.3716546609375 0.7652215328125 0.38256991406249996
0 0.807056034375 0.3575390046875 0.8075461703125001 0.3449612796875 0.7988956671875 0.3385753046875 0.785531834375 0.3364546953125 0.77780788125 0.33963095 0.776581878125 0.341087121875 0.7750698515625001 0.34488227656250003 0.7743071234375 0.3511195640625 0.783979515625 0.3662881109375 0.797629371875 0.3660697375 0.807056034375 0.3575390046875
1 1 0 0.544599884375 0 0.54279679375 0.0076550921874999995 0.5537905296875 0.020587803125 0.5664050671874999 0.02026628125 0.5791149437499999 0.019165096875000003 0.5817442015625 0.023372851562499998 0.5718542640625 0.02712246875 0.56223691875 0.037212521875 0.57502870625 0.044011096875 0.5717186296875 0.053940390625 0.5774404203125 0.06713701562499999 0.604835475 0.0659206078125 0.5962668828125001 0.06743439062499999 0.5856142171875 0.0774212953125 0.5830534390625 0.08979272031249999 0.597084659375 0.0864557046875 0.6246435359375 0.10103881562499999 0.6296160265624999 0.11179330624999999 0.641277153125 0.11926839375 0.6533062109375 0.1323042578125 0.6679913875000001 0.13218903437500001 0.6700486 0.1410747546875 0.6754977984374999 0.147930940625 0.697252971875 0.14141766875 0.6971442 0.1508767515625 0.7110532171875 0.165678234375 0.7065171390625 0.1770637 0.729294203125 0.17933299687499998 0.7295667953125 0.185673434375 0.7438706093749999 0.18867685625 0.7418818765624999 0.196370315625 0.7593735640625 0.2075829453125 0.766252878125 0.20274421718750002 0.78471140625 0.1974808171875 0.7806386015625 0.21364739687499998 0.7920271328124999 0.214782046875 0.80490083125 0.2294803828125 0.8004600937500002 0.2400861859375 0.8098464625 0.2575937140625 0.8224475671875 0.2659516125 0.8375006781250001 0.271397165625 0.8632198859375 0.25817639375 0.8692411296875001 0.260354615625 0.8822370296875001 0.2569144484375 0.8961594796875 0.2630365125 0.9016086765625001 0.2698927 0.9176971093749999 0.275441403125 0.9290171609375001 0.259996871875 0.9409643109375001 0.2651329765625 0.9383081890625 0.2782840625 0.9525166640624999 0.28206714375 0.9762337078125001 0.2852192515625 0.9769830062499999 0.287661384375 0.989406859375 0.288899184375 1 0.28995458749999997 1 0
0 0.3485754375 0.9528020937499999 0.332292453125 0.9548935015625 0.32663519218750003 0.9608288265624999 0.3249685 0.9643764656249999 0.3288311046875 0.9731171109375 0.340450525 0.9789168796875 0.35330377031250004 0.97462691875 0.3558677859375 0.9637412937500001 0.3485754375 0.9528020937499999
0 0.24962633125 0.9150910109374999 0.241420853125 0.921700878125 0.2461649875 0.9333146234375 0.265877715625 0.9334217703125001 0.26147008125000004 0.919056284375 0.24962633125 0.9150910109374999
1 0.36875 0.609375 0.11161027187499999 0.609375 0.1159730703125 0.61725968125 0.1149243171875 0.625835953125 0.1086989609375 0.6338964734375 0.125904625 0.6474480875 0.116586734375 0.6465197375 0.08936893125 0.6548562437500001 0.0941373109375 0.6758494781250001 0.12961082031249999 0.6856970109375 0.15342320781250002 0.6880694593750001 0.1646076265625 0.6994428515625 0.1583957 0.6988239515625 0.1398418296875 0.7048670125000001 0.14198095 0.7216524921875 0.165411971875 0.727143584375 0.1791437390625 0.7348249703125 0.2143580890625 0.729652646875 0.217627871875 0.745761615625 0.25628925625 0.763818359375 0.29974588125 0.7855094953125 0.311488915625 0.8008843421874999 0.3203032375 0.8230698359374999 0.35822875625 0.8300050265625 0.36875 0.8310532671875 0.36875 0.609375
0 0.7201460015625 0.706547271875 0.72436090625 0.7023250890625 0.7315726890625001 0.6937593734374999 0.722950153125 0.6836160687499999 0.7078851921875 0.6858288265625 0.6981251890625 0.6950690859375 0.70442384375 0.7040524375 0.7201460015625 0.706547271875
0 0.737564890625 0.61451196875 0.7306896046875 0.6203259421875 0.7294557796875 0.6304156734374999 0.7437355796875 0.634623653125 0.7561401609375 0.6340026828124999 0.75516226875 0.6218357515624999 0.7497451374999999 0.615725496875 0.737564890625 0.61451196875
0 0.726141475 0.609375 0.7240544515625 0.6140943375 0.7372283921875 0.6172637140624999 0.7458667328125 0.6171959359375 0.7525176859375 0.613216459375 0.7546004421875001 0.609375 0.726141475 0.609375
0 0.938024190625 0.609375 0.9380097609375 0.6186992609375 0.9396606484374999 0.625362703125 0.9468408296875002 0.6372191515625001 0.9576908890624999 0.6392285765625 0.9615692953125 0.6377581390625 0.9668900578125001 0.6345745578125 0.969999103125 0.629313775 0.9649184749999999 0.620451775 0.9550982062500001 0.609375 0.938024190625 0.609375