0 0.5390726015625 0.39238857656250004 0.5418429734375 0.39940958125 0.5487179546875 0.4027065875 0.55787418125 0.396187109375 0.559454340625 0.38223946249999996 0.554544028125 0.3765640609375 0.5437397093749999 0.3780238453125 0.539318525 0.3891859296875 0.5390726015625 0.39238857656250004
0 0.3532606328125 0.10689074218750001 0.35459215 0.11938851875 0.360870665625 0.1238225875 0.36834211250000004 0.12598252968749998 0.37293856718749996 0.11585323750000001 0.3748692703125 0.103971171875 0.37381764375 0.09777441875000001 0.3644521796875 0.0937574328125 0.35897936874999997 0.098722765625 0.3532606328125 0.10689074218750001
0 0.3228041875 0.1786200375 0.3299250921875 0.178714396875 0.334555515625 0.178088775 0.3394318609375 0.1742605078125 0.34052017343749996 0.16671815 0.336627521875 0.1577358328125 0.33178786250000003 0.1478249921875 0.323474025 0.150004759375 0.32014115468750004 0.1536244875 0.318281103125 0.1612711140625 0.3186656125 0.1728403671875 0.3228041875 0.1786200375
0 0.25157477500000003 0.051958890625 0.2486970625 0.062912434375 0.252589715625 0.0718947515625 0.257921221875 0.0754002984375 0.26960189687499997 0.0791044734375 0.2753206328125 0.0709364953125 0.27511139375 0.060400032812500004 0.2731834109375 0.0490393203125 0.2695706484375 0.046358025000000004 0.25841578906249996 0.0457522265625 0.25157477500000003 0.051958890625
0 0.3211357265625 0.0478427859375 0.31724307343749997 0.0388604671875 0.3107892875 0.0333936078125 0.30030154531250003 0.027415309375000002 0.2919170578125 0.0338305140625 0.28861815156250004 0.0469539125 0.2936330828125 0.0578975421875 0.3019808859375 0.0652214484375 0.312960475 0.064794453125 0.3180120921875 0.061998976562499995 0.32015203125 0.060653373437500005 0.3217661578125 0.0562093953125 0.3211357265625 0.0478427859375
0 0.1779010546875 0.129527328125 0.1968779046875 0.134358653125 0.20940096874999997 0.13372311875 0.2277473875 0.13018783750000001 0.2320979171875 0.12326119375 0.2432894640625 0.11012788437500001 0.24136148125 0.0987671703125 0.1779010546875 0.129527328125
0 0.2460720484375 0.312594784375 0.25301768125 0.31165634999999997 0.263788034375 0.3006928953125 0.2584932125 0.28344824062499996 0.252986434375 0.278909903125 0.2422160828125 0.2898733578125 0.24182885468749998 0.3015468828125 0.2460720484375 0.312594784375
0 0.5058362921875 0.2384081921875 0.5116229609375 0.2492475546875 0.51541099375 0.25296164062500004 0.5229164078124999 0.2646252546875 0.5313008953125 0.2582100484375 0.5322139359375 0.24963490156249998 0.5295848703125 0.23414301875 0.5248498296874999 0.2295004109375 0.514396053125 0.23302578125 0.5058362921875 0.2384081921875
0 0.6699415359375 0.363218353125 0.6734836453125 0.3701350859375 0.6769917890625 0.36754815 0.6917594109375 0.3708352453125 0.69358549375 0.3536849484375 0.6912363171875 0.34449409062499997 0.6851330718749999 0.34109281406249997 0.675976846875 0.3476122890625 0.6699415359375 0.363218353125
0 0.6838015562499999 0.3285950390625 0.6730339234375 0.31631571406250003 0.6629306890625 0.32190666874999996 0.659210590625 0.3371999203125 0.6524035406250001 0.35291025625 0.64089541875 0.3734816515625 0.6545774468750001 0.36106832187500004 0.671626315625 0.354538934375 0.6856588859375 0.34419119062500003 0.6838015562499999 0.3285950390625
0 0.8510575750000001 0.459375 0.851636684375 0.45699428906249995 0.8509722859375 0.43912401093750003 0.8409057390625 0.4309758578125 0.82848729375 0.436879621875 0.826135396875 0.4509315421875 0.8290931921875 0.459375 0.8510575750000001 0.459375
0 0.7216859906249999 0.0308333390625 0.71814388125 0.02391660625 0.7073395625 0.025376393749999997 0.69499176875 0.027044718750000002 0.685730925 0.0282959625 0.676504046875 0.039050878125 0.6831670703125 0.0550541984375 0.6936548140625 0.061032498437500006 0.70523086875 0.05946844375 0.70993194375 0.054607381249999996 0.7123178078125 0.0500591328125 0.718387084375 0.043956737499999995 0.7216859906249999 0.0308333390625
1 1 0.459375 1 0 0.754314803125 0 0.742839465625 0.0205799546875 0.7508340078125 0.0490810515625 0.7408693578125 0.06944390624999999 0.741638375 0.09258241406249999 0.7391451734375 0.11510521250000001 0.7174658843749999 0.122260221875 0.7214971218749999 0.1460144390625 0.7360894734375 0.1482687421875 0.7436995046874999 0.16520058437500001 0.7421533109375 0.18865190468749998 0.7548149609375 0.2027882703125 0.7601437484375 0.2295365953125 0.7548434890625 0.25877749687499996 0.75385979375 0.271588084375 0.748245678125 0.28502429375 0.75655679375 0.3060873046875 0.779533634375 0.3019264015625 0.791983325 0.328769084375 0.783983346875 0.34675354375 0.7551804328125 0.3770569734375 0.7936993515624999 0.352836115625 0.8135892437500001 0.34909229218750004 0.8117971265625 0.37574625781250004 0.82708784375 0.40537450625 0.8385565609375 0.42178499843750006 0.8550062421875 0.4396354515625 0.8667208828125 0.45284329687499997 0.8791732953124999 0.4564432015625 0.8770879640625001 0.459375 1 0.459375
0 0.2357281015625 0.9328949062499999 0.2321493078125 0.9397172812499999 0.2366384234375 0.9475625359375 0.24274166875 0.9509638109375 0.24838975156249998 0.9470312734374999 0.25112615781250003 0.9445486078125 0.2530568609375 0.9326665421874999 0.243691396875 0.9286495546874999 0.2357281015625 0.9328949062499999
0 0.001507271875 0.9529195796875001 0.0026635171874999997 0.9643845625 0.01332653125 0.971395653125 0.0283061109375 0.9619764328125001 0.0276417109375 0.944106153125 0.0270112796875 0.9357395484375001 0.0183469015625 0.9358537281250001 0.007822471875 0.9436145374999999 0.001507271875 0.9529195796875001
0 0.166178028125 0.8440398953124999 0.17161415468750002 0.852813671875 0.1777173984375 0.85621495 0.18389129531249998 0.8553807875 0.1863817765625 0.856100765625 0.1921711625 0.8436973484375001 0.1879279703125 0.8326494484375001 0.1814741828125 0.8271825875000001 0.17607202500000002 0.8279124796874999 0.16691579843749998 0.8344319562500001 0.166178028125 0.8440398953124999
0 0.2206575015625 0.8208320062500001 0.21725397812499997 0.8286871734375 0.22458411875 0.8393179937499999 0.24843731406249997 0.84032105 0.2527171953125 0.8376298421874999 0.2535962703125 0.819551025 0.24952834687499997 0.8095359156249999 0.24342510312500001 0.806134640625 0.23202431875 0.8087314875 0.2206575015625 0.8208320062500001
0 0.28423070625 0.7256117421875 0.27332176874999997 0.7218032984375 0.269463084375 0.72232465 0.261358484375 0.7350408765625 0.270302753125 0.74122771875 0.2809318015625 0.738735140625 0.28423070625 0.7256117421875
1 0.61875 1 0.61875 0.459375 0.27472586250000003 0.459375 0.28110301875 0.47459370156249997 0.2902932109375 0.4775778953125 0.2840826296875 0.49215116718749996 0.2709631 0.49392376406249994 0.26962886406250003 0.504668765625 0.2798706828125 0.5138497125 0.2792035640625 0.5192222140625 0.2636642046875 0.516039390625 0.237179221875 0.5227872312499999 0.2384061203125 0.530016775 0.22830288593749998 0.5356077296875 0.229529784375 0.542837275 0.237176503125 0.5460300109375 0.2428191453125 0.5885830265625 0.2556927515625 0.5900130765625 0.27165330625 0.5910260453125 0.28256224375 0.5948344921875 0.27764921249999996 0.6124018687499999 0.26302017499999997 0.6238866765625 0.2603177359375 0.6358730125000001 0.26887477656250003 0.6537333765625 0.28438016875 0.64741253125 0.290658684375 0.6518465984375 0.27859078125000003 0.659815946875 0.2738163359375 0.6921552249999999 0.2876709171875 0.70401746875 0.29289780312499997 0.7022547828125 0.3011749546875 0.7138141250000001 0.30527684375 0.7333329046875 0.3206409328125 0.7354829359374999 0.318568925 0.7558358796875 0.3140770890625 0.771233403125 0.3190553328125 0.7959161437500001 0.31210698125 0.820097353125 0.3167007171875 0.8332108406250001 0.32753900156250004 0.8412547234375 0.337534896875 0.8536383187500001 0.36047505156250004 0.8632165234375 0.374400284375 0.8708433265625001 0.385377153125 0.8936591109375 0.3967072875 0.895297703125 0.4084898609375 0.9275128859375 0.4313593625 0.9413265296875 0.44454410468749994 0.9818040531250001 0.445576934375 1 0.61875 1
0 0.8118666875 0.5973700375 0.8188123218750001 0.5964316046875 0.821969921875 0.5917790843749999 0.8241805140625 0.5861980421874999 0.8211302515625001 0.572876015625 0.8099753921874999 0.5722702156249999 0.8045025796875 0.5772355484375 0.8029930734375 0.586947759375 0.8062892578125 0.5970671390625 0.8118666875 0.5973700375
0 0.71253000625 0.5516290453125 0.7235095953125 0.5512020515625 0.7319987046875001 0.5500550765625001 0.74329486875 0.5421899984375 0.737474234375 0.5218469671875 0.73087914375 0.524850984375 0.723161771875 0.5258936875 0.7157949453125 0.5290019781249999 0.710076209375 0.5371699546875 0.71253000625 0.5516290453125
0 0.735057125 0.49364876874999997 0.7471589937500001 0.495183090625 0.7555774484375 0.4982715546875 0.7713287640625 0.4887480609375 0.7714700703124999 0.48027718437499994 0.7631222656250001 0.47295327968749995 0.748634534375 0.4759672109375 0.7296549640625 0.49437866249999995 0.735057125 0.49364876874999997
0 0.77871376875 0.459375 0.78448498125 0.47323635625 0.7918151234375 0.48386717656249995 0.7995324921875 0.48282447343749996 0.80475938125 0.4810617890625 0.8075324734375 0.46484001406250003 0.8034957421875 0.459375 0.77871376875 0.459375