1 0 0.409375 0.41875 0.409375 0.41875 0 0.03294580625 0 0.0307144859375 0.0034370437500000003 0.02906725625 0.013490315624999999 0.01235243125 0.0062827546875 0 0.0051929953124999996 0 0.409375
1 0.5819295796875 0 0.5823692140625 0.0173524484375 0.56595060625 0.0276112171875 0.544349471875 0.0181018296875 0.53564759375 0.032662190625 0.5451667953125 0.0388125078125 0.5141731671875001 0.0223794734375 0.49927508125 0.0233583046875 0.4991769 0.03680695625 0.5137091234375 0.0444857734375 0.5088656109375 0.061196931249999996 0.487419715625 0.0635895390625 0.480083115625 0.056967962500000004 0.4612142203125 0.0629069875 0.46084835625 0.071564634375 0.444288771875 0.076259071875 0.4438104625 0.09202771093749999 0.43419308437500004 0.09932604687499999 0.42415277500000004 0.08993138125 0.42502548124999995 0.0781804203125 0.41875 0.07566977968750001 0.41875 0.1012124234375 0.425237784375 0.11543306406250001 0.4193377921875 0.1193178609375 0.41875 0.11976391875 0.41875 0.409375 1 0.409375 1 0.0020126734375 0.9807249718750001 0 0.5819295796875 0
0 0.08500086875 0.4742160109375 0.086774809375 0.46338941250000004 0.0700599828125 0.45618185312500004 0.0624984953125 0.463782259375 0.063160578125 0.47259094218750003 0.0694692296875 0.47906148281250005 0.07884745625 0.479647465625 0.08500086875 0.4742160109375
0 0.25142996875 0.512132265625 0.2499933625 0.5016258921875 0.23751703124999998 0.49424914375 0.23315182812500002 0.4951916625 0.219690346875 0.506676865625 0.2233095578125 0.5167119796875 0.22666108125 0.5219560875 0.2368138328125 0.5242397624999999 0.247980265625 0.520336809375 0.25142996875 0.512132265625
0 0.3256510390625 0.44463482499999996 0.320525571875 0.4502173140625 0.3152733984375 0.45657313125 0.3142597171875 0.462759759375 0.32197644531249997 0.46706135 0.32891865 0.4696652484375 0.3361000078125 0.46438482968750006 0.34223915312500003 0.4526157125 0.338113103125 0.44567391093750003 0.3256510390625 0.44463482499999996
0 0.1524970765625 0.6148041765625 0.1555666484375 0.60891961875 0.156326909375 0.6042796484374999 0.15104620156249998 0.5979601421874999 0.13716179687500002 0.59275234375 0.1319096203125 0.5991081609375 0.1312760703125 0.602974803125 0.135402121875 0.6099166046875 0.1410629578125 0.613916125 0.1524970765625 0.6148041765625
0 0.07966981875 0.6737950046875 0.08376733750000001 0.6680614796875 0.0827251265625 0.6615727843749999 0.06922084843750001 0.6540450015625 0.0593357828125 0.65655233125 0.0528022421875 0.664303771875 0.05539350625 0.6741878515625 0.06850338593750001 0.6776979578125 0.07966981875 0.6737950046875
0 0.038339667187499996 0.6305009765625 0.023047184374999998 0.6274621296875 0.0325663859375 0.6336124453125 0.041198617187499995 0.6451760609375 0.038762593750000005 0.647193978125 0.036735232812500004 0.6595672328125 0.0441842765625 0.6590778171875 0.05033768749999999 0.6536463625 0.0541817875 0.649459496875 0.06432027343749999 0.645405509375 0.0734308140625 0.6412004859375 0.06699545 0.6355032749999999 0.0590253015625 0.632748340625 0.0451551609375 0.6338782046875 0.038339667187499996 0.6305009765625
0 0.0366815296875 0.7498411593750001 0.0404274515625 0.7591029453125 0.0457081578125 0.7654224515625 0.0550863828125 0.766008434375 0.0629155578125 0.763199034375 0.06997020312499999 0.7586919421875 0.0705894890625 0.7484876390625 0.0606901578125 0.74465730625 0.049382749999999996 0.7429959265624999 0.043736178125000004 0.7453340671875 0.0366815296875 0.7498411593750001
1 0.41875 1 0.41875 0.4564724625 0.41250535624999995 0.454228415625 0.3958047984375 0.4533585203125 0.379878765625 0.454186315625 0.36331918281250003 0.458880753125 0.34008508125 0.46576229687500004 0.32622920624999996 0.47322982187499996 0.3175130625 0.4814525203125 0.314584465625 0.4929014140625 0.29434860937499996 0.46221008750000003 0.2951944625 0.495596090625 0.277226803125 0.502459478125 0.26927091875000003 0.50604220625 0.27521370625 0.5211703953125 0.259287675 0.5219981890625001 0.254049765625 0.5346916703125 0.2535714546875 0.55046030625 0.2534590109375 0.5575712984375001 0.243968340625 0.56409630625 0.22995722500000002 0.5596618359375001 0.22086095 0.5702045203124999 0.192472853125 0.5699932296875 0.18271449687500002 0.57172723125 0.1778709828125 0.5884383890625 0.1940647015625 0.5924015984375 0.19934540625 0.5987211046875001 0.18882679062500002 0.605095078125 0.18229325000000002 0.61284651875 0.1733236859375 0.6226158734375 0.1694795859375 0.626802740625 0.159960384375 0.6206524250000001 0.145329984375 0.6264222593750001 0.13689579062499999 0.645773625 0.143218709375 0.658581828125 0.1419516078125 0.6663151125000001 0.139544115625 0.6810083546875 0.130856503125 0.7019063765625 0.11756453124999999 0.7316312375 0.125830896875 0.7518525 0.1113414703125 0.7631866687500001 0.10303398906250001 0.7817647062499999 0.11153950937499998 0.79410165 0.12029844999999999 0.8048919375000001 0.12304495468750001 0.8266780140625001 0.13270513281250002 0.8383926625000001 0.14094296875 0.8459386015625 0.14522425781249998 0.864782396875 0.1428167671875 0.8794756375 0.1563638390625 0.9060164078125 0.16784075468749998 0.9259174453125001 0.181753690625 0.9438005671875 0.19706043906249998 0.9531770765625 0.2096777453125 0.9661181593750001 0.2190987671875 0.985717128125 0.2272004375 1 0.41875 1
0 0.41875 0.5964674343749999 0.43151027500000005 0.6007244859374999 0.44447918125 0.5986702578124999 0.4443239390625 0.5867682609375 0.43287555468749994 0.5795425484375001 0.41875 0.5809514499999999 0.41875 0.5964674343749999
0 0.4990870375 0.6059017625 0.51374596875 0.6128072515625 0.5270950046875 0.6084330390625 0.5207720874999999 0.5956248359374999 0.5084367328125 0.5938124218749999 0.50612741875 0.595057009375 0.4990870375 0.6059017625
0 0.573199021875 0.6611398859375 0.5703828671875 0.6654777890625001 0.5628213796875 0.67307819375 0.574143053125 0.6810772359375 0.58647840625 0.68288965 0.5959690796875 0.6763646421875 0.5940113640625 0.662613921875 0.5842387421875 0.6580102625 0.573199021875 0.6611398859375
0 0.5090056734374999 0.7895066156249999 0.50259884375 0.796484728125 0.497726796875 0.800520559375 0.5049509515625 0.8142531265624999 0.5278191875 0.8160292312500002 0.5350005453125 0.8107488109375 0.5267341796875 0.790527546875 0.5165814281250001 0.7882438734375 0.5090056734374999 0.7895066156249999
0 0.7057881328125 0.6164733984375 0.6957620921875 0.613416396875 0.6826664765625 0.6162439515625 0.678329803125 0.6298617953125 0.6897781859375 0.6370875078125 0.7023669625 0.6373532671875 0.70723900625 0.6333174328125001 0.7087595265625 0.6240374937500001 0.7057881328125 0.6164733984375
0 0.757874375 0.587696846875 0.7522278046875 0.5900349874999999 0.7477501562500001 0.598088496875 0.7509749671874999 0.6041059343749999 0.764211559375 0.6068427109375 0.770886075 0.60465560625 0.7716320703124999 0.5936779734375 0.76301410625 0.58845201875 0.757874375 0.587696846875
0 0.8955159453124999 0.44794727187500005 0.8910382953125 0.45600078125000004 0.8770557109375 0.4642416359375 0.8832519171875 0.4778231671875 0.8985444015624999 0.4808620140625 0.907260546875 0.47263931562500006 0.9087810671875001 0.4633593734375 0.904781725 0.45564424531250003 0.8955159453124999 0.44794727187500005
1 1 1 1 0.6012221796875 0.9894995984375001 0.6003466562499999 0.975108353125 0.598232171875 0.982022025 0.5881607453125 0.9532252671875 0.577594115625 0.9477750531249999 0.5530349515624999 0.929004334375 0.5455253234375 0.9098820203125001 0.55301100625 0.9160924953125 0.5729302 0.9125160796875 0.5819080703124999 0.9022080859375 0.5677224015625 0.878353021875 0.5269959625 0.8649469249999999 0.5060195265624999 0.849202984375 0.47361235468749996 0.8518370453124999 0.5025094203125 0.8158303984374999 0.4845478859375 0.8487960031250001 0.521069303125 0.8574424984375 0.5389705796875 0.871453615625 0.54340505 0.888507453125 0.5870919234375 0.8870154640625 0.6090471890625 0.8756937890625001 0.601048146875 0.8668081390625 0.5910311874999999 0.8535858140624999 0.594632071875 0.8273803203125001 0.593949521875 0.76370471875 0.6099360265625 0.747145134375 0.6146304625 0.7351185843750001 0.578809753125 0.71798083125 0.5549091921875 0.7008430796875 0.5310086328125 0.701308803125 0.5667146203125 0.6956907640625 0.5817280859375 0.712799984375 0.5929533203125 0.71696883125 0.6189081078124999 0.732669975 0.63230229375 0.71037990625 0.6591211859375 0.6969184281249999 0.6706063890625 0.6885824125 0.676509103125 0.6730079796874999 0.6623415875 0.6493652187500001 0.65886779375 0.6299752156249999 0.6615624703125 0.635819825 0.6901393109375 0.6269912359375001 0.705473 0.6248514296875 0.7249572453124999 0.602461503125 0.7074125046875 0.603644690625 0.719465534375 0.619345834375 0.7328597203125 0.61177008125 0.7341224640625 0.57638271875 0.705956625 0.5192532468750001 0.6627170640625 0.5657373906250001 0.7131039250000001 0.5700044171875 0.725610059375 0.5940558421875 0.7394391953125 0.5854949390625 0.7595638906250001 0.5725260343749999 0.7616181171875 0.5735825125 0.7744444765624999 0.5648806328125 0.7890048375000001 0.5524756296875 0.8133163984374999 0.546843325 0.8219922015625001 0.5391693921874999 0.8367035968749998 0.5447320515625 0.854151771875 0.5454226625 0.8756357765625001 0.5428741968749999 0.8847646843749999 0.5278779296875 0.8991921671875 0.5312437203125 0.9107739375000001 0.5418051328125 0.92341295 0.54117158125 0.9272795921875 0.52651265 0.9203741031250001 0.50891085625 0.9185798437500001 0.4816916796875 0.9240839203124999 0.49135185625 0.9357985703124999 0.5292591546875001 0.9421601781250001 0.544678346875 0.944425696875 0.5562819718750001 0.9635534078125 0.5622104953125 0.972343934375 0.562253290625 0.99135691875 0.56393710625 1 1 1