0 0.0639120109375 0.3821223546875 0.071436975 0.3612577890625 0.0714358421875 0.35184799375 0.061139496875 0.35064327500000003 0.051276428124999995 0.35494527656249997 0.048594871875 0.36032476562500004 0.04400961875 0.3640582 0.050672559375 0.36981938125 0.050932976562499996 0.3768873296875 0.057250203124999996 0.38577097031249996 0.0639120109375 0.3821223546875
0 0.177343534375 0.38440321875 0.17898681249999998 0.378981321875 0.1713720234375 0.3723971171875 0.1620275265625 0.372015425 0.148011346875 0.37614778437499996 0.14429151406250001 0.3814848625 0.1435136546875 0.3885104015625 0.14732105 0.3918025046875 0.16332735468749998 0.38853557968749997 0.177343534375 0.38440321875
0 0.7350754296875 0.2092987703125 0.7449427984375 0.2007581953125 0.7371972265625001 0.19013493125 0.725345234375 0.1876244796875 0.71729665 0.19945389687499998 0.7191983437499999 0.20662390625 0.7350754296875 0.2092987703125
0 0.412539509375 0.43219608750000005 0.4058325796875 0.44408030624999995 0.428194796875 0.4490464796875 0.44105184218750004 0.4424793921875 0.4299032578125 0.42974576249999996 0.412539509375 0.43219608750000005
0 0.5582884328125 0.289369834375 0.5658073984375 0.27736034374999996 0.5540670875 0.273841209375 0.534723271875 0.26595882187500003 0.5189579171875 0.262275278125 0.5355082421875 0.283214978125 0.5582884328125 0.289369834375
0 0.5582087609374999 0.3094718125 0.5430033156249999 0.312903471875 0.549490128125 0.3273530234375 0.564473825 0.3380968953125 0.56905563125 0.32105995468750004 0.5582087609374999 0.3094718125
0 0.597344671875 0.3333604734375 0.584561890625 0.341093465625 0.5927628140625 0.3503974125 0.6030497718750001 0.3548703515625 0.6142300703125001 0.3512742796875 0.6114333843749999 0.34001503906249997 0.597344671875 0.3333604734375
0 0.5909760421875 0.3665353546875 0.5897444281249999 0.353313703125 0.5710092015624999 0.3418061453125 0.55698360625 0.3448832 0.55955694375 0.3581597328125 0.5689504703124999 0.37070159999999996 0.5805791078125 0.37522934375 0.5909760421875 0.3665353546875
0 0.5578807015625 0.38432276875000004 0.5531850546875 0.36701813125 0.53059946875 0.36406917031249997 0.5345145375 0.377400509375 0.54256638125 0.38988757343749997 0.5578807015625 0.38432276875000004
0 0.7533333109375 0.2618814578125 0.7319518234375 0.26185678125 0.724909896875 0.2767668984375 0.7403402890624999 0.283476265625 0.761919165625 0.2833445234375 0.76012919375 0.2751659078125 0.7533333109375 0.2618814578125
0 0.7292732656250001 0.29822196875 0.7524172281249999 0.29612774218750004 0.7501789046875 0.2798253890625 0.7331834890625 0.2750784328125 0.723855284375 0.284736340625 0.7292732656250001 0.29822196875
0 0.9490858156249999 0.2849104953125 0.9367885890625001 0.29343396093749996 0.9287401375 0.31042228125000004 0.9412637734375 0.31903925312500003 0.9574742203125 0.3065300546875 0.9668644953125 0.29475536562500004 0.960826025 0.28842962656250004 0.9490858156249999 0.2849104953125
1 1 0.459375 1 0.347334925 0.9944883453125 0.349582478125 0.977379703125 0.33368588906249996 0.964634328125 0.33924436875 0.9602725624999999 0.3299475375 0.9205798812499999 0.3232603046875 0.90045435625 0.32243824375 0.8855824328124999 0.31068576718749996 0.8730603 0.3142270328125 0.8719435656249999 0.3243132546875 0.8657950812500002 0.3311543640625 0.8508097796874999 0.3082522515625 0.8246457828124999 0.301104453125 0.8180506578125 0.3119800703125 0.7940116046875 0.3099849859375 0.7804812703125 0.2982872328125 0.7810381359375 0.2810858875 0.7619208203125 0.2955027640625 0.756220625 0.3104676859375 0.7359834296875001 0.31065423124999997 0.7368800171875 0.3269017796875 0.7273780703125 0.339685075 0.7205578921875 0.3404196609375 0.7104943265625 0.3339295125 0.6874620453125 0.33501505625 0.6609646312499999 0.34305139375000004 0.6330138625 0.3520415359375 0.607971509375 0.3712823140625 0.5901959781249999 0.385753996875 0.5706320703125 0.404205384375 0.569403665625 0.41530021406250006 0.559900071875 0.415925190625 0.5529698171875 0.4298267015625 0.5309442437499999 0.433992946875 0.5162955609375001 0.4202232546875 0.490243246875 0.4120667734375 0.4829779671875 0.42899417968750003 0.5022101109375 0.437885171875 0.4906964453125 0.4566653828125 0.4879682390625 0.459375 1 0.459375
0 0.07845688906250001 0.542206925 0.0782851625 0.5531779515624999 0.09550373437500001 0.5578020015625 0.1063186515625 0.5543230265625 0.106923653125 0.5488587171875 0.0962804609375 0.5413666671875 0.08304214062500001 0.5384734875 0.07845688906250001 0.542206925
0 0.1948269875 0.5179468640625 0.18530963281249999 0.5191264015625 0.17735026250000002 0.5250744546874999 0.1733711421875 0.5327533796874999 0.1828032 0.5417642500000001 0.193272403125 0.5414077359375 0.1976847984375 0.53923553125 0.20088492656249998 0.5291723515625 0.20053807968749998 0.5228850171875 0.1948269875 0.5179468640625
1 0 1 0.3796875 1 0.3796875 0.6354817953125 0.366150796875 0.634033390625 0.357704621875 0.654906453125 0.33612429375 0.6503348718749999 0.31617086250000004 0.63106935 0.3042622078125 0.6388856421875 0.2849228578125 0.6473209390625 0.2439014984375 0.652103021875 0.190563428125 0.6573045343749999 0.1584993140625 0.6587623953125 0.1423160671875 0.67193923125 0.0998711734375 0.6895785109375 0.0965130421875 0.6977440609375 0.066281846875 0.7048119390625001 0.0278065046875 0.7198457875 0.0103000734375 0.7338910999999999 0 0.7326442953125 0 1
0 0.30039034062500003 0.6073616578125 0.2868534609375 0.6188015390625 0.2908243453125 0.6272664546875 0.31617086250000004 0.63106935 0.3201390796875 0.617393571875 0.31097714375 0.6114841906249999 0.30039034062500003 0.6073616578125
0 0.0074276953125000005 0.54926888125 0.0062075265625 0.5602893359375 0.013741235937499999 0.5698223078125 0.0333869640625 0.56970224375 0.0320843765625 0.5488032234375 0.0309412953125 0.5474617609375 0.015570160937499999 0.5422212796875 0.0074276953125000005 0.54926888125
0 0.48625924375 0.5870814953125001 0.48236541875 0.5845700078125 0.4687813828125 0.584799290625 0.46644554375 0.5870563171875001 0.464109703125 0.58931334375 0.461168859375 0.5970346765625 0.471812053125 0.604526728125 0.48115655 0.60490841875 0.4867800796875 0.60121739375 0.49058634218749997 0.5950997015625 0.489980209375 0.5911542125 0.48625924375 0.5870814953125001
0 0.479361928125 0.7906776671875 0.4801397859375 0.7836521281250001 0.4801386531249999 0.77424233125 0.474168275 0.771646025 0.4656892 0.7728679734374999 0.4558261296875 0.777169975 0.4527988578125 0.7856719249999999 0.45357785 0.78805618125 0.461451925 0.7922985406249999 0.467681590625 0.7925530015625 0.479361928125 0.7906776671875
0 0.4662213609375 0.8811018296875 0.46673993437499994 0.8764181375 0.46595980781249996 0.864624084375 0.456268465625 0.8579550593749999 0.4412140078125 0.862045009375 0.4372348890625 0.8697239328125 0.4379274515625 0.8728888046875 0.44363854375 0.877826959375 0.4564447203125 0.8846232140625 0.4662213609375 0.8811018296875
0 0.555746459375 0.665981959375 0.5451919593750001 0.6765288843749999 0.55029805 0.6869313453125001 0.56872775625 0.690036575 0.5728797343750001 0.6807964203125 0.5688119203124999 0.67043636875 0.556784734375 0.6660243687499999 0.555746459375 0.665981959375
1 1 1 1 0.5059968015624999 0.9924940140625 0.5081729921875 0.9950914046874999 0.5223937109375 0.9799505203125001 0.5272642765625 0.9507911921875 0.5174476109375 0.9334873234375 0.523013971875 0.9264786671875 0.5203752546875 0.9206800156250001 0.5068079203125 0.9123737953125 0.5064686390625 0.9053640078124999 0.494420125 0.8857231656250001 0.49283371562500006 0.869632696875 0.515700846875 0.8318214359375 0.5086673625 0.8223052140625 0.5192566968750001 0.8240371859375 0.531873775 0.8221346203125 0.5396375203125 0.8143481062500001 0.5440243406249999 0.7556882640625 0.565152653125 0.7242817890625 0.575631990625 0.7308583000000001 0.582173784375 0.7202173734375 0.5935013265625 0.7223826203125 0.611625121875 0.7073281640625 0.615715071875 0.6982418218750001 0.6035817390625 0.6775638359375 0.6113627140625 0.682323078125 0.61547784375 0.6786896734375001 0.6200343046875 0.662769796875 0.6225206140624999 0.6440796703125 0.6123474359375 0.6280733656249999 0.6156143593750001 0.6249596671875001 0.624896925 0.6359485734375 0.6292665140625 0.6463313484375 0.629690615625 0.654120128125 0.6441233859375 0.6576682359375 0.6497573359375 0.651871846875 0.6550095921875 0.6290297453125 0.6540765687500001 0.6149271374999999 0.65898954375 0.6119862953125 0.6667108781250001 0.5931244437500001 0.6675087265625 0.587071034375 0.6939224203125001 0.6056735984375 0.69546641875 0.6069722953125 0.7025767796875 0.6029931749999999 0.710255703125 0.5910535515625 0.7144728828125 0.5907078375 0.7175953453125 0.5745275421875 0.7130137046874999 0.5614632125 0.7179690921875 0.559301359375 0.7280746828125 0.5638013187500001 0.7345316562499999 0.5500455578125 0.745731965625 0.5580936234375 0.7578228890625001 0.5581811828125 0.7664520703125 0.5501365140625 0.7825905343749999 0.5408807140625 0.8002478171874999 0.5393249953125 0.8142988953125 0.5379421343749999 0.8267887437500001 0.5297234765625001 0.8350786421875 0.5273023390625 0.847526078125 0.5305911609375 0.8555018750000001 0.5128574140625 0.8837909046875 0.5228091765625 0.8975278781250001 0.52834854375 0.9134370593749999 0.532070640625 0.9269195734375 0.5323310609374999 0.9339875234375 0.555607571875 0.949837059375 0.5519775640625 0.9826229109375 0.5610576875 1 1 1