0 0 0.2875230109375 0.0094417609375 0.2895980171875 0.0211286953125 0.290060690625 0.023672096875 0.276511603125 0.0080254203125 0.272546565625 0 0.2775664390625 0 0.2875230109375
0 0.0667705203125 0.2178644078125 0.0660109109375 0.229699859375 0.07464239218749999 0.238650765625 0.0872811859375 0.23732230625 0.09338449531250001 0.2335046625 0.09160834062499999 0.2220595296875 0.0803612171875 0.2147447234375 0.0667705203125 0.2178644078125
0 0.0659938671875 0.1908462765625 0.0468519359375 0.20222160156250002 0.027869937500000004 0.21110520156249998 0.0281021578125 0.2205265171875 0.048508153124999995 0.21553551093749998 0.0683221125 0.20672941093750002 0.0806087015625 0.19784835625 0.0877038875 0.19161662968749998 0.09571094531249999 0.1842165796875 0.0798643859375 0.18336618124999998 0.0659938671875 0.1908462765625
0 0.062285590625 0.0915979875 0.054288109375000004 0.08635884687499999 0.042721121875000004 0.0840273046875 0.0356259484375 0.0902590828125 0.03585816875 0.0996803984375 0.047345221874999996 0.1032576640625 0.0601439328125 0.09943756875000001 0.062285590625 0.0915979875
0 0.20312043281249997 0.3101576375 0.2029281921875 0.30011341406250003 0.1975444796875 0.2927185078125 0.181777865625 0.29062224375 0.169411303125 0.3007491125 0.17043548749999998 0.31087093125 0.1767310703125 0.3170975140625 0.1946412625 0.31187386875 0.20312043281249997 0.3101576375
0 0.165662625 0.41131582343749995 0.173109984375 0.4126366359375 0.18226115 0.41348963124999993 0.188484428125 0.40780326406249995 0.18492449375 0.39807176875 0.1726593109375 0.3924424015625 0.1539033734375 0.398940103125 0.14648836875 0.4101551953125 0.1559517453125 0.419183690625 0.165662625 0.41131582343749995
0 0.1780997578125 0.3479306890625 0.17734014843749998 0.35976614218749997 0.1769003765625 0.36661823125000004 0.18311603125 0.3740906828125 0.19496286406250002 0.3720617203125 0.20490640937500001 0.3625550359375 0.20115381718749997 0.35383945 0.19680191875 0.3434074984375 0.1842030984375 0.3441130953125 0.1780997578125 0.3479306890625
0 0.22405554687499998 0.3490810734375 0.23280694999999998 0.35616325312499997 0.24362197187499998 0.3571713359375 0.2486211671875 0.34447778906250004 0.24398944218750002 0.33840625 0.2356302125 0.33825370781249997 0.227151040625 0.3399699390625 0.22405554687499998 0.3490810734375
0 0.2304863796875 0.327121303125 0.2310460921875 0.31840043906250004 0.22134283593749998 0.3131094921875 0.2127037484375 0.31731735781250003 0.20520878125 0.3297783171875 0.198073634375 0.33663295625 0.19339427343749999 0.3443431859375 0.2032973953125 0.3465195390625 0.20387647812499998 0.34601245 0.21538413437499998 0.34075308125000003 0.22659895 0.3355319859375 0.2304863796875 0.327121303125
0 0.3760274359375 0.41964461875000003 0.3724675 0.409913121875 0.364388125 0.4054001734375 0.34996553124999996 0.408442315625 0.34691005 0.41693054218750003 0.34908598281250003 0.422146540625 0.3596611609375 0.4268921296875 0.372219996875 0.42680948750000003 0.3760274359375 0.41964461875000003
0 0.3808514953125 0.43576039375000003 0.3772116015625 0.4272747609375 0.364852659375 0.4242428125 0.35122196875 0.4279854515625 0.349710375 0.43849749375 0.35758985625 0.4461250328125 0.369316778125 0.44596484687500004 0.3808514953125 0.43576039375000003
0 0.3321940875 0.5158219875000001 0.3464968046875 0.514648578125 0.3564075140625 0.5036661609374999 0.3512637140625 0.49253371250000005 0.34048863906250004 0.49090271718749995 0.3301057671875 0.496201359375 0.3264982609375 0.5002515921875 0.3267304203125 0.5096729 0.3321940875 0.5158219875000001
1 0.459375 0 0.07943247656249999 0 0.0790595046875 0.00031089375 0.088915053125 0.016268978125 0.0886751734375 0.0200065234375 0.08645159218750001 0.028572246875000002 0.06818920625 0.0262433953125 0.0644540609375 0.0453211640625 0.0824366171875 0.05201051875 0.09661929999999999 0.05270592187499999 0.10224286875 0.0563633265625 0.0975635125 0.064073459375 0.08040527343750001 0.070620515625 0.0807897921875 0.090708965625 0.08648567812499999 0.1062794171875 0.09309347031250001 0.1206815 0.0953817 0.1371875890625 0.090262571875 0.1517498609375 0.09802211250000001 0.16124612656249998 0.1095015046875 0.1779823015625 0.12930015 0.19549387812500002 0.115109796875 0.20795733749999998 0.130324321875 0.20561564843750002 0.1403074328125 0.2065461890625 0.142675640625 0.221806415625 0.155194496875 0.22234668124999998 0.1578425296875 0.233246446875 0.146587734375 0.2390904515625 0.13707676875000002 0.24384373125 0.1444764765625 0.258946315625 0.14704455 0.271091946875 0.1733939671875 0.26477498125 0.1908320609375 0.2538675203125 0.20410287343750003 0.2557311453125 0.1989837390625 0.2702934671875 0.22219768437499998 0.2737105421875 0.2239738234375 0.285155721875 0.2199265125 0.2960580421875 0.230421696875 0.3020494890625 0.23362181718750002 0.3173872578125 0.25962440625 0.3348504796875 0.27879102968749997 0.3491699203125 0.2958216890625 0.3576504578125 0.3162999875 0.364572396875 0.3296107953125 0.3658131171875 0.34331373906249996 0.37398351875 0.35187287343749996 0.3710214234375 0.36463160625 0.367824190625 0.37500687187500004 0.375684365625 0.366999796875 0.3830844140625 0.3643364703125 0.398502278125 0.3825188796875 0.402076990625 0.38885445625 0.4076807171875 0.3856390421875 0.41866062499999995 0.40143799218750004 0.4332927984375 0.4048932703125 0.41857538749999995 0.417339825 0.4072026578125 0.43702615937499995 0.41342414375000003 0.45596053750000004 0.41832226875 0.459375 0.4174666328125 0.459375 0
0 0.5341143625 0.44807595312500004 0.528916340625 0.44759143906250004 0.5191601734375 0.4529474171875 0.519550221875 0.46316499218749996 0.524548384375 0.4667635625 0.5340047578125 0.4660786640625 0.537423365625 0.46169829218749997 0.5377731265625 0.4562487 0.5341143625 0.44807595312500004
0 0.585736759375 0.5562662828125 0.593913375 0.542931365625 0.5935233234374999 0.5327137890625 0.5886750609375 0.5267796812500001 0.585556246875 0.526488971875 0.5815976890625001 0.52298730625 0.5762997343749999 0.5240598171874999 0.5703522265625 0.5352530015625 0.569552775 0.5477092125 0.571332190625 0.5525740984375 0.585736759375 0.5562662828125
0 0.6295097640625 0.5423335046875 0.6353073765625 0.5334758609375 0.642394421875 0.5208225546875 0.6494315 0.508947759375 0.6487916203124999 0.50262275 0.6365661921875 0.49756734687500004 0.6248807125 0.5003939796875 0.6244809874999999 0.5066220859375 0.6249210046875 0.5160611484375 0.62630069375 0.527154140625 0.6284298671874999 0.5265694328125 0.6295097640625 0.5423335046875
0 0.656787721875 0.4595105234375 0.64862078125 0.4563997578125 0.6372350953125 0.454555309375 0.6297579984375 0.456991040625 0.628168771875 0.465457784375 0.627669115625 0.4732429171875 0.6302882734375 0.481318759375 0.6468220171875 0.48442623593749995 0.6626159515625 0.48276572812499996 0.6634154015625 0.47030951718749997 0.656787721875 0.4595105234375
1 1 0 0.459375 0 0.459375 0.22317948125 0.4655762515625 0.22866499375 0.459375 0.2343968125 0.459375 0.26100164062500003 0.47352398124999995 0.2677811765625 0.4889278640625 0.25590309375000003 0.512838775 0.258131865625 0.535510215625 0.26337778749999996 0.5406985640624999 0.2803079859375 0.5565327890625 0.29431464687500003 0.586671653125 0.3135705203125 0.6046350515625 0.32699247656249997 0.62751603125 0.3126786625 0.63330396875 0.3202667015625 0.6237379890625 0.3389543078125 0.6464094296875 0.3442002296875 0.6374930046875 0.35276716406249997 0.648968946875 0.3695002671875 0.661734325 0.38243770781249997 0.6873247156250001 0.391088390625 0.7041582562500001 0.38952478749999997 0.706737121875 0.38193346093749997 0.718172775 0.382999396875 0.733866778125 0.38289591562499997 0.7431732546875001 0.38454655625 0.7474718953125 0.39904431093750004 0.76861375 0.3955327796875 0.771492409375 0.3832703734375 0.784217496875 0.3805406453125 0.7923344718750001 0.38442992343750004 0.7916849171875 0.39455059531250003 0.7954436109375 0.401166315625 0.8118774234374999 0.40583081718749997 0.8269315468749999 0.3994023296875 0.8280307921875 0.3822750375 0.8354079562500001 0.38139633281249996 0.836687715625 0.39404635 0.83553850625 0.41195215625000003 0.8801915421875 0.41689750312499996 0.9032530359375001 0.4323610015625 0.9113297187499999 0.42058311093749995 0.91326870625 0.406666775 0.8928763359375 0.39850060625 0.8952553406250001 0.3940233328125 0.911698828125 0.382242153125 0.9244642046875 0.39517959375 0.9265837046875 0.41104056718750004 0.931272396875 0.4357558984375 0.9499852843750001 0.4375001546875 0.9581618984375 0.4241652375 0.9502544593749999 0.4007162234375 0.9575413671875002 0.3849488640625 0.9613500265624999 0.39078606875 0.9741250765625 0.387277828125 0.9800725859374999 0.37608464218750004 0.9893790625000001 0.37773528437500004 1 0.3840686484375 1 0
0 0.0285455140625 0.922395371875 0.0168197421875 0.909554834375 0.0007260125 0.9158864203124999 0.0043348109375 0.9248376796875 0.013291529687500001 0.9319379140624999 0.0285455140625 0.922395371875
0 0.0694641 0.6270382609375 0.05352027031249999 0.6310343078125 0.0499517640625 0.6377502171875 0.0494521078125 0.6455353515625 0.0491523140625 0.6502064296875 0.0636068484375 0.6531201 0.071033978125 0.6514628828125 0.0753922609375 0.6487364421875 0.0798504734375 0.6444529734375 0.081039975 0.6422143375 0.082379375 0.6376401609375 0.082529271875 0.635304621875 0.07966028593749999 0.6311213453125 0.0694641 0.6270382609375
0 0 0.8477863734375 0.005172959374999999 0.8465987390624999 0.0244854328125 0.8390008343750001 0.043697975 0.832959959375 0.052064778125 0.8329566703125 0.05811221875 0.820206459375 0.06642905625 0.820981684375 0.0819731609375 0.8232137453125 0.087470978125 0.8190271796874999 0.09326859062500001 0.8101695359375001 0.103714603125 0.8103600546875 0.10396443281250001 0.8064674875 0.10302476093749999 0.8048135593750001 0.09599735468750001 0.8002426703125 0.08372196093749999 0.7959657796874999 0.0666385921875 0.8014219499999999 0.053463815625 0.8111582984375 0.043067770312499996 0.8101892656249999 0.03068276875 0.8239150859375 0 0.8431095187500001 0 0.8477863734375
1 0.459375 1 0.459375 0.559375 0.16739887656250002 0.559375 0.1692548875 0.5713367453125 0.162117878125 0.584768565625 0.1397865203125 0.590518734375 0.13799743125 0.602099528125 0.124132809375 0.60628938125 0.1225435828125 0.614756125 0.114317003125 0.6288695546875 0.1039209546875 0.6279005234375 0.08945674375 0.6414325359374999 0.08385899531249999 0.6471761265625 0.070334459375 0.66236206875 0.0599287390625 0.67783871875 0.0725538921875 0.676666015625 0.0885476875 0.6718914578125 0.1056810203125 0.6656567734375 0.10746043593750002 0.6705216593750001 0.1068108828125 0.6806423328125 0.10200290781250002 0.69037539375 0.1133789203125 0.7086655234375 0.1128792640625 0.7164506562499999 0.104452821875 0.7336781390625 0.086479746875 0.7367018671875 0.076233596875 0.7333972953125001 0.0593500921875 0.7357394125 0.0523629796875 0.74683569375 0.0688467578125 0.7507216828125001 0.09161812968750001 0.754410578125 0.10062481406249998 0.7607322984375 0.0965066859375 0.7760118546875 0.1065932640625 0.7980976484375001 0.11317097812500002 0.80967515625 0.1176195171875 0.821837371875 0.11301140624999999 0.8284563781250001 0.11563056406250001 0.8365322203125001 0.109093140625 0.8406218796875 0.096218159375 0.84568715 0.0962584515625 0.8613543187499999 0.11328217656249999 0.8731223453125001 0.12650691875 0.8626074828125001 0.1495184453125 0.87884949375 0.1666920703125 0.8882819796874999 0.1893135453125 0.8943064140625001 0.17945744531250002 0.9012194203125 0.16356358124999998 0.904436953125 0.16687258437500002 0.918059290625 0.1786483203125 0.9301213140625 0.1894440953125 0.9248622390625 0.20360850937500002 0.9160013062499999 0.22172180625000001 0.927087721875 0.24548281875 0.931652034375 0.260577234375 0.9408907124999999 0.26200688906249997 0.9512051921874999 0.27299285 0.9592777453125001 0.2857082609375 0.9729937 0.2971938796875 0.9732811203124999 0.316896403125 0.9759007921875 0.32471358281249996 0.9844611515625001 0.3232742546875 0.990592353125 0.33539975312500003 0.9972047843750002 0.3357474078125 1 0.459375 1
0 0.5317231765625 0.715606121875 0.5355415109375 0.7049976453125 0.53163291875 0.700717465625 0.518068090625 0.7002362375 0.5101912703125 0.7089000765625 0.5218171125 0.723297640625 0.5317231765625 0.715606121875
0 0.459375 0.6574517765625 0.4766531484375 0.661133209375 0.48739895625 0.6566526484375 0.4900777515625 0.6475042953125 0.4810710703125 0.6411825734375001 0.4685958125 0.6400197359375001 0.459375 0.6425519265624999 0.459375 0.6574517765625
0 0.494445709375 0.628332171875 0.49775471250000003 0.6419545109375 0.512409109375 0.641754128125 0.51835661875 0.63056094375 0.5147977875 0.620831171875 0.507520553125 0.62015285 0.49900385312499995 0.6224916781250001 0.494445709375 0.628332171875
0 0.784050521875 0.9067244546875 0.784350315625 0.9020533734375 0.7721248859375001 0.8969979703125001 0.7606892343749999 0.8959320359374999 0.7582602671875 0.9011878234375 0.75791050625 0.9066374156249999 0.7668672234375 0.9137376500000001 0.779392446875 0.9141219749999999 0.784050521875 0.9067244546875
0 0.889821028125 0.9533925015625 0.888091578125 0.947749103125 0.8716077999999999 0.9438631140625 0.8534848265624999 0.9492223796874999 0.8582331609375 0.956713515625 0.8621417499999999 0.9609936937499999 0.87342750625 0.96439516875 0.8798150328125001 0.9626410468749999 0.889821028125 0.9533925015625
0 0.891149159375 0.8838141109375 0.8745154828124999 0.8822636609375 0.8639695390625001 0.8836301703125 0.8606008953125001 0.8872320265625 0.8629702234375 0.8992004343750001 0.8739062203125 0.908051503125 0.89360874375 0.910671175 0.9025751374999998 0.901325728125 0.8952076453124999 0.8857587500000002 0.891149159375 0.8838141109375
0 0.9697787421874999 0.8645154890625001 0.9851229859374999 0.8698616015624999 0.9967585 0.8678134828124999 0.9982977609375 0.8601252531250001 0.98315338125 0.8516650875 0.9696884859375 0.849626834375 0.969188828125 0.857411965625 0.9697787421874999 0.8645154890625001
1 1 0.559375 0.6045712 0.559375 0.5992846234375 0.5754507109375 0.610570378125 0.5788521859375 0.6292332968750001 0.5813749546875 0.6284338453125 0.5938311671875 0.615408965625 0.6012319765624999 0.6246558046875 0.6201068125 0.6123707359375 0.6322756046875 0.6119113703125001 0.65572790625 0.6296346171875 0.656596746875 0.6526058515625 0.6571715874999999 0.6739878609375 0.6662131734375001 0.67932610625 0.68080783125 0.66961023125 0.7018309781250001 0.6842049890624999 0.7188547921875 0.701837978125 0.704834975 0.7232296609375 0.697430878125 0.7337659296875 0.7125100515625 0.7597560484375 0.7149326296874999 0.7790088828125 0.724558921875 0.7751405828125 0.7359459109375 0.8236925375 0.76161711875 0.8347284640625 0.7689111609375 0.8527321562499999 0.798000284375 0.8656474281250001 0.808602184375 0.8721751765625001 0.8209582046874999 0.8939569109375001 0.823771684375 0.9101505703124999 0.815883071875 0.9298031296874999 0.81928125625 0.94297790625 0.8095449078125 0.9599613390624999 0.805645765625 0.9622307390625 0.8191712015625001 1 0.8304251562499999 1 0.559375
0 0.6578795656249999 0.9497858156250001 0.64481439375 0.94151945625 0.6309497734375 0.9457093078125001 0.62054405 0.9611859593750001 0.6270718000000001 0.9735419796875 0.6427158359374999 0.9742170140624999 0.6565804578125001 0.9700271609375001 0.6578795656249999 0.9497858156250001