1 0.036204946875 0 0 0.33564051093749997 0 0.45412576875 0.009066809375 0.4592132984375 0.017238610937500003 0.4798544234375 0.015271215625 0.4980933 0.0305272390625 0.4975511953125 0.040134775 0.51229748125 0.0549832796875 0.5303638296875001 0.0726236375 0.5522091437500001 0.0805619984375 0.5675991234375 0.0961904421875 0.5858502609375 0.11536099531249999 0.59350978125 0.12473509218750001 0.603004925 0.1401235984375 0.609375 0.46583078593750005 0.609375 0.46563825625 0.60895401875 0.47474923437500005 0.59864265 0.4898959578125 0.599113815625 0.5 0.5852417828124999 0.5 0.02253699375 0.49202686562500003 0.02063058125 0.0490799921875 0 0.036204946875 0
0 0.8726943484374999 0.580433896875 0.87958965 0.575832578125 0.8850195375000001 0.5625707265625 0.8840061609375001 0.5571347953125 0.8763160781250001 0.5542736421875001 0.864741146875 0.55776623125 0.8581885828125 0.5666054218750001 0.857423484375 0.57369831875 0.8607766765625 0.5796886140625 0.86612694375 0.5819954046875 0.8726943484374999 0.580433896875
1 0.5 0 0.5 0.5317223171875 0.5110013953125 0.5373449671875 0.5270670359375 0.5515430203125 0.5424768796875 0.5718206984374999 0.5560785671875 0.5791999703124999 0.559993096875 0.587401596875 0.5735947859375 0.5947808718750001 0.5870100109375 0.609375 0.7850921671875 0.609375 0.7856637578125 0.6086548609375 0.78870325625 0.609375 0.8017711249999999 0.609375 0.8108106953125 0.5979861750000001 0.82318040625 0.601956059375 0.8471601484375 0.56503165625 0.8604042578125 0.5608953718749999 0.8709509703125 0.544689165625 0.8743541031250001 0.5205554515624999 0.8834502421874999 0.5029664 0.8954772125 0.5026984109375 0.908065521875 0.5046417515625 0.9167244625000001 0.4911057828125 0.9322638640625 0.46569080781250005 0.9438091171874999 0.44764285 0.942766059375 0.42765154843750003 0.9505654406249999 0.42949943125 0.953859271875 0.40637898906250003 0.9645449671874999 0.40371488125 0.9781466546875001 0.411094153125 1 0.4035791421875 1 0.3416642640625 0.99804320625 0.33787065781250003 1 0.3303768125 1 0.22669306718749999 0.9997083812499999 0.226035146875 1 0.22610423906250002 1 0.0743271359375 0.999615340625 0.071177221875 1 0.07081884375 1 0.0402486953125 0.9917566000000001 0.0402185984375 0.9819156234375 0.020221168749999997 0.9772063140625 0.00455706875 0.9771970218749999 0 0.5 0
0 0.308025190625 0.9453240046874999 0.31203418125 0.945234675 0.31435915625 0.9385113562499999 0.31389227656249996 0.9280090703124999 0.3084178703125 0.9194378671875001 0.2945975828125 0.9140851359375001 0.29138337187499996 0.9216369375 0.2920836890625 0.9373903671875 0.3017856859375 0.9438456984375 0.308025190625 0.9453240046874999
0 0.5 0.9396263499999999 0.48774428125 0.932828434375 0.48406318906249995 0.9298779515625 0.474689090625 0.9203828062499999 0.46230454062500004 0.9091352374999999 0.4597461265625 0.9106074171875 0.45852899062499997 0.9144757109375 0.4564522953125 0.9337278578125 0.4669342296875 0.9403679781250001 0.4770734265625 0.9427702281249999 0.49189225 0.9462812046875 0.5 0.9521520859375 0.5 0.9396263499999999
0 0.3636653359375 0.8151016046875 0.3606697234375 0.8206268671875 0.3567997140625 0.8342582953125 0.3689656640625 0.84753240625 0.37687434531249997 0.8483670171875 0.381867034375 0.83915825 0.3747086109375 0.82395305625 0.3636653359375 0.8151016046875
0 0.3282550609375 0.81710363125 0.32746028437499997 0.8096411578125 0.32075390000000004 0.7976605640625001 0.310942603125 0.7922185046875 0.3049365375 0.795991340625 0.29972525 0.8072266499999999 0.298413653125 0.8193859031249999 0.3049014375 0.8333930359374999 0.31302871875 0.8322011078125 0.32348097343750004 0.8242858562500001 0.3282550609375 0.81710363125
0 0.2440622640625 0.7077877328125 0.24596487968749997 0.71239518125 0.2562133734375 0.7137841593750001 0.264435115625 0.7043012734375 0.2684292640625 0.6969342578125 0.26272141875 0.6831119125 0.25147438437499997 0.683564690625 0.2463575578125 0.68650904375 0.24348608437500002 0.6982987171875 0.2440622640625 0.7077877328125
1 0 0.609375 0 1 0.0406145015625 1 0.040492759375 0.99936425625 0.040983878125 1 0.05511879374999999 1 0.05227145 0.9865674390624999 0.06993206874999999 0.9637333734375 0.07784075 0.9645679828125001 0.07943030625 0.9794929312499999 0.0895695015625 0.9818951796875 0.0971057640625 0.9639365484375 0.09784118124999999 0.94228828125 0.11169656875 0.9102393171875001 0.1222581234375 0.9013107968749999 0.13325687656250002 0.8883291921875 0.1482497796875 0.8679805734375 0.1493279375 0.850570178125 0.159576434375 0.8519591562500001 0.1657862578125 0.8388820906250001 0.1809033015625 0.8247978859374999 0.1928358140625 0.8328208531250001 0.2019467921875 0.8225094859375 0.20725253906250002 0.8029832203125 0.21806518593750002 0.7930750234375 0.22550698749999998 0.78340735 0.23009757656250002 0.7408499703125 0.22872662031250002 0.7238984796875 0.22590508593749997 0.7055641453125 0.22943235781250002 0.68769484375 0.2288265 0.6636504578125 0.23551804375000002 0.668353365625 0.25066476875 0.6688245312500001 0.2523042640625 0.653625465625 0.2454737390625 0.6353804609375 0.233431928125 0.6283707640625 0.23230925 0.623948103125 0.2375205390625 0.61271279375 0.24521062031250002 0.615573946875 0.2630250578125 0.6135596640625 0.263016525 0.609375 0 0.609375
0 0.23004455468749999 0.87342235 0.2401393234375 0.86952944375 0.2483070046875 0.864282153125 0.249131240625 0.84382795 0.23632829531250002 0.8407945874999999 0.233929053125 0.8438173593750001 0.2278085328125 0.8621189296875 0.23004455468749999 0.87342235
0 0.8600089125 0.9884238625 0.866139115625 0.990915440625 0.8703667062499999 0.98879956875 0.875891053125 0.9672467609375 0.8742070375000001 0.9606127703125 0.862070765625 0.9618940296874999 0.85742081875 0.9753406703125 0.8600089125 0.9884238625
0 0.8708147453125001 0.880832353125 0.8760557125 0.8841524140624999 0.8817338781250001 0.8834193890625001 0.8856038906249999 0.8697879609375001 0.880909421875 0.8614015453124999 0.8720022015625 0.8624086875 0.8686786906249999 0.8709737609375001 0.8708147453125001 0.880832353125
0 0.8201444468750001 0.77218466875 0.8189421484375 0.78333065 0.82519649375 0.7920866390625 0.828097646875 0.794852334375 0.8350077921875 0.7975287 0.841217615625 0.7844516374999999 0.8354004703125 0.7716425625000001 0.8244813359375 0.7690555265625 0.8201444468750001 0.77218466875
0 0.682462396875 0.8102274484375 0.6879219640625001 0.811520965625 0.6953786046875 0.8091309765625001 0.6944448484375 0.78812640625 0.688518403125 0.7763306015625 0.6798446234375 0.7825888843750001 0.6793129640625 0.7949329234375 0.682462396875 0.8102274484375
0 0.9123917453124999 0.6807713296875 0.8996941359375 0.6798412578125 0.892143034375 0.690522203125 0.89663374375 0.7082128453125 0.9103447296875 0.7145788468750001 0.9162414953125001 0.71181928125 0.9174289531250001 0.693395615625 0.9123917453124999 0.6807713296875
1 0.5 0.609375 0.5 0.662963675 0.5007476515625 0.66325764375 0.5073447359375 0.6762515062500001 0.5412248140625 0.6884352765624999 0.5473847000000001 0.7054822234375 0.5645433390625 0.7095475671875 0.5503101125 0.774760353125 0.5691230890625001 0.7709043171875 0.5764110703124999 0.740416859375 0.583991853125 0.7442912828125 0.58823428125 0.7494530968750001 0.6046777624999999 0.730487325 0.6283093453124999 0.74128211875 0.6515981906249999 0.7478390375 0.6813303 0.7465700375 0.70750545625 0.7486149656250001 0.7321355765625001 0.7575680046875 0.7415892953125001 0.751494509375 0.7629606828125001 0.74616629375 0.8131492640625 0.837034009375 0.7800748015625001 0.7283985828125 0.789354440625 0.7461846828125 0.791431134375 0.7269325359375001 0.812708065625 0.7298952765625 0.8151423390625 0.7221586859375 0.8286050453125 0.7159958609375 0.8314414187500001 0.74160788125 0.8532500078125 0.732226584375 0.8490426765624999 0.6896630734375 0.8501208343750001 0.6722526796875 0.8590428937500001 0.6785232234375 0.878511665625 0.6685875609374999 0.9110059484375 0.6565421546875 0.9411455765625 0.6366647015625 0.959466059375 0.609375 0.5 0.609375
0 0.9502214546874999 0.663755028125 0.9594565718750001 0.6597080734375 0.9546379625 0.6450572453125 0.9429388921874999 0.6422854203125 0.93917818125 0.654903578125 0.9502214546874999 0.663755028125
0 1 0.7259100609375 0.935169190625 0.6549929078125001 0.9261526718749999 0.6570133203124999 0.9158097156250001 0.6639153 0.9236536187500001 0.6875962375 0.9414032750000001 0.7084282796875 0.9587805140625001 0.7104670796875 1 0.7300627484375 1 0.7259100609375