0 0.45611930625 0.5107271328125 0.4623861609375 0.5062801203125 0.46457560937500003 0.5010855109375 0.4614847359375 0.4909255734375 0.44093055625 0.4879563765625 0.435348740625 0.49412786249999996 0.441163353125 0.506386071875 0.451707590625 0.5115171109375 0.45611930625 0.5107271328125
0 0.46875 0.2963138140625 0.46386997812499997 0.2947018171875 0.45250636875000005 0.298214334375 0.45304065781249997 0.305507215625 0.4591895859375 0.3162278515625 0.46875 0.31907757812500004 0.46875 0.2963138140625
0 0.39556733906249997 0.37970956562499997 0.397740378125 0.3697153359375 0.39533454375 0.36127986875 0.381565096875 0.3563569203125 0.3727416609375 0.3579368734375 0.36802845 0.3698636671875 0.3763832359375 0.38018931562499997 0.3862424328125 0.38359588125 0.39556733906249997 0.37970956562499997
0 0.35353809062499997 0.40238199999999996 0.35454103125 0.397769278125 0.3636823734375 0.389852128125 0.3470220296875 0.38359969375 0.3353241078125 0.3886497859375 0.33027658125000003 0.40211415156249997 0.3384478 0.40840896562499995 0.347454803125 0.4108598453125 0.35353809062499997 0.40238199999999996
0 0.3045046640625 0.46214310468750003 0.3122923390625 0.45557663125000003 0.3125938328125 0.444439815625 0.3161369453125 0.43789453125 0.3011809921875 0.4335534703125 0.28573998125 0.43631839218749996 0.2784701859375 0.44537812656250003 0.2848026796875 0.460129596875 0.29432756250000003 0.4650737359375 0.3045046640625 0.46214310468750003
0 0.1934579765625 0.509734578125 0.198889046875 0.5091315 0.20380223593750002 0.5060351609375 0.2073453484375 0.499489878125 0.203418690625 0.4931738734375 0.1933923359375 0.49053609531250003 0.182195884375 0.4932798265625 0.1798556890625 0.5040428421875001 0.183264465625 0.5078655859375 0.1934579765625 0.509734578125
1 0 0 0 0.5296875 0.029302762500000003 0.5296875 0.0391493578125 0.517416515625 0.0656524875 0.52227589375 0.07226148593750001 0.5296875 0.100848140625 0.5296875 0.0921227953125 0.5175360296875 0.0930929171875 0.5033240671875 0.1178916578125 0.506272071875 0.18610613125 0.4947962078125 0.22163573125 0.45814109218750004 0.2440614546875 0.46225287187499997 0.2545236375 0.4433858078125 0.272504825 0.4386883234375 0.27614945625 0.41217576874999995 0.3094044984375 0.4054821515625 0.3493129953125 0.358437815625 0.38423960625000003 0.34405632812500003 0.3987463765625 0.31633761875 0.40229254687499993 0.26102733906250003 0.4188708359375 0.24328166874999999 0.4260944578125 0.1710580765625 0.40283600625 0.12202523437499999 0.404743428125 0.0840020671875 0.37536886875 0.03384783125 0.346427084375 0.010953746875 0.34578401875 0 0 0
0 1 0.3877812125 0.9926620359375 0.3795521140625 0.97483159375 0.37868118906250003 0.97245858125 0.3798449640625 0.9722227265625001 0.41018026250000006 0.9826326250000001 0.4256793296875 1 0.423641921875 1 0.3877812125
0 0.9385810843750001 0.45277758593749995 0.9356409578125 0.43704924062500006 0.918997025 0.43559642812500005 0.9159717921875 0.44463497187499995 0.9239922640625 0.45649819375 0.9297740578125001 0.45915716093750003 0.9385810843750001 0.45277758593749995
0 0.5154919703124999 0.5071105703125001 0.5226602484375 0.5180181046875 0.5306643109375 0.5250817046875 0.5316836625 0.5252686046874999 0.5447516609375 0.523667459375 0.547576915625 0.5057984609374999 0.5449875125 0.4933321609375 0.5312180671875 0.48840921249999997 0.5200052046875 0.48635332187499997 0.5146069578125 0.496555640625 0.5154919703124999 0.5071105703125001
0 1 0.13398050156250002 0.9955353921875 0.12745738125 0.9838046500000001 0.12290823125000001 0.970051615625 0.12278490312499998 0.9690650843749999 0.1321972453125 0.97080229375 0.143707859375 0.9765840875 0.146366828125 0.9961189125000001 0.149149125 0.9991441468750001 0.14011058125 1 0.1382375328125 1 0.13398050156250002
0 0.9250063015624999 0.008200896874999999 0.9224989484375001 0.0197327 0.9327088703124999 0.026401314062499997 0.94748125625 0.026711540625000002 0.9571404765625001 0.021287651562500003 0.959480671875 0.0105246328125 0.9494379078125 0.003087234375 0.9307552749999999 0.001260625 0.9250063015624999 0.008200896874999999
1 0.46875 0 0.46875 0.43277310625 0.47126297656249994 0.432648003125 0.47550753749999997 0.4326268125 0.49671393437500005 0.42772123906250004 0.507926796875 0.42977712968750004 0.5251214265625 0.44332244374999996 0.52573776875 0.47461342812499996 0.5372849453125 0.4751317453125 0.539025209375 0.4378773640625 0.5613001875 0.4475575515625 0.575620334375 0.46457300156250003 0.5900419953125 0.46162118281250003 0.59271650625 0.449320590625 0.6121692828125 0.4281047828125 0.60739043125 0.42083309375000005 0.6486167171874999 0.41160383593749994 0.681871759375 0.40491021875 0.7018588265625001 0.390987290625 0.7286962703125 0.3943090953125 0.735431775 0.3779564796875 0.7471953359375 0.392104871875 0.7686017109375 0.396029753125 0.7752028765625 0.3900451671875 0.7813518046875 0.400765803125 0.8015552593749999 0.40047295156249996 0.8059177484375001 0.3852841109375 0.8018075234375001 0.374937275 0.7887231140625 0.3717387984375 0.7846621203125 0.375790821875 0.77988326875 0.36851913281250004 0.7932691703125 0.36058079374999996 0.8104309828125 0.364526865625 0.8233318234375 0.36369450625 0.83402680625 0.3632571375 0.8549152984375 0.364688759375 0.8605135234375 0.36331689375 0.8635059375 0.3446791078125 0.8566883828125 0.3370336203125 0.8449576390625 0.33248446875000004 0.8418831765625001 0.32712415156249997 0.8615687515625 0.3243380390625 0.86679984375 0.3149045078125 0.8511752640625 0.3136385921875 0.855219846875 0.3047869484375 0.8643611890624999 0.2968697984375 0.8714802359375 0.293378471875 0.8751740968749999 0.28126478125 0.8950432390625 0.282509503125 0.8982192171874999 0.26790254999999996 0.9064755437500001 0.24943047499999998 0.895062703125 0.23854412812499998 0.887242209375 0.2355113625 0.8963507296875001 0.2179949703125 0.9037876796875001 0.20816645 0.89680296875 0.20128974843749997 0.9081665796875 0.19777723125 0.9084516624999999 0.1818407953125 0.904525003125 0.1755247890625 0.9058458484374998 0.1645748734375 0.914636465625 0.1533956765625 0.9072846203125 0.1384573078125 0.9084383078125 0.128276178125 0.9074876546875 0.0985227671875 0.8957076796875001 0.0795747546875 0.8844619984375001 0.06791962343749999 0.8779787578124999 0.0587365609375 0.8789488765625 0.044524596875 0.8783817671874999 0.027632475 0.8722164328125 0.0121122171875 0.8696434390625001 0.0044455375 0.86740053125 0 0.46875 0
0 0.939618771875 0.1603745171875 0.9448498640625 0.15094098281249999 0.9455184921875001 0.1478658359375 0.927989546875 0.135858096875 0.9156065859375001 0.13918371406250002 0.9117291578125 0.147266571875 0.9190810031249999 0.16220494218749998 0.9358920921875 0.162888965625 0.939618771875 0.1603745171875
0 0.8261017374999999 0.4289566359375 0.8257346015625 0.42089496718749997 0.8085727921875 0.41694889531249996 0.793833225 0.42623791093749996 0.7947182390625 0.4367928375 0.7986448968750001 0.443108840625 0.8100249156249999 0.44439594531250004 0.8210542109375 0.4424210015625 0.8261017374999999 0.4289566359375
1 0.46875 0.5296875 0 0.5296875 0 1 0.36262471406249996 1 0.362519240625 0.9990189953125 0.3726635203125 0.9864891234375002 0.3836599953125 0.9749149390625 0.395525075 0.9690960593749999 0.40264412343749995 0.9656047328125 0.42135957656249995 0.9770305859375 0.4378363515625 0.9792521843750001 0.4575219265625 0.9764660734374999 0.4601800265625 0.9593658625 0.44945222500000004 0.9502039906250002 0.465863359375 0.93322710625 0.46875 0.9237606140625001 0.46875 0.5296875
0 0.9973043078125 0.8435932218750001 0.9955835109375 0.8368822281250001 0.9880973296875 0.8323118875000001 0.9779202281250001 0.8352425171875 0.97319060625 0.8423696890624999 0.9779694593750001 0.8496413796875 0.9864749921874999 0.85439861875 0.9944462328124999 0.851862978125 0.9973043078125 0.8435932218750001
0 1 0.63216734375 0.990984040625 0.6337817718750001 0.9842157171875 0.6405351453125 0.9862872406250001 0.6505081859375 0.999538803125 0.6529378734375 1 0.6529968984375 1 0.63216734375
0 0.9053852546875 0.7252114765625001 0.8992527375 0.719290459375 0.8866698015625001 0.7137856234375001 0.8756405046874999 0.7157605671875 0.8756897359375 0.7301594296875 0.8790821031250001 0.729182553125 0.8867518515625001 0.7377837265625 0.8965946390624999 0.7363906734375 0.901674984375 0.732525546875 0.9053852546875 0.7252114765625001
0 0.8674498203125001 0.753431128125 0.8660633343749999 0.7451825609375 0.8621366781249999 0.73886655625 0.8499044640625 0.7366237671875 0.8439719234374999 0.73953320625 0.8441719015625001 0.7483636609375 0.8472463640625 0.7537239781249999 0.85098945625 0.7560091484375 0.8622023171875 0.7580650390624999 0.8674498203125001 0.753431128125
0 0.8074035078125 0.8199667984375001 0.8192849984375 0.8189475406250001 0.8245324999999999 0.814313628125 0.8285770859374999 0.805461984375 0.8283935187499999 0.80143115 0.8271906 0.7972134171875 0.817665715625 0.7922692781249999 0.8064528531249999 0.7902133875 0.796610065625 0.79160644375 0.7944534359375 0.8064002953125 0.801956028125 0.8157702546875001 0.8074035078125 0.8199667984375001
0 0.7382517328125 0.855253865625 0.7465572890625 0.8511806500000001 0.7477273859375 0.8457991421875001 0.7514376578124999 0.8384850703125 0.740893421875 0.8333540328125 0.73223714375 0.8341651999999999 0.72546881875 0.8409185749999999 0.72363009375 0.8493752296875 0.730096925 0.8537586718749999 0.7382517328125 0.855253865625
0 0.5903874218749999 0.9600496140625001 0.59887654375 0.9600072328125 0.60141671875 0.9580746687499999 0.6047762640625 0.9474985531249999 0.5996630984375 0.9417644359375 0.5875980421875 0.938752859375 0.5821669734375 0.9393559374999999 0.5794924625 0.9516565281249999 0.5835862781250001 0.9572037453124999 0.5903874218749999 0.9600496140625001
0 0.6716534843749999 0.9421729859374999 0.6723549312499999 0.9486970781250001 0.68035899375 0.9557606796875 0.6881958984375001 0.9635930687500001 0.6942955953125 0.9599148421875 0.695449284375 0.9497337124999999 0.6884645734375 0.9428570109375001 0.6811455484375 0.9375178828124999 0.6716534843749999 0.9421729859374999
0 0.578876121875 0.92036554375 0.56679465625 0.9125543468749999 0.5523729937499999 0.9155061671875 0.5500163875 0.9214695640624999 0.5500820281250001 0.9406680453125 0.558086090625 0.9477316468750001 0.5660573328125 0.94519600625 0.569098975 0.9409570828125 0.577037396875 0.9288222000000002 0.578876121875 0.92036554375
1 0.46875 0.5296875 0.46875 0.83302123125 0.480788675 0.8352285359374999 0.5021950484375 0.8391534171874999 0.5171510015624999 0.843494478125 0.5215955390625 0.8523037437500001 0.5362171796874999 0.858182378125 0.5495015624999999 0.8702113078125 0.56310385 0.8759030421875 0.5829729921875 0.877147765625 0.5895413406250001 0.8615639375 0.580000046875 0.8518201781249999 0.58083583125 0.84797624375 0.5959097109375 0.8371496546875001 0.6251037593750001 0.8345080609375 0.6380046015625 0.8336757031250001 0.6692537625 0.8362075296875 0.6962583609375 0.8387605468749999 0.73442659375 0.8289705906249999 0.74816321875 0.8242942984375 0.75785525625 0.82846965 0.7669114890625 0.8453193906250001 0.77511553125 0.8612134484375 0.7847224640625 0.8901556906250001 0.79324440625 0.8997125499999999 0.7900386625 0.855955265625 0.780949609375 0.8295062828124999 0.77117551875 0.8013328281250001 0.7720113015625 0.7974888921875 0.78640014375 0.7849378312499999 0.8033455703125 0.7752538281250001 0.8083930953125 0.7617894609375 0.8063215734375 0.751816421875 0.8066230671875001 0.74067960625 0.818320990625 0.7356295140625 0.8261743046875001 0.7482615234375001 0.8415989078124999 0.7406969812499999 0.8539490484375 0.727772121875 0.8683378890625001 0.715221059375 0.8734182374999999 0.7113559359374999 0.8904979984375 0.6913039046875 0.897833434375 0.7014426515625 0.9154638953124999 0.6934831203125 0.9147788562500001 0.6917586484375 0.9028481390625 0.67837904375 0.9273125656250001 0.6828646234375 0.9349166734375001 0.6722673140625 0.924706753125 0.6655987015625 0.9295707109375 0.6481035015625001 0.9327466921875001 0.63349655 0.9382956874999999 0.6177258218749999 0.9428253312500001 0.6017681953125 0.9478564468750001 0.5835042078125 0.952402503125 0.5723462031250001 0.9513339203125 0.557760440625 0.9597902234374999 0.54811881875 0.961461790625 0.5404309484375001 0.9752148281250002 0.5405542765625 0.990990153125 0.5362517812500001 0.9920105218749999 0.5296875 0.46875 0.5296875