0 0.044987585937500005 0.0474662296875 0.0458047984375 0.0387081734375 0.038816368750000003 0.0338829515625 0.0317028828125 0.0353804703125 0.0247028171875 0.037655475 0.0239990265625 0.047191015625 0.0291494671875 0.05377693125000001 0.037862465625 0.056063973437500005 0.0421055453125 0.0564300109375 0.044987585937500005 0.0474662296875
0 0.31103650156249996 0.21263391562499998 0.3211338125 0.2100503265625 0.32745335937500003 0.20311041406250002 0.32747663125000004 0.1889099640625 0.31887705 0.18740040468750002 0.30373108437499996 0.1912757890625 0.30107588281250003 0.201794540625 0.3019832421875 0.20801441875 0.30358275625000003 0.2117989796875 0.31103650156249996 0.21263391562499998
0 0.36875 0.11656896875 0.3531185 0.11496400312499999 0.342904809375 0.11938902968750001 0.3505204734375 0.128171021875 0.3587341375 0.1348489859375 0.36875 0.1331792453125 0.36875 0.11656896875
0 0.1797571796875 0.024562140625 0.170837475 0.02545083125 0.1606237828125 0.0298758609375 0.1615936390625 0.042727403125 0.1670333984375 0.0490002546875 0.17585511250000002 0.04743984375 0.1797571796875 0.024562140625
0 0.4702203046875 0.21181092812500002 0.4688709015625 0.1953808859375 0.45947738281249995 0.1884289328125 0.43652577499999995 0.1962371515625 0.43754655312499996 0.203234515625 0.43971316875 0.21090650156250002 0.450139103125 0.21775559218749999 0.465511909375 0.2154351765625 0.4702203046875 0.21181092812500002
0 0.6539493999999999 0.3583616421875 0.6416738375 0.3603734703125 0.63065753125 0.3638374078125 0.63682875 0.3774206859375 0.6427847640625 0.38234876875 0.6533357546875 0.38287511875 0.661379871875 0.373397028125 0.6619702421875 0.3630840015625 0.6539493999999999 0.3583616421875
0 0.5819420921875 0.3458162765625 0.599493146875 0.344067621875 0.6034977515625 0.3499789140625 0.61832673125 0.329570625 0.6268361609374999 0.3161022484375 0.6150375546875 0.307023565625 0.60630128125 0.3189369734375 0.5976784281249999 0.3316278640625 0.5819420921875 0.3458162765625
0 0.8489188203125 0.29476440312499996 0.847964915625 0.316945425 0.856928028125 0.30658698906250004 0.8658795046875 0.303328775 0.8821713046875 0.3001280140625 0.8825348359374999 0.2882600171875 0.8806066999999999 0.2750427765625 0.8715534375 0.2704232796875 0.8568611515625001 0.277408603125 0.8501897109375001 0.2891162859375 0.84916893125 0.2821189234375 0.8489188203125 0.29476440312499996
0 0.9748734562500001 0.2822152390625 0.9712091125000001 0.27863640156249997 0.9599659656250001 0.28054536875 0.9481440859374999 0.2856671375 0.9412574390625 0.28871962500000004 0.95260236875 0.29468836875000004 0.9601695328125001 0.2963007890625 0.9735909296875 0.2949635828125 0.976121075 0.29076757343750004 0.9748734562500001 0.2822152390625
0 0.9673179265625 0.27350259375 0.9673295640624999 0.26640236875 0.955972996875 0.2675338515625 0.943924275 0.27110065 0.93841030625 0.2763827296875 0.937252834375 0.28280833125 0.9673179265625 0.27350259375
0 0.5291232031249999 0.2422264046875 0.527535325 0.23134161718750001 0.5174496484375 0.22682498281250002 0.5058546078124999 0.23350171875 0.5036530859375 0.2471304078125 0.5062850171875001 0.25081210781249996 0.5155767515624999 0.2498863515625 0.5291232031249999 0.2422264046875
1 1 0 0.36875 0 0.36875 0.0976007359375 0.3755609859375 0.0942476625 0.37325768125000003 0.0999986421875 0.36875 0.11585870312499999 0.36875 0.11699697656250001 0.38585022812499997 0.11451971718750001 0.389729778125 0.12675375 0.3986696171875 0.1305957640625 0.3989866046875 0.14712866875 0.38888929375000003 0.1497122578125 0.39494709375000003 0.16251805156250002 0.412146253125 0.16553716875 0.42867652968750003 0.1567911515625 0.4431303390625 0.1553510828125 0.4622809109375 0.157386990625 0.46535488437500006 0.17127885625 0.47818590937500005 0.1802546765625 0.4959172609375 0.20846189375000002 0.51562329375 0.22148545 0.5427947109375 0.22824371875 0.577294815625 0.24215966249999998 0.6117047718749999 0.24109767031249998 0.6161746906250001 0.24301867656249998 0.6274062015625 0.2482099359375 0.6358022140624999 0.2339640734375 0.6486565093750001 0.22873944375000002 0.64601294375 0.23215796875 0.6396933984375 0.23909788125000003 0.6423020562499999 0.25698003125 0.6386144375 0.26760164375 0.65729969375 0.27362783749999997 0.6632673453125 0.27145569687500004 0.6741818671875001 0.26011405 0.67428365 0.2679917609375 0.666920053125 0.282134759375 0.6742487421875 0.2892924359375 0.691334484375 0.2915340671875 0.7069341296875 0.2907686234375 0.7091472875 0.2700397078125 0.7169412921875 0.2732070984375 0.7248719890624999 0.262951521875 0.7422979890625 0.267525609375 0.7432286203125 0.2595450359375 0.7332796359375 0.2416054359375 0.7418792156249999 0.24311499374999998 0.74702965625 0.249700909375 0.7676895921875 0.2405434453125 0.7891318328125 0.24392859687500001 0.7887683015625 0.25579659375 0.79793498125 0.26119357656250003 0.8082707687500001 0.25306473125 0.8120485328125 0.2574210546875 0.828101859375 0.25976554687500003 0.8447455546875 0.251797015625 0.846935440625 0.2452685515625 0.85199573125 0.23687653125 0.8619679874999999 0.24061568125 0.8764217984375 0.2391756140625 0.8838988140625 0.22581009999999999 0.8999637765624999 0.2210543671875 0.9102995625 0.21292552343749999 0.9294501328125001 0.21496142968749998 0.9467743500000001 0.2116578078125 0.9581977921875 0.23970471093749998 0.9633046265625002 0.2029117890625 0.9738556171875 0.20343813906250002 0.97788349375 0.19514898125 0.983170625 0.1883119296875 0.994765665625 0.18163519374999998 1 0.17662098906249998 1 0
0 0.47480364374999995 0.21450941874999999 0.46388912343750005 0.22585106562499999 0.45490273906249995 0.2504099546875 0.46622439687500006 0.270579146875 0.464680121875 0.303073196875 0.480881775 0.2848945 0.486645859375 0.2669669375 0.5036996296874999 0.218729509375 0.492139496875 0.2041055703125 0.4806695109375 0.20445956718749997 0.47480364374999995 0.21450941874999999
0 0.0111152828125 0.7146756375 0.0125897421875 0.724782940625 0.0214161609375 0.7278474687500001 0.028881542187499998 0.721582178125 0.029925595312499997 0.714379090625 0.02718024375 0.70991990625 0.0185806640625 0.7084103468749999 0.0111152828125 0.7146756375
0 0.07965887187500001 0.8111773234375 0.09112885937500001 0.810823325 0.096415990625 0.8039862765624999 0.0956336859375 0.79144365625 0.094272646875 0.7821138390625 0.093592128125 0.77744893125 0.079591996875 0.7819989375 0.075564121875 0.7902880953125 0.0727955 0.8000293609375 0.0739296984375 0.8078042078125 0.07965887187500001 0.8111773234375
0 0.11947232031249999 0.732276028125 0.1128125140625 0.7368834875 0.12253465781249999 0.75326811875 0.130872490625 0.7745233828125 0.13374289374999998 0.7726598265625 0.138576346875 0.7627128375 0.14572474062500002 0.7399146437499999 0.139666940625 0.7271088499999999 0.11947232031249999 0.732276028125
0 0.15071815625 0.7023442375 0.144195040625 0.6935287296875 0.1326116359375 0.6931052421875 0.1206763359375 0.697449525 0.11779429374999999 0.70641330625 0.12351183125000001 0.716886646875 0.135197021875 0.72518784375 0.1519425015625 0.7250970203125 0.1549496 0.7098105 0.15071815625 0.7023442375
1 0.36875 0.41875 0 0.41875 0 0.5378036765624999 0.0023412843749999997 0.539650734375 0.013561157812499999 0.55194221875 0.031440839062499996 0.55962624375 0.048741784375 0.5705230703125 0.07110301875 0.573027878125 0.0870429234375 0.5745948875 0.08783686406249999 0.58003728125 0.1137490234375 0.585343440625 0.11499664375 0.5938957734375 0.1243785265625 0.60794795 0.1336586265625 0.61412241875 0.1466030703125 0.6238757234375 0.1646194421875 0.6181367828125 0.1717445640625 0.6095390390625 0.185165959375 0.6082018328125 0.1953883265625 0.599295503125 0.2104092359375 0.601742859375 0.21441384062500002 0.6076541515625 0.2174994484375 0.614445790625 0.23642317968749998 0.6149267296875001 0.244467296875 0.6054486390625 0.24218726249999997 0.5969991671875 0.2503331625 0.5953987875 0.2599651578125 0.596805484375 0.2653308015625 0.6120465937499999 0.286659621875 0.6146542625 0.2967685703125 0.6049704484375 0.3025995265625 0.616221271875 0.3248589796875 0.6108483687499999 0.3497503609375 0.609157165625 0.350204040625 0.6122671046875 0.36727814375 0.6216089609375001 0.36875 0.6201990046875 0.36875 0.5946804703125 0.36858394375 0.59466016875 0.3558547015625 0.5935620578125 0.3595306828125 0.590040671875 0.36875 0.579696346875 0.36875 0.41875
0 0.8176750671875 0.8520937171875002 0.8221058078125001 0.8655720078125 0.82843201875 0.875149521875 0.8435547187499999 0.8690028968749999 0.8481599609374999 0.8583362578125 0.8354938484375001 0.8475344421875001 0.8176750671875 0.8520937171875002
0 0.36875 0.7046050328125 0.3780447609375 0.7087674765624999 0.39066058125 0.7090881031249999 0.3978758515625 0.7154682937500001 0.41027646874999996 0.707133725 0.4106399984375 0.695265728125 0.3944732546875 0.69214375 0.380926803125 0.699803696875 0.36875 0.7039796046875 0.36875 0.7046050328125
0 0.465119521875 0.6953593 0.45066570937500006 0.696799365625 0.443654009375 0.7061745953124999 0.4454803640625 0.7115141265625 0.45740402968750005 0.71427006875 0.46956617031250003 0.7114807546874999 0.47118895624999996 0.7010648671874999 0.465119521875 0.6953593
0 0.5082337812500001 0.6319048390625 0.5011086609375 0.6405025828124999 0.5072915140625 0.6469856359375 0.5087776093749999 0.6499927140625 0.5203610140625 0.6504162 0.5343611453125 0.6458661937500001 0.5285301875 0.63461536875 0.5082337812500001 0.6319048390625
0 0.435822278125 0.51606889375 0.45508627031250004 0.5188822890625 0.46164429062499995 0.5063971203125 0.4610771921875 0.5025096953125 0.4517970921875 0.4963352296875 0.4379103796875 0.5016627203125 0.43274830625 0.5021770296875 0.435822278125 0.51606889375
0 0.7125792078125001 0.7259192515625 0.7037644249999999 0.7157544984374999 0.691148603125 0.7154338734375 0.686667046875 0.7206130906249999 0.690898490625 0.7280793531249999 0.6924980062499999 0.7318639156250001 0.7021300015625 0.7332706124999999 0.705227246875 0.732962025 0.7125792078125001 0.7259192515625
0 0.6315302765624999 0.7016541625 0.640243278125 0.70394120625 0.6485025984374999 0.703118309375 0.647947134375 0.692130659375 0.651623115625 0.6886092734375 0.6421161765625 0.6808798359375 0.6298406156249999 0.6828916656249999 0.623055753125 0.6938218640625 0.6282061921875 0.7004077796875 0.6315302765624999 0.7016541625
0 0.852280925 0.7932452984375 0.8589523671875 0.781537615625 0.8584986859375 0.7784276765625 0.8515102562500001 0.7736024546875 0.8382022812500001 0.7757171453125 0.830498425 0.7875276906249999 0.8311789453125 0.7921925984375 0.84779936875 0.7984245171875 0.852280925 0.7932452984375
0 0.8028151515624999 0.8131606093749999 0.8160213421875 0.803168209375 0.8239520390624999 0.7929126328125 0.8309637390625 0.7835374046875 0.8369430281250001 0.7742650375 0.8241003671874999 0.7723894421875 0.8143316796875 0.7844057109375 0.8100769640625 0.7911398999999999 0.7920373203125 0.811079290625 0.8028151515624999 0.8131606093749999
1 1 0.41875 0.47201802031250006 0.41875 0.471994653125 0.4193883109375 0.4943558890625 0.42189311875 0.4869922921875 0.43603611875 0.4802074296875 0.4469663171875 0.49658937812500004 0.458743490625 0.5005707109374999 0.47885523281250003 0.488964034375 0.492632196875 0.498924653125 0.503471571875 0.5163390171875 0.515145884375 0.5192879343750001 0.5353604890625 0.5130701734375 0.5501781125 0.5227806796875 0.57366296875 0.525049078125 0.5892126656250001 0.5071461265625 0.595729090625 0.4919885234375 0.6067046984375 0.48063195937500003 0.6078361812499999 0.4605042140625 0.6421817453124999 0.49070599843749996 0.6194530421875 0.51767384375 0.6104558890625 0.5335352390625 0.5899447390625 0.55681546875 0.5915691984375 0.5454356312499999 0.6069011296875 0.573549315625 0.5985786015625 0.575590871875 0.612573328125 0.5842922343750001 0.6219605968749999 0.5901231953125 0.6332114203125 0.5709493531250001 0.6453759625 0.588136878125 0.6554953046875001 0.5991415453125001 0.65913159375 0.6238060875 0.6558854203125 0.6365586000000001 0.6427830812499999 0.6454984406250001 0.64662509375 0.65717199375 0.6620265171874999 0.6716025328125 0.6747869 0.6613568937500001 0.6978936796874999 0.6501922609375 0.72188080625 0.644518325 0.7547863046875 0.6471153484375 0.7797686796875001 0.6679119765625 0.75718825 0.6693195609375 0.7381171656250001 0.67760215 0.72309381875 0.6986256203125001 0.7020683578125 0.7401141546875 0.7208095218749999 0.77531805 0.7251899265625 0.791144534375 0.72597945 0.8111006812500001 0.7263575265625001 0.8224688828125 0.71812581875 0.8407004593749999 0.7210420734375 0.8338021765625001 0.7311947875 0.8319292796875001 0.75425615625 0.850739590625 0.7539596093750001 0.85684393125 0.7383645031249999 0.8721934671875001 0.7502445390625001 0.8697767421875 0.755218034375 0.870899303125 0.77009310625 0.8881101000000001 0.7660119984375 0.9141589531250001 0.7578951921874999 0.9296451781249999 0.7563522640625 0.9419323734375 0.7472402078125 0.9518261156250001 0.7289011999999999 0.972122521875 0.7316117296875 0.978066903125 0.7436400390625 0.9963101125 0.73945606875 1 0.7370604796875 1 0.41875
0 0.6233571078125 0.818419884375 0.6332275796875 0.8142813265625 0.6402392812500001 0.804906096875 0.6370402515625 0.797336971875 0.6278619375 0.799040215625 0.6111048203125 0.8062312640625 0.6233571078125 0.818419884375