0 0 0 0 0.0168601125 0.0024732203125 0.01875065625 0.0065099546875 0.0201760515625 0.0104521 0.014484056249999998 0.0027021437499999998 0.0014251125 0.0022876109374999998 0 0 0
0 0.13725371875 0.21834465781249998 0.123053015625 0.22952228125000002 0.1290459171875 0.2399368 0.142400484375 0.2428307796875 0.14706436875 0.23962003437499999 0.1454217765625 0.2283128375 0.13725371875 0.21834465781249998
0 0.09129686718749999 0.2844937046875 0.0904805390625 0.274895065625 0.0808590671875 0.2678544703125 0.0608745109375 0.26707219375 0.0586894203125 0.27540861250000004 0.058993059375000004 0.28098062343749997 0.06882358125 0.2864758375 0.081247359375 0.28843395 0.09129686718749999 0.2844937046875
0 0.11199322656249999 0.29564730781250004 0.09770787187499999 0.2918174609375 0.091789684375 0.30430049375 0.09509474531249999 0.311134721875 0.10295916093749999 0.31553089375 0.110206365625 0.3166731265625 0.11560192656249998 0.3080535453125 0.11199322656249999 0.29564730781250004
0 0.04561424375 0.5440313171875 0.0443897515625 0.5296333609375 0.02699845 0.525313984375 0.0247287046875 0.5186429328125 0.0274066140625 0.530113303125 0.026047787500000003 0.5401582781250001 0.041159409375 0.545696684375 0.04561424375 0.5440313171875
0 0.10649870312500001 0.5473140125 0.11830526718750001 0.546018190625 0.12038583124999999 0.5384544609375 0.119569503125 0.5288558234375 0.097524253125 0.5198571140625 0.0944083734375 0.527257665625 0.09367669687499999 0.5326664984375 0.0939803375 0.5382385078125 0.09625008125 0.5449095609375 0.10649870312500001 0.5473140125
0 0.158314121875 0.51602241875 0.15397375 0.5090250140625 0.144342340625 0.5098745 0.1409128859375 0.5195931234375 0.141833740625 0.5284190718749999 0.147523003125 0.53326158125 0.15518830625 0.5313130515625 0.158314121875 0.51602241875
0 0.4041554921875 0.0978431796875 0.40342381562499996 0.1032520140625 0.40476276875000006 0.1089871984375 0.41615123125000003 0.11078213750000002 0.42909763593749994 0.1088767984375 0.4297247859375 0.1042406578125 0.426628778125 0.095861046875 0.414309525 0.0931302421875 0.4041554921875 0.0978431796875
1 0.46875 0.559375 0.46875 0.2343230109375 0.4521138140625 0.25139736875 0.43988915000000006 0.2557839546875 0.3873718625 0.26881413906249996 0.38890993281249997 0.280894025 0.3681936984375 0.28552058125 0.34231082968750004 0.2814411765625 0.329040915625 0.293554665625 0.3095889203125 0.2810188578125 0.29511438437500004 0.2629542296875 0.2774941609375 0.2759603953125 0.282849978125 0.2989011375 0.2747566375 0.311830509375 0.2520743 0.3153580234375 0.229506425 0.310222765625 0.21201059843749998 0.3066760796875 0.2078395328125 0.3296936171875 0.21745106718749999 0.34462429375000003 0.20469384375000002 0.3607644125 0.21596784531250002 0.371222121875 0.21429544374999998 0.38358516875 0.195555253125 0.3814206875 0.1838532140625 0.381943821875 0.1863121375 0.4028496546875 0.18826830625 0.411838778125 0.17582465625000002 0.425660825 0.176431934375 0.43680484374999995 0.175585796875 0.45087644843749997 0.18147417500000002 0.4620636578125 0.1870589140625 0.46767885781249996 0.1851774625 0.4815872859375 0.1734754234375 0.48211042031250007 0.1748044421875 0.49573568593750006 0.1854612296875 0.5029394578125 0.1770642515625 0.51029681875 0.1716587546875 0.52680648125 0.17888608749999999 0.5437288765625 0.1811458921875 0.5582900078125 0.1810630875 0.559375 0.46875 0.559375
0 0.287747159375 0.0282003328125 0.3004745765625 0.0357304578125 0.3148743953125 0.030897534375 0.317592046875 0.01080758125 0.30486463124999996 0.0032774578125 0.2894394328125 0.0000571234375 0.280624353125 0.0105052484375 0.287747159375 0.0282003328125
0 0.7121430359375001 0 0.711868353125 0.0070467203125 0.7280152890625 0.0127483 0.7339235390625 0.0081553484375 0.7343783203124999 0 0.7121430359375001 0
0 0.7779742953125 0.0577130890625 0.7774417328125001 0.0694666234375 0.7761973687499999 0.070848828125 0.78674963125 0.0788252890625 0.8007313484375 0.077083128125 0.8042653296875001 0.0665918140625 0.7969235359375 0.058332190625 0.7899899078124999 0.054871885937499996 0.7779742953125 0.0577130890625
0 0.7395933250000001 0.192924334375 0.7286229640624999 0.18803863437499999 0.7113262499999999 0.19083664843749998 0.7150394734375001 0.20247019531250002 0.7216595265625 0.2082485734375 0.7333615640625 0.2077254390625 0.7413404437500001 0.2034588390625 0.7395933250000001 0.192924334375
0 0.756492203125 0.34158323749999997 0.7510219265625 0.327305265625 0.7513454375 0.31709711406249996 0.7409922890624999 0.3154653515625 0.7301165171875 0.3176970421875 0.7117844890624999 0.3203318796875 0.7088776593749999 0.3261870515625 0.7145669234375001 0.33102956093749997 0.72946949375 0.3381133453125 0.7354723328125 0.34063778437500003 0.756492203125 0.34158323749999997
0 0.9036404484375 0.012018690625 0.8980457749999999 0.014293573437500002 0.887578165625 0.02132458125 0.8986431171875001 0.033327671875 0.9100315796875 0.0351226109375 0.9218381421874999 0.0338267859375 0.92330149375 0.0230091203125 0.9172040656250001 0.0133672921875 0.9036404484375 0.012018690625
1 0.923770571875 0 0.9297323687500001 0.014552715625 0.93468995625 0.0248040578125 0.9371588140625 0.0378198109375 0.928030159375 0.05058600625 0.9179707140625 0.06241633437500001 0.9065723171875 0.06851147656249999 0.899733278125 0.0721685609375 0.8800722296875 0.061178132812499994 0.8634026703125001 0.0593400046875 0.843930803125 0.0625843578125 0.842666565625 0.0797467234375 0.8541496171875 0.088659053125 0.8391127125000001 0.1060181984375 0.8364049984375 0.1182180703125 0.8179883171875 0.1058454359375 0.8271817531250001 0.123866875 0.8128864609375 0.1279271078125 0.7817523 0.1001342703125 0.7388215109375 0.065747175 0.770040325 0.10854748437499999 0.7857592234374999 0.1252299078125 0.8025233765625 0.13418542656250002 0.793499246875 0.14617893125 0.78425613125 0.167607896875 0.7857842640625 0.18757786406250002 0.7768646578125 0.19879867812500002 0.7657698984375 0.2104658296875 0.75902545 0.2212403046875 0.765426515625 0.23645414374999998 0.7732909328125 0.240850315625 0.7685125875000001 0.252723834375 0.759906559375 0.2616265765625 0.7578061203124999 0.2849704671875 0.7461887359375 0.3005010703125 0.7527988531250001 0.314169528125 0.759817134375 0.332637303125 0.761459728125 0.3439445 0.7742817328125 0.35859201406249996 0.777138884375 0.39218724531250004 0.78497349375 0.420253659375 0.8012150203124999 0.43307263125000006 0.81166275625 0.44182178437499997 0.824683878125 0.46281399843750004 0.8400991390625 0.4739244109375 0.8527021578125 0.49800738593749994 0.871422478125 0.51595203125 0.88247749375 0.5358452 0.9061653359375 0.55615110625 0.9148461484375 0.559375 1 0.559375 1 0.0058062015625 0.9853456640625 0.009902139062499999 0.9707367968749999 0.0162804453125 0.9567650140625 0.010132526562499999 0.9715829328125001 0.002208840625 0.9723499671875 0 0.9507826640625 0 0.9506675874999999 0.000490696875 0.9503325265625 0 0.923770571875 0
0 0 0.559375 0 0.569166953125 0.0047793125 0.57454375 0.0204135609375 0.5762187015625 0.023225801562500002 0.5632461421875 0.0209982015625 0.559375 0 0.559375
1 0.46875 0.559375 0.041045315625 0.559375 0.0402089390625 0.5627661984375 0.05562419843750001 0.5738766140625 0.0788291609375 0.566485646875 0.07384176406250001 0.5799045453125 0.04887975 0.5846510890625 0.052174870312499996 0.5993753984375 0.0376804640625 0.59709093125 0.0266155125 0.585087840625 0.0050730171875 0.5880058406249999 0.0033906796875 0.60825896875 0.0150827796875 0.615625915625 0 0.6151331390625 0 0.631894721875 0.0060487140625 0.6355095015625001 0.003948278125 0.6588533921875 0 0.6618648171875 0 0.741882559375 0.0042570828125 0.74255351875 0 0.7463733265625 0 0.8293654593750001 0.0036152249999999997 0.841097940625 0.008552942187499999 0.8671294453125 0.0142322671875 0.8798620359375 0.025391809375 0.8989825171875001 0.0348888859375 0.9225759640625 0.05848213906250001 0.9357644781250001 0.072956675 0.9538291062500001 0.0790441671875 0.9713610156249999 0.0995314765625 0.98406 0.1031401734375 0.9964662390625 0.12532723437499999 1 0.43806631874999996 1 0.46875 0.9983919359375001 0.46875 0.559375
0 0.838992303125 0.7490245734375 0.8265544984375 0.758205396875 0.827145971875 0.77222505625 0.8388342640625 0.777780965625 0.8536964140624999 0.778266534375 0.8584572015624999 0.770661021875 0.8587148328125 0.7595604781249999 0.8499544609375 0.7507523218750001 0.838992303125 0.7490245734375
0 0.7340613874999999 0.7798362703125 0.736608703125 0.7885936156250001 0.7489118484375 0.7896042875 0.7584217359375 0.7836757109375 0.7597744140625 0.7736761875 0.7553942265625 0.7692721078125 0.7455271171875 0.76864538125 0.73492218125 0.7734729375 0.7340613874999999 0.7798362703125