0 0.06945339375000001 0.356987896875 0.0720241671875 0.3644848 0.0871506125 0.3719541796875 0.09140790625 0.376472240625 0.10070836406250001 0.3672677109375 0.1140991046875 0.36335773125 0.1246014421875 0.3582898984375 0.106602990625 0.35444872968749996 0.10997603281249999 0.348491046875 0.118775453125 0.3416159890625 0.0979213953125 0.3461890984375 0.0758818484375 0.351411578125 0.071473940625 0.352456075 0.06945339375000001 0.356987896875
0 0.2012193625 0.38619178125000003 0.1976301203125 0.3785677578125 0.1867609640625 0.3756164390625 0.1789636171875 0.377832553125 0.1782955671875 0.380938515625 0.17746050468750002 0.38482097187500003 0.17595739375 0.3918093875 0.19140146875 0.39293971875 0.19971624999999998 0.3931802 0.2012193625 0.38619178125000003
0 0.31875 0.3011819609375 0.305944571875 0.2980014046875 0.2942403515625 0.29893254062499997 0.2908673109375 0.30489022656250003 0.2891971859375 0.3126551328125 0.2953244078125 0.3182039296875 0.30975001406249997 0.31920713749999996 0.3131394515625 0.318035521875 0.31875 0.3152607890625 0.31875 0.3011819609375
0 0.24905052656249999 0.18325966875 0.23904922499999998 0.18599803125 0.23619361562500002 0.19441230781250002 0.25285596718750003 0.204465403125 0.2725245453125 0.2005416625 0.2758975859375 0.194583978125 0.268051053125 0.1824418921875 0.24905052656249999 0.18325966875
0 0.3149232203125 0.095801234375 0.3060746109375 0.08831809375 0.2901294953125 0.0895172359375 0.2801445921875 0.0970416625 0.277272584375 0.1006698734375 0.27593648593750003 0.1068818 0.2812286453125 0.11631305 0.300563196875 0.11394229062500001 0.3129190703125 0.10511912500000001 0.3149232203125 0.095801234375
0 0.38431764843750005 0.16189212656250002 0.39343469999999997 0.1486780203125 0.3803287984375 0.1366768171875 0.36795653125 0.14071391718749998 0.364766896875 0.1506811765625 0.3647832921875 0.15546724375 0.37005905625 0.1601124265625 0.38431764843750005 0.16189212656250002
0 0.4625431625 0.1142476796875 0.47476481406249993 0.1157731390625 0.47930694531249995 0.10438001875 0.47808867031249996 0.0954572546875 0.4629786171875 0.0927739421875 0.45434620781249996 0.0988725109375 0.45437899843749996 0.10844464218750001 0.4554138671875 0.1133578296875 0.4625431625 0.1142476796875
0 0.5512126687500001 0.1930886671875 0.5676588203125 0.189560053125 0.577293303125 0.178802540625 0.573520653125 0.167168940625 0.5555222015625001 0.1633277734375 0.5412964 0.1711202046875 0.5409951671875 0.18224532031250001 0.5405105234375001 0.189360859375 0.5512126687500001 0.1930886671875
0 0.621035315625 0.21854771875 0.61524211875 0.21144594218749999 0.6006495000000001 0.211219225 0.5939034140625 0.2231345921875 0.5995296 0.231012859375 0.609881321875 0.2315075828125 0.6196992140625 0.22475964531249998 0.621035315625 0.21854771875
0 0.686375309375 0.3718184671875 0.6714650609375 0.377930796875 0.6694773062499999 0.392034753125 0.6778084812499999 0.3970613015625 0.69221769375 0.39327844375 0.69861335625 0.378129990625 0.686375309375 0.3718184671875
0 0.8960819546875001 0.3692890875 0.9214781437500001 0.3533228578125 0.9323964859375 0.3706323734375 0.931646459375 0.3498080046875 0.9409141250000002 0.3310313421875 0.9375082906250001 0.3274168921875 0.9222312265625 0.32551007187500003 0.9110608375 0.3336838671875 0.9089060718749999 0.348564315625 0.8851964015625 0.361551703125 0.8960819546875001 0.3692890875
0 1 0.3431910875 0.9864440859375 0.347876921875 0.9946410421875 0.3632520921875 1 0.37186193749999996 1 0.3431910875
1 1 0 0.49945650781249995 0 0.4944231046875 0.0097890203125 0.5034715171874999 0.026067803125 0.49877877187499997 0.0430234796875 0.47760708281250003 0.0539356390625 0.42442733749999995 0.08238077031249999 0.473749396875 0.0670088609375 0.486956728125 0.059089307812500005 0.5154411234375 0.053076575 0.5249741796875 0.062239818749999995 0.5026170046875 0.07380134687499999 0.5189125421874999 0.0758352890625 0.5238706750000001 0.0868195203125 0.52817715625 0.10569578125000001 0.511563990625 0.11000088593749999 0.5153530374999999 0.126420553125 0.5494964078125 0.13785822187500002 0.5642232484375 0.127736315625 0.572204003125 0.129529778125 0.5824215046875001 0.1403731265625 0.5920037484374999 0.16389457031250002 0.59545876875 0.1818672171875 0.5871603859375 0.186412803125 0.572783965625 0.19976779375 0.5619639984375 0.211174675 0.542495225 0.223894059375 0.5442473296875 0.24005948125 0.540222634375 0.253909196875 0.5075957171875001 0.2889063328125 0.565651615625 0.2475151 0.574251234375 0.2318443984375 0.5914832624999999 0.21007513125 0.6104509953124999 0.19968522187499999 0.6130217671875 0.20718212343750003 0.6011669328125 0.21367581875 0.5966412 0.2298550046875 0.61312014375 0.2358985234375 0.62051788125 0.216091125 0.6419385640625 0.22833280781249998 0.6715070140625 0.2415914640625 0.692894903125 0.24426101406249998 0.6971521953125001 0.24877907656249998 0.7124456578125 0.25547196250000004 0.7253025656250001 0.24431932500000003 0.7314297875 0.2498681203125 0.7167521359375 0.274348225 0.69664810625 0.29974570312500004 0.676478490625 0.3059989171875 0.656675690625 0.32027128125000004 0.6197750859375001 0.3459642890625 0.6602813296875001 0.332681371875 0.6447686140625001 0.36104393125 0.6731710296875001 0.33110086562499996 0.6865617703125 0.32719088749999997 0.690252440625 0.31489415625 0.727487071875 0.287648165625 0.7484917484375 0.27751249843750003 0.7437826078125 0.2896821078125 0.7331460484375001 0.3050985671875 0.7428297203125 0.308699253125 0.7435305624999999 0.3151654234375 0.7630485234375 0.3168042390625 0.7801135375 0.2958114625 0.7952071921874999 0.29370870781249997 0.8082639078125 0.2913517109375 0.8068458281249999 0.27363330625 0.820937409375 0.2761894984375 0.82163825 0.2826556671875 0.8331754562499999 0.28250102187500004 0.8562662624999999 0.2869777953125 0.8522251718749999 0.29604144374999997 0.8554967843749999 0.3100045171875 0.8790558374999999 0.3025796859375 0.8833295265625001 0.3118838140625 0.9082574703125001 0.3078191890625 0.92144840625 0.29511356875 0.9292785453124999 0.3024695890625 0.9538560671875 0.29517187968749997 0.9811385843749999 0.2850224515625 0.9806539437499999 0.2921379890625 1 0.2949638484375 1 0
0 0.0091176453125 0.5760976421875 0.006170367187499999 0.5898004218749999 0.0143612890625 0.5917608234375 0.01817166875 0.596926634375 0.0225715 0.599351890625 0.0249679015625 0.5996509999999999 0.0355359390625 0.5962798421875 0.0403094546875 0.5912473968749999 0.0412918828125 0.586679803125 0.0416655609375 0.5792221 0.0374622140625 0.5758833250000001 0.0176822484375 0.5706003390625 0.0091176453125 0.5760976421875
0 0.1210083765625 0.49063082187500007 0.13033963125 0.4758487765625 0.1299080828125 0.46641448125 0.11631561093750001 0.46096575156249997 0.09743732499999999 0.485812690625 0.09944075625 0.48793883749999994 0.11342619843749999 0.4915605296875 0.1210083765625 0.49063082187500007
1 0.31875 1 0.31875 0.459375 0.21950244843750003 0.459375 0.2105419515625 0.46334627343749996 0.19362851718750002 0.47905802499999994 0.1761449171875 0.5031410000000001 0.16221734375000002 0.51641130625 0.1508826546875 0.5290672046875 0.1475424046875 0.544597021875 0.1274080484375 0.5524024062499999 0.10248088749999999 0.559609571875 0.0955846125 0.5859520578125 0.0818342359375 0.5926781796875 0.08067461249999999 0.6037899578125 0.0827359109375 0.6228081046875 0.0795921453125 0.6374244015625 0.0680609734375 0.6509938156249999 0.071890640625 0.6617902953125 0.0667627328125 0.6799111124999999 0.0594734875 0.708080634375 0.056684115624999996 0.7096085640625001 0.0409495921875 0.7198392046875 0.044779260937499996 0.7306356828125 0.044582775000000005 0.7315492 0.042244240625 0.7481420921874999 0.0576822375 0.7678918203125 0.0714711953125 0.77242703125 0.0713132890625 0.7846018828125001 0.05675767968749999 0.7893514125 0.0638082671875 0.8080542578125 0.051413996875 0.8027550828125 0.03367604375 0.8108595765625001 0.0287446234375 0.828066875 0.0413546671875 0.8380832 0.0661046296875 0.83742021875 0.07372538749999999 0.8477518421875001 0.0657695296875 0.85613925625 0.06763434375 0.8760709203125 0.09163694375 0.8903233453125001 0.1080187890625 0.8942441468750001 0.12479360312500001 0.8963379125 0.1461454515625 0.8943127484375001 0.15635909375 0.9040299624999999 0.1731532015625 0.9117543937499999 0.199159234375 0.9281329656249999 0.21836903125 0.9417871718749999 0.23200008125 0.9584972359374999 0.261188459375 0.9715208421875001 0.274819509375 0.9882309062499999 0.30017821875 0.990458034375 0.3074521171875 1 0.31875 1
0 0.4054011359375 0.8997027687500001 0.41572006562499997 0.890625359375 0.40618701093750004 0.8814621140625001 0.39464980625 0.8816167609375001 0.38788732656249997 0.8887460609375001 0.3911425421875 0.8979230671875001 0.4054011359375 0.8997027687500001
0 0.3670290828125 0.6939844828125 0.37225565937500005 0.6842714671875 0.3720558546875 0.6754758234375 0.36304023281250003 0.668769175 0.3526885109375 0.66827445 0.34761255156250004 0.6724249109375 0.34051604687500003 0.6811071921874999 0.3488800140625 0.6957058734375 0.352619871875 0.6977673390625 0.3670290828125 0.6939844828125
0 0.41409189375000005 0.762050934375 0.41682967812499994 0.768771346875 0.4288843171875 0.77107329375 0.43531277187499995 0.7654969749999999 0.43391108906250003 0.752564634375 0.4291363625 0.74558998125 0.421673040625 0.7462531109375 0.4128572234375 0.7483421031249999 0.41152112343749997 0.7545540296875 0.41409189375000005 0.762050934375
0 0.48973442343749995 0.9014582046874999 0.4909526984375 0.91038096875 0.49674589375 0.917482746875 0.5074480390625 0.9212105546875 0.5153960015625 0.913431884375 0.5167321015625 0.9072199578125 0.5155138265625 0.8982971937500001 0.5076836874999999 0.8909411734375 0.49632989062499994 0.8951053953125001 0.48973442343749995 0.9014582046874999
0 0.54929038125 0.9017157109374999 0.5411098203125 0.8911266062500001 0.528085896875 0.9030557375000001 0.514695159375 0.9069657140625 0.50627895 0.9266459906249999 0.497862740625 0.946326265625 0.49634323125 0.9485286171875 0.517999565625 0.9305009203125 0.5401897250000001 0.919715884375 0.54929038125 0.9017157109374999
0 0.8013731968750001 0.886934146875 0.8149801359375001 0.8966058765625 0.8254988718749999 0.896324109375 0.8322613515625001 0.889194809375 0.8378383484375 0.8827148781249999 0.8396754859375001 0.8741734781249999 0.8408281765625001 0.863951975 0.8318125546874999 0.8572453265625001 0.8201083359375 0.8581764609375 0.8167352953125 0.8641341453125001 0.8133622531250001 0.8700918281250001 0.8033609515624999 0.872830190625 0.8013731968750001 0.886934146875
0 0.7352904078125 0.8635365640625 0.74392281875 0.8574379953125 0.7513697453125 0.8519887984375 0.7482815406250001 0.8420353 0.7274110828125 0.84182234375 0.7177929953125 0.857365921875 0.7273096546875 0.8617431 0.7352904078125 0.8635365640625
1 0.328955721875 0.459375 0.3294429046875 0.4700255453125 0.329858909375 0.49240289531250003 0.326685671875 0.5071562203125 0.325015546875 0.5149211296875 0.31875 0.5211734046875 0.31875 0.5493365625 0.32668261875 0.5557933765625 0.337869403125 0.5524056453125 0.339922740625 0.5574459546874999 0.3447138625 0.569206678125 0.3479690796875 0.5783836828125001 0.35546519375 0.587292684375 0.3481852796875 0.5919653921875 0.33155571875 0.5914844296874999 0.3299183875 0.608821471875 0.338416575 0.613071528125 0.36508022812499996 0.6203862625000001 0.36970433593749996 0.6329234749999999 0.38446396875 0.6323737031250001 0.3909416109375 0.6411555812499999 0.3884200265625 0.648016878125 0.383042834375 0.6632924515624999 0.3832590359375 0.6768741593750001 0.39786805 0.681886946875 0.3867140578125 0.694846809375 0.392841278125 0.700395603125 0.40713266406250004 0.7117474375 0.3940073125 0.7435973234375 0.42429605312500007 0.719471059375 0.42280933593750003 0.7312455437500001 0.42793448281249996 0.7414532828125 0.438151984375 0.7522966296875 0.4573687125 0.7650605609375 0.47114266406249994 0.7739558015625001 0.48575167812500003 0.7789685859375 0.5017131906250001 0.7825555109375 0.5176583046875 0.78135636875 0.527174965625 0.7857335484375 0.5085740453125001 0.8041426093750002 0.4876185546875 0.828636475 0.4923932796875 0.83561113125 0.539445803125 0.8016172031250001 0.5542054343749999 0.8010674328124999 0.574240828125 0.8051628421875 0.572236678125 0.8144807328125001 0.5651401734375 0.8231630140625 0.5626349859374999 0.8348103765625 0.5699476906250001 0.839709803125 0.5909851609375 0.8391462687499999 0.6096352671874999 0.8350954078124999 0.6314914046875 0.8258633515625 0.6408246546875 0.8262309531250001 0.6555842859375 0.8256811828125 0.6720468343749999 0.826938634375 0.6683561625 0.839235365625 0.6778728218750001 0.8436125437499999 0.6993949328125 0.8359334703125001 0.71385333125 0.8465088125 0.7292646171875 0.8380670109375 0.7482651437500001 0.837249234375 0.7581158296875 0.8400734296875001 0.7869506453125 0.83729378125 0.8034131921875 0.8385512343749999 0.81541864375 0.8264949828124999 0.83815903125 0.8277386734375 0.8312623296874999 0.8452165984375 0.8545037531249999 0.8441308171875 0.8703668890625 0.8190013421875 0.90581356875 0.8146549515625001 0.925933996875 0.7940435390625 0.9399927859375001 0.787027596875 0.95115400625 0.7884206953125 0.9623735828125 0.7946050984374999 0.9811768234375 0.7081140453125 0.9913121624999999 0.459375 0.328955721875 0.459375