0 0.305532721875 0.0493452765625 0.31161339374999997 0.038018303125 0.3101627921875 0.0300616984375 0.30943749062500003 0.0260833953125 0.30158952656250004 0.0232487296875 0.291154540625 0.0285639890625 0.28725228281250004 0.033967765625 0.28979083437500003 0.047891825 0.2911060703125 0.0506379734375 0.3009051640625 0.05077075156250001 0.305532721875 0.0493452765625
0 0.2505000328125 0.07365058125 0.254629575 0.0650254984375 0.25490281718749996 0.057588309375 0.2532708921875 0.048637128125 0.2421565625 0.045758203125 0.23135892500000002 0.049084309375 0.229859853125 0.063201690625 0.2322170828125 0.076131175 0.23657139843750002 0.0821428875 0.24251419218749998 0.0834635609375 0.2505000328125 0.07365058125
0 0.2072050125 0.1846772921875 0.20575441093750002 0.1767206859375 0.20180870468749998 0.16848224375 0.19282683125 0.1638960046875 0.1837070796875 0.1719574109375 0.18493039687499999 0.1831353234375 0.1873795421875 0.1876330453125 0.1938663125 0.19193744375 0.2028941453125 0.1923078015625 0.2072050125 0.1846772921875
0 0.1498376921875 0.035330184375000004 0.1590902984375 0.0503373375 0.170161178125 0.039574042187500005 0.172068859375 0.02322993125 0.16440221875 0.0213898421875 0.1598665796875 0.014383553125 0.152743915625 0.015527189062499999 0.1501568921875 0.023677114062499997 0.1498376921875 0.035330184375000004
0 0.255345603125 0.457666190625 0.26097170625 0.45278183125 0.264013296875 0.43818929375 0.2499952546875 0.437255259375 0.23384475624999998 0.43802854062499996 0.23066779999999998 0.4474106203125 0.23887841562499998 0.45223443750000003 0.24940280937499998 0.4563455171875 0.255345603125 0.457666190625
1 0 0 0 0.509375 0.14187654375 0.509375 0.1533554734375 0.5058901625 0.1618852890625 0.499060909375 0.16619615625 0.49143040156250006 0.1678305953125 0.4825234796875 0.16324899375 0.47973307343749994 0.1640662125 0.47527961249999995 0.1767230625 0.47768337968749996 0.1881106328125 0.473125115625 0.1887924875 0.4634611984375 0.18761512656249998 0.44806740468750006 0.18734439375 0.4376464890625 0.191701221875 0.4258000984375 0.1946968546875 0.41542344375000007 0.19950824843749998 0.3971344421875 0.20291248906249998 0.3845310546875 0.2085845515625 0.3754308140625 0.21516323750000002 0.37130345 0.2281367796875 0.37991225 0.23703175625 0.3572140453125 0.23503717812499997 0.34627371406249996 0.2418891109375 0.3347091625 0.2434800984375 0.31216001875 0.23595133750000002 0.29767228125 0.23023582656250002 0.29313030156250003 0.2228858796875 0.2974952453125 0.21771183437500002 0.3137950953125 0.21067857656250003 0.324365071875 0.20450849999999998 0.3262657046875 0.1994748421875 0.31205980625 0.1896323 0.29828480625 0.2027437171875 0.2942459609375 0.2125453203125 0.2765206375 0.21109471875 0.26856403281249996 0.20506251718750002 0.2578170203125 0.1942648796875 0.2611431265625 0.1884574515625 0.2650329109375 0.17684510625 0.254954375 0.177662325 0.250500915625 0.186782075 0.24243950781249998 0.1937693734375 0.236085415625 0.1952684453125 0.22196803437499998 0.196586190625 0.2068560796875 0.1912333296875 0.2043032515625 0.17807595625 0.212557978125 0.1707719671875 0.21270703750000003 0.1695511609375 0.1836710234375 0.1693263859375 0.169034225 0.168966246875 0.14918697187500002 0.1673827875 0.11816180624999999 0.1649821125 0.0915900984375 0.1563628875 0.0889930125 0.14035026718750002 0.077118646875 0.1379036328125 0.0547628234375 0.12769593125 0.0568567765625 0.11621895 0.0519887 0.10410607812499999 0.05256865937500001 0.092539690625 0.0382742421875 0.0799747609375 0.0274387109375 0.074578453125 0.0112436625 0.06683808125 0 0 0
0 0.6078842828125 0.0041619562499999995 0.5977225390625 0.0020400265625 0.5913251765625 0.007161965625 0.5875582859375 0.0177762015625 0.5905054484375001 0.0294735296875 0.5983074531250001 0.036524078125 0.6092864140625001 0.034192546875 0.6128260234375 0.026799618749999997 0.6140978109375 0.01590354375 0.6105607125000001 0.0054383703125 0.6078842828125 0.0041619562499999995
0 0.4390728140625 0.029901915624999997 0.4488259484375 0.0342505765625 0.45023310156249996 0.028564957812500003 0.45136952187499996 0.012458428125 0.45200541562499996 0.007010392187500001 0.42982020624999995 0.0148947625 0.43204206718750005 0.0226137875 0.43603373437500004 0.026636348437500002 0.4390728140625 0.029901915624999997
0 0.6193846265625 0.16553708125 0.612851896875 0.1654485625 0.6055938671875 0.1613817421875 0.6015996921875 0.17521728281249999 0.6054994390624999 0.1876716078125 0.611623559375 0.18998685625 0.6174309859375 0.186097071875 0.62042661875 0.1757204171875 0.6193846265625 0.16553708125
0 0.5310574203125 0.1591316234375 0.5231175375 0.164728721875 0.525656090625 0.17865277968749999 0.5259727812499999 0.1848578140625 0.5283300109375 0.1977872984375 0.5350440640625 0.1988703921875 0.5464775953125 0.1900962484375 0.5485666 0.1747467125 0.5453921546875 0.166270690625 0.5310574203125 0.1591316234375
0 0.5356390203125 0.16192203125 0.5458007640625 0.164043959375 0.5472538765625 0.15414246250000002 0.549570165625 0.135571621875 0.5460330703125 0.125106446875 0.5382745109375 0.1316981203125 0.5327378171875 0.1460088203125 0.5350950437499999 0.1589383046875 0.5356390203125 0.16192203125
0 0.8149302671874998 0.36685850000000003 0.8169248453125 0.377798834375 0.82554406875 0.38039592031249997 0.8375215765625 0.374605503125 0.8360709734375 0.3666488984375 0.8334405031250001 0.36115660156249996 0.821917565625 0.36050440625 0.8149302671874998 0.36685850000000003
0 0.9031555156250001 0.4531281328125 0.902113521875 0.4429447984375 0.8898193234375 0.44253018125 0.8804747984375 0.43595479218750005 0.8770705578125 0.448558178125 0.8750275109375 0.45969183124999996 0.881286996875 0.4672175375 0.8912674156249999 0.46834489062499995 0.8982547125 0.461990796875 0.9031555156250001 0.4531281328125
0 0.83995816875 0.46839373906250004 0.8307949687499999 0.462812925 0.8221757453125 0.4602158375 0.8123306921874999 0.46429894374999997 0.8084718843750001 0.483344940625 0.8160466046875001 0.49361679531249997 0.8252557640625 0.49498172812499996 0.8391384390625 0.4907053046875 0.8454004359375 0.4803729078125 0.83995816875 0.46839373906250004
0 0.1378368015625 0.5270984453125 0.12821903437499999 0.5279602437500001 0.1191452421875 0.5318057671875 0.11823610468750001 0.5446909921875001 0.1234970484375 0.5556755843750001 0.13325018125000002 0.5600242453125001 0.1446837125 0.5512501000000001 0.1442776140625 0.535618728125 0.1378368015625 0.5270984453125
0 0.196802646875 0.6003221 0.20460465156250002 0.6073726484375 0.2149477203125 0.610489153125 0.225474625 0.5967421296875 0.22016772499999998 0.5899734203125 0.21195710937499998 0.5851496015625 0.2017034484375 0.5914594359375 0.196802646875 0.6003221
0 0.36875 0.6478577249999999 0.362881684375 0.6489540203125 0.35185676250000003 0.655501434375 0.35285279687500004 0.669900653125 0.3562085671875 0.6793712515625 0.3623786453125 0.6774706171875 0.36875 0.6748775703125001 0.36875 0.6478577249999999
0 0.33063920156250004 0.5569941828125 0.3293674140625 0.5678902546875 0.33349444687499996 0.577123275 0.3427036046875 0.5784882078125 0.3499181859375 0.56891280625 0.35708680937500004 0.5635532875 0.35472958125 0.5506238031249999 0.34973937187500004 0.5500601281249999 0.3412555140625 0.5526734984375 0.33063920156250004 0.5569941828125
0 0.36875 0.679348246875 0.3641918984375 0.687416375 0.35057995468750003 0.702113715625 0.3553428796875 0.7058986968750001 0.3670471421875 0.7075454671875 0.36875 0.7061364015625 0.36875 0.679348246875
0 0.36875 0.968190771875 0.3627470875 0.9609735390624999 0.3608419171875 0.959459546875 0.3506801734375 0.9573376187499999 0.34115181250000004 0.9676257546875 0.3367949875 0.9794721453124999 0.33035166562499996 0.9888099671875 0.3327548515625 0.9975235687499999 0.3440964640625 0.9971811890625 0.3589317265625 0.993661759375 0.3667822015625 0.9786383234375 0.36875 0.9696687531249999 0.36875 0.968190771875
0 0.30818151875 0.889545715625 0.30867953593749997 0.8967453265625001 0.3108554375 0.908680234375 0.32065453125 0.9088130124999999 0.326643284375 0.9059178031249999 0.332134021875 0.8958229859374999 0.3324072640625 0.8883857984375 0.330366728125 0.8816613468749999 0.3232900234375 0.8785890999999999 0.313444971875 0.88267220625 0.30818151875 0.889545715625
1 0 1 0.3172386828125 1 0.3176028984375 0.9948379625000001 0.29990988281250003 0.9960864 0.295555565625 0.9900746874999999 0.2937423140625 0.9801289296875 0.28843541250000004 0.9733602203124999 0.29388019062500004 0.967481284375 0.3046318703125 0.968371059375 0.3089427359375 0.9607405515625 0.3098059140625 0.9520712078125001 0.2993734375 0.9395283640625 0.30713199375 0.9329366921875 0.3069072203125 0.9182998937499999 0.2999224359375 0.906795884375 0.3037352859375 0.8919657671875001 0.3079107859375 0.879124803125 0.3060975328125 0.8691790453125 0.311636740625 0.83701024375 0.29879856718750003 0.8336119 0.29126729375 0.8369822656250001 0.29086119374999997 0.82135089375 0.2875973421875 0.8034485296874999 0.29063893125 0.7888559921875 0.2947250265625 0.7665886875 0.3005349640625 0.7448408000000001 0.29296024374999996 0.7345689453124999 0.283569759375 0.7322094390625 0.2762198109375 0.7365743796875 0.26020468124999996 0.7425581171875001 0.25993645781249997 0.7142791 0.2843051015625 0.6647553265624999 0.2461482109375 0.6922656546875 0.23648448281249998 0.6973433359375 0.23907401718750002 0.6713353062499999 0.2334963828125 0.6541456812499999 0.22728285625 0.64240409375 0.21326732499999998 0.62361195625 0.1980259640625 0.611500009375 0.1890440890625 0.6069137734375001 0.1783383703125 0.601808115625 0.1691292109375 0.600443184375 0.195809121875 0.568064778125 0.1752123921875 0.5712581078125 0.1544777859375 0.587099084375 0.145043853125 0.571097353125 0.135152840625 0.579396340625 0.121862609375 0.5645825078125 0.1127888171875 0.5684280312500001 0.0965464015625 0.5776330749999999 0.0882898296875 0.5770251390625 0.08493405625 0.5675545390625001 0.0795837078125 0.5471436078125 0.0693760046875 0.5492375625 0.06239121875 0.537733553125 0.054908415625 0.5190299359375 0.040073153125 0.5225493625000001 0.037802821874999996 0.5369043203125 0.034263215624999996 0.54429725 0.0202911296875 0.5391473359375001 0.012805817187499999 0.5383018203125001 0.0040512265625 0.530494275 0 0.5303576484375 0 1
0 0.6015187609374999 0.6222679046875 0.6033804828125 0.610139675 0.597394240625 0.59517678125 0.5890917078125 0.5987847265624999 0.585960709375 0.603950925 0.58527885625 0.61361484375 0.5917196671875 0.6221351265624999 0.6015187609374999 0.6222679046875
0 0.55971621875 0.509375 0.5604297703125 0.5309322828124999 0.57363310625 0.518461675 0.5808480453125 0.509375 0.55971621875 0.509375
0 0.844642675 0.9013712421875001 0.846867046875 0.8912321656250001 0.8436926 0.882756140625 0.8319883359375 0.8811093703124999 0.8255450156249999 0.890447190625 0.8268142921875 0.897409221875 0.8321211921875001 0.9041779312500001 0.8378826609375001 0.9045040296875 0.844642675 0.9013712421875001
0 0.639379815625 0.7629176921875 0.6295807234374999 0.762784915625 0.621459515625 0.7673874375 0.6218656140625 0.7830188093749999 0.6269452296875 0.793008825 0.6372882984375 0.7961253312500001 0.6429144015625 0.7912409703125001 0.648632421875 0.777924846875 0.6474091046874999 0.7667469359375 0.639379815625 0.7629176921875
0 0.6738491812499999 0.8268803531250001 0.678022171875 0.8318974906250001 0.6927220671875001 0.823167603125 0.6961263078125001 0.81056421875 0.6867817828125 0.803988828125 0.6767554046875001 0.80707735625 0.6712646687499999 0.8171721734374999 0.6738491812499999 0.8268803531250001
0 0.41827561874999997 0.6850167671875 0.405393996875 0.6679762046875 0.39740815625 0.67778918125 0.400309359375 0.6937023921875001 0.406476928125 0.7096598625 0.41532343593750004 0.7090356453125001 0.41827561874999997 0.6850167671875
0 0.5616739421875 0.716475346875 0.5516500750000001 0.701705771875 0.529738109375 0.7021529546874999 0.5227508125 0.7085070484375 0.5266505593749999 0.7209613734375 0.53912608125 0.7223705640625 0.5510116703125 0.7250119109375 0.5616739421875 0.716475346875
1 0.36875 1 0.7702392484375 1 0.7697769812499999 0.9822066078125001 0.7953664328125 0.9617188515624999 0.7805336828125 0.9473801749999999 0.763611925 0.948391034375 0.7564917734375 0.9316765671875 0.7845788375 0.8936125453124999 0.79469964375 0.86423415 0.8058624421874999 0.8450390890625 0.8002413609375001 0.8142072453125 0.7844944500000001 0.8484699984375 0.7741029140625 0.8674274796875 0.7593085890625 0.9024472328125 0.7402978265625 0.918807625 0.725370646875 0.9307588171875001 0.716345325 0.9125303578124999 0.7011983921875 0.87412854375 0.6845523890624999 0.8498441124999999 0.6691756625 0.832521709375 0.6633247859375 0.8227692718749999 0.6759841453125001 0.8073149359375 0.6930897375 0.7894405499999999 0.6956767609375 0.7812906234375 0.7273034328125 0.7358336734375 0.6771690359375 0.76913441875 0.6543019734375 0.7866827078125 0.6352452515625 0.8072589828125001 0.62000138125 0.8130051421875001 0.600267828125 0.8075291281249999 0.5914213203124999 0.808153346875 0.5834814375 0.81375044375 0.5825313624999999 0.7951353453125 0.5878867328125 0.7798300687499999 0.57872604375 0.7563911531249999 0.5705613875 0.7473514515625 0.5540022812500001 0.7503514625000001 0.56044309375 0.75887174375 0.54470120625 0.75741829375 0.5254681796874999 0.7412837859375 0.5198395671875 0.76402625 0.5156690859374999 0.741151009375 0.5027874640625 0.7241104437500001 0.4803749703125 0.735216121875 0.45705585156249995 0.74134891875 0.428021221875 0.7429397375000001 0.4105095296875 0.74518275 0.3912280359375 0.751122228125 0.373670384375 0.7575811234375001 0.36875 0.7608117 0.36875 1