0 0.39054369218749996 0.5601122625 0.3852286296875 0.5541742046875 0.37254923125 0.5522143828125 0.3657468203125 0.5574306875 0.3646693265625 0.5666017921875001 0.3663550859375 0.5703160078125 0.371260296875 0.578237321875 0.38245886093750003 0.5754913015625001 0.389618265625 0.5725046984375 0.39054369218749996 0.5601122625
0 0.1350983984375 0.561560878125 0.1414909578125 0.5583278296875 0.1383772265625 0.5456948125000001 0.126107684375 0.54175173125 0.120739759375 0.5400266328125001 0.1148034 0.55292366875 0.110757725 0.56854329375 0.11566293593750002 0.576464609375 0.1225116921875 0.5828955515625001 0.13095351875 0.5697462140625 0.1350983984375 0.561560878125
0 0.197146328125 0.49478740156249995 0.192036190625 0.48785771406249995 0.1858485578125 0.49009913125000004 0.18155161250000001 0.49506313593750007 0.1790924921875 0.5069626859375 0.1809303171875 0.51389823125 0.188955775 0.5185923609375 0.19632010625000001 0.514614125 0.19795951875 0.506681090625 0.197146328125 0.49478740156249995
0 0.094851621875 0.45556787656250003 0.08554374375 0.461036484375 0.0834944765625 0.47095277500000005 0.08292604218750001 0.4855749109375 0.0876791875 0.49027489687500003 0.09458080468749999 0.4924928796875 0.10460266874999999 0.491483675 0.10967297499999999 0.4709059046875 0.10405377812500001 0.4585251875 0.094851621875 0.45556787656250003
1 0.4390625 0 0 0 0 0.3023678140625 0.011925746875 0.3147092953125 0.026747100000000003 0.3300473234375 0.043155009375 0.34166527812499997 0.057619370312499994 0.35477360468749997 0.0637476265625 0.3726053546875 0.0801555328125 0.3842233078125 0.09676836718750001 0.3948496328125 0.10923632187500001 0.41366129375 0.136538659375 0.41609056562499996 0.1540240625 0.418537415625 0.17539655625 0.41800351874999997 0.19553948906250002 0.42341939687499996 0.2098583 0.41744618593749994 0.229902028125 0.41542777500000005 0.233577678125 0.42929886406250006 0.24416146093750002 0.42952773125 0.2569400625 0.43892184375000004 0.263127696875 0.43668042500000004 0.2795949796875 0.4282252125 0.291507528125 0.42993859375000004 0.3018400390625 0.4195118390625 0.304913940625 0.404637403125 0.314016890625 0.40016042656249995 0.3062361921875 0.421982125 0.29508397343750004 0.43637539375 0.29957933125 0.44627996875 0.307294140625 0.46039164218749995 0.3215072296875 0.46284435156250003 0.329539203125 0.4516782703125 0.3243298578125 0.43731429374999997 0.33230896875 0.4303611734375 0.3405987296875 0.4139905046875 0.351850153125 0.407031521875 0.3521608015625 0.397613975 0.36704804687500003 0.3770186296875 0.3818230546875 0.3807094109375 0.38697953906250004 0.3992863453125 0.402012334375 0.3977725359375 0.41188864531249997 0.37768179375 0.398957978125 0.3650663515625 0.40034611875000004 0.3464776984375 0.4107249765625 0.34769819375 0.4206012890625 0.3276074515625 0.43609679999999995 0.319897425 0.4390625 0.3210688359375 0.4390625 0
0 0.6635845437500001 0.5666537171875 0.66328893125 0.5541176937500001 0.6570359140625 0.5471317453125 0.6386891875 0.5474561421875 0.6326074078125 0.562919059375 0.6362706203124999 0.5777814359375 0.6562973125 0.5879497484375 0.6597892890624999 0.5803632546874999 0.6635845437500001 0.5666537171875
0 0.9757880578125 0.247724634375 0.9601478499999999 0.24891882812500002 0.9613456375 0.261744784375 0.9651332281249999 0.2666943109375 0.9743338515625 0.2733834359375 0.9818545078125 0.2695798515625 0.9867308375 0.2599500453125 0.983907609375 0.2503340265625 0.9757880578125 0.247724634375
0 0.9253993250000001 0.34723262187500004 0.92599821875 0.35364560156249997 0.9315901531249999 0.35917499531249997 0.9331534062500001 0.36092148281249997 0.9358599234374999 0.36179127968749997 0.9454260156250001 0.3574009375 0.944710409375 0.34224173750000003 0.931901096875 0.3343928828125 0.9278102265625 0.3355663984375 0.9253993250000001 0.34723262187500004
0 0.910387796875 0.1358874046875 0.91808735625 0.13587361874999998 0.9231425890625001 0.1300336125 0.9241691359375 0.1204107015625 0.9190593812500001 0.1125480609375 0.9066078718749999 0.11227880625 0.9015526421875 0.1181188125 0.9043136828125 0.13269125312500002 0.910387796875 0.1358874046875
1 0.4390625 0 0.4390625 0.37866391875 0.45619310156250004 0.383058425 0.47297657187500003 0.38098754218750003 0.4854826046875 0.394959440625 0.49799630468749995 0.390272271875 0.51212778125 0.40103423749999995 0.5247581921875 0.4050932921875 0.541899465625 0.4106020078125 0.53876529375 0.4257681015625 0.5549422046875 0.435943309375 0.565052665625 0.42426329531249996 0.58718698125 0.42888842812499994 0.60211158125 0.4125350359375 0.6114365828125 0.409311315625 0.6245491750000001 0.4110371234375 0.63206216875 0.42589260781249993 0.641628259375 0.42150226562500004 0.649016875 0.44627059375 0.6616472874999999 0.45032964687500004 0.6775984375 0.4243533421875 0.6875845203125 0.4225861734375 0.7157384265625 0.4167048140625 0.7267510609375 0.4053147359375 0.730849596875 0.3854821515625 0.7455952953125 0.36533895781250003 0.7402521140625 0.339983875 0.7533101828125 0.32800703750000004 0.7710034890624999 0.30756701875000003 0.7799085 0.30172012187499997 0.7924298640625 0.27837388281250003 0.7980294625 0.26524421249999997 0.8122929843750001 0.24743426093749998 0.8244412140625 0.2538265609375 0.8391247249999999 0.23863979062500001 0.8519493671875 0.2091705109375 0.865310715625 0.1910706296875 0.871337971875 0.1619050671875 0.8757397828125001 0.1359494390625 0.8791772359374999 0.1146603015625 0.8897076890625 0.1056034671875 0.8972283453125 0.10179988437500001 0.9006036109375 0.085467165625 0.9044610531250001 0.0668012078125 0.9122849921875 0.056874575000000004 0.9189656640624999 0.0478246359375 0.9153646406250001 0.0280058390625 0.9041807703125 0.0169470484375 0.9070252546875001 0 0.4390625 0
0 0.700099090625 0.562215125 0.7102018875 0.56919418125 0.71766035625 0.5703470187499999 0.725422103125 0.5653768109375 0.725966471875 0.55808714375 0.723563234375 0.5510943015625 0.7184534796875 0.5432316625 0.7122004640625 0.5362457109375 0.71039611875 0.535665846875 0.7029921734375 0.54821565625 0.700099090625 0.562215125
0 0.9055285390625001 0.3968313125 0.8920581453124999 0.387525903125 0.8833942265625 0.392206178125 0.8860930781250002 0.41173504375 0.9008311124999999 0.4102509171875 0.9072085078125 0.40732402187499994 0.9055285390625001 0.3968313125
0 0.2915080171875 1 0.2980509796875 0.9916986078125 0.29565775 0.9676647828125 0.28681258593750003 0.9669371734375 0.28026144531249997 0.9828090984375001 0.27698261875 0.9986751640625 0.2780222375 1 0.2915080171875 1
0 0.4390625 0.959191090625 0.4319246859375 0.953295321875 0.41995927499999997 0.9557949000000001 0.4074319453125 0.9570564062500001 0.4032342046875 0.9694547 0.41008296250000004 0.9758856421875001 0.43201737500000004 0.9765898171874999 0.4390625 0.9666586765625 0.4390625 0.959191090625
0 0.17312741874999998 0.899734884375 0.1709789453125 0.9022168859375 0.16744884531249998 0.9074273328124999 0.16023658125 0.914626896875 0.1513849015625 0.9297594953124999 0.1547564203125 0.9371879249999999 0.174899353125 0.942603803125 0.18630284375 0.9388661515625 0.18498059218750001 0.9215214312500001 0.1849871078125 0.9056612234375001 0.17312741874999998 0.899734884375
1 0.4390625 0.6 0.0270890734375 0.6 0.018309135937500002 0.6437707828125 0.0138007484375 0.665586625 0.025706782812500002 0.6831602140624999 0.02334686875 0.70249405 0.018884826562500002 0.735957140625 0.0446071265625 0.7262462796875 0.0440915515625 0.7366554578125 0.0602945328125 0.7492650390625 0.0687696734375 0.779483365625 0.083333240625 0.8000259812499999 0.09391050937499999 0.8161150546875 0.1046398453125 0.8354254609374999 0.12314336562499999 0.84877436875 0.1465586109375 0.854184390625 0.1501814 0.872268440625 0.172261365625 0.892054153125 0.1895881859375 0.9071398796875 0.20231392656249997 0.9207469500000001 0.2235408703125 0.9011315156249999 0.23427672031250002 0.9045817109375001 0.2550807796875 0.9186699515625 0.2725133203125 0.9253297593750001 0.2916844796875 0.931490825 0.3091698828125 0.9339376734375 0.338210840625 0.935868203125 0.36142115937499997 0.94226985 0.3836068453125 0.9536296453125 0.3969075375 0.9367543734374999 0.40162085156250005 0.913946903125 0.40672447500000003 0.9367367968749999 0.4263648640625 0.9208414375 0.4390625 0.919822896875 0.4390625 0.6
1 1 0.7215477328125 0.9976515921875 0.7213097515625 0.982777378125 0.71018468125 0.9852364984375 0.69828513125 0.98907073125 0.6995173453125 0.9797758828124999 0.6732655390625 0.8828587062499998 0.6414432109375 0.4452946875 0.6082865921875 0.4390625 0.63844380625 0.4390625 1 1 1 1 0.9867811859375 0.9997421703124999 0.9842383203124999 0.9964763734375002 0.9683839687500001 0.99893549375 0.95648441875 1 0.957586034375 1 0.7215477328125