0 0.19358183125 0.3899873578125 0.20000083124999998 0.39683272187499996 0.20673320781250001 0.40612011406250004 0.217350575 0.39531046875000003 0.2162267671875 0.3793571859375 0.21012114531249998 0.3749538453125 0.2000765546875 0.37583515 0.19431130000000002 0.38128003125 0.19358183125 0.3899873578125
0 0.2873606015625 0.26445703125 0.2727233 0.25833273125 0.2671147328125 0.264998625 0.2712643640625 0.27574738593750003 0.2793529640625 0.2812115 0.28634474375 0.278128528125 0.2873606015625 0.26445703125
0 0.21606040937499998 0.08302925156249999 0.214493521875 0.07081912343749999 0.20930104374999997 0.0663356640625 0.2019958875 0.0669766125 0.19351818437499999 0.08006804687499999 0.1959712296875 0.084791859375 0.20267661874999998 0.0866730546875 0.21089491875 0.08595198750000001 0.21606040937499998 0.08302925156249999
0 0.22613198437499998 0.08955414218749999 0.23844594218749998 0.0847694453125 0.241471765625 0.07956491875 0.22881744375 0.074501396875 0.21801639687500002 0.07668383125 0.22185265156249998 0.0849905640625 0.22613198437499998 0.08955414218749999
0 0.22988727656250002 0.0756422890625 0.2311138 0.0780041953125 0.2402722296875 0.08460920625 0.24815016562499997 0.0740399171875 0.2494794015625 0.06281044687500001 0.244600303125 0.0607690140625 0.230903134375 0.0619707921875 0.22986028906249997 0.0682360953125 0.22988727656250002 0.0756422890625
1 0.3890625 0.4296875 0.3890625 0 0.31573082812500003 0 0.31626341406249997 0.007560448437500001 0.29680098906249996 0.014207109374999999 0.2848543828125 0.0362462234375 0.29237020468749997 0.051638678125000004 0.28788544531250004 0.07425785625 0.2855133640625 0.091752628125 0.2617446203125 0.08642951875 0.2422821953125 0.09307617812499999 0.2401965046875 0.10560678125 0.23936432343749997 0.1279054859375 0.2534018546875 0.136551925 0.2607070125 0.1359109765625 0.2633924703125 0.12085823281250001 0.27646288124999996 0.11477240156249999 0.276830234375 0.1320268171875 0.29360720156250003 0.1404329046875 0.29725977812500004 0.14011242968749998 0.298253884375 0.162250896875 0.28048804843749997 0.174922503125 0.2788994125 0.19852234062500002 0.2927532671875 0.1985415734375 0.294006778125 0.20830967500000003 0.2885818859375 0.22360277812499998 0.28957599218749996 0.2457412453125 0.2992044921875 0.25600929375 0.3167379125 0.26311424843750003 0.31580301718750003 0.29900433125000003 0.31922318125000004 0.31846041875000003 0.3228270203125 0.3465437125 0.32671725 0.3696628359375 0.3377559484375 0.39092 0.3573263203125 0.4138981234375 0.37213225 0.4296875 0.3890625 0.4296875
0 0.4572790234375 0.4296875 0.45871397500000005 0.4272193296875 0.456982565625 0.4137271375 0.4481553546875 0.40610526093750005 0.4361361453125 0.41030845468750005 0.43502923437499996 0.426148771875 0.43675712187500004 0.4296875 0.4572790234375 0.4296875
0 0.456358746875 0.20702121875 0.45664805937499997 0.21539220625 0.4614612203125 0.2223167296875 0.47050892343750006 0.21942379843749998 0.47669536562500003 0.212583725 0.47766909062499996 0.19570554843750002 0.47077084375 0.184765784375 0.46081378125 0.1866889546875 0.45773202968749993 0.1932566234375 0.456358746875 0.20702121875
0 0.47299870000000005 0.0859129453125 0.461865909375 0.0847906359375 0.450999490625 0.08574404687500001 0.441464925 0.097076065625 0.43998139687500004 0.1160980640625 0.45268947343750005 0.12337944062499999 0.46535166875 0.118070284375 0.47996576874999997 0.11573850781249999 0.4871947546875 0.11090605625000001 0.47912077656249996 0.096920809375 0.47299870000000005 0.0859129453125
1 1 0.4296875 1 0 0.55406615625 0 0.5517598671874999 0.002385609375 0.5576385125 0.01761301875 0.5453988125 0.032331025 0.53114284375 0.0619195875 0.537664475 0.07604103437500001 0.4991680828125 0.0941123296875 0.5231191953125001 0.097258609375 0.533190953125 0.1268117671875 0.5313078703125 0.1427201859375 0.5218421234375 0.1729380046875 0.5155683734375 0.191330746875 0.523353040625 0.1969450046875 0.5080086500000001 0.211935415625 0.5128906296875 0.2377457359375 0.5179057953124999 0.26459391718749997 0.531123671875 0.26973146875 0.5381780453125 0.288004359375 0.5449889875 0.310496796875 0.5327492875 0.3252148015625 0.5143460828124999 0.3530681453125 0.5118429515624999 0.376377790625 0.527788903125 0.3844246234375 0.5370800390625 0.3773121484375 0.5295203125000001 0.39791681562500003 0.54021211875 0.420068746875 0.5537377953125 0.4031388171875 0.56626680625 0.39679180000000003 0.5638739203125 0.41484404062499997 0.573367059375 0.4276552234375 0.5737466828125 0.4296875 1 0.4296875
0 0.29759143125 1 0.29846759375 0.99025365625 0.29429742187499996 0.9822231718750001 0.2871786796875 0.9817982187500001 0.2798165078125 0.9855928078125 0.28239491875 1 0.29759143125 1
0 0.0667603203125 0.7565932265624999 0.072083284375 0.761373928125 0.0771398765625 0.7640789046875 0.0855675328125 0.7685872 0.0875838015625 0.75371664375 0.0865183171875 0.74541375625 0.083900490625 0.7372470718749999 0.074586415625 0.73806428125 0.065561653125 0.7472524796875 0.0667603203125 0.7565932265624999
0 0.017848079687499997 0.65068236875 0.03636598125 0.6543053578125 0.0442608953125 0.6546622078125 0.046387409375 0.634534246875 0.0364074078125 0.6301621515625 0.0196209171875 0.640031359375 0.017848079687499997 0.65068236875
0 0.0559449140625 0.62949749375 0.04924866875 0.6384813890625 0.047342646875 0.6480945390625 0.051512821875 0.6561250234375 0.0607166484375 0.6605652187500001 0.07078395625 0.6533846421874999 0.0738427671875 0.6405217078125001 0.0704258265625 0.6261278578125 0.0662785921875 0.6243926390625 0.0559449140625 0.62949749375
1 0.3890625 0.4296875 0.1172486671875 0.4296875 0.115954334375 0.44266077656249997 0.1237619421875 0.4545703 0.13516110312500002 0.45776833124999994 0.129443034375 0.48660778593750004 0.1465647140625 0.4977001 0.142706790625 0.5043358687499999 0.1314866921875 0.5147662296875 0.13308491718749998 0.5272205609375 0.1391840546875 0.5319331609375 0.1459720578125 0.548130328125 0.1417833953125 0.5705383140625 0.1359321421875 0.598339909375 0.14245377343750001 0.6124613562500001 0.1527001453125 0.618909171875 0.16099461406249999 0.6223796078125 0.1757648375 0.6273809578125 0.187517675 0.6211020421875 0.18654395 0.6379802203125 0.18596978125000002 0.6579719781250001 0.2039135140625 0.6815867250000001 0.2120977375 0.690314565625 0.230307840625 0.716005034375 0.23722902812500002 0.7332400640625 0.2502907828125 0.7310444890625 0.26781201875 0.7452503859374999 0.2651527609375 0.7612269046875 0.2774842203125 0.7716899640625 0.2714768421875 0.792158428125 0.268794646875 0.80183968125 0.276758378125 0.8210823328125001 0.288667340625 0.822136540625 0.2948079046875 0.8027059359375001 0.313105315625 0.8168437328125 0.326768628125 0.8376854 0.3296528265625 0.8479278078124999 0.3373272484375 0.8587994703125 0.3440923125 0.868701375 0.343894759375 0.8855114515625001 0.34977340468749996 0.9007388609374999 0.35587254218750003 0.9054514593749999 0.36829130625 0.9043618468750001 0.37110668750000003 0.89571845625 0.378069303125 0.8888102828125 0.3815276703125 0.8790609296875 0.3890625 0.8826072468749999 0.3890625 0.4296875
0 0.6076513875 0.9878473296875001 0.618540746875 0.9931891859374999 0.625393115625 0.9915384171875001 0.6293612875 0.9796452421874999 0.625301359375 0.966357353125 0.6124830375 0.9643333828125 0.6097779015625 0.9677193687500001 0.6074723234375 0.9742189374999999 0.6076513875 0.9878473296875001
0 0.9378555703125 0.943132278125 0.9341951984375001 0.9329579703124999 0.9156543562499999 0.9230397187499999 0.9034146562500001 0.937757721875 0.90774095625 0.953121334375 0.9114886343750002 0.9517429703125 0.9144830796874999 0.9567279703124999 0.9285873765625 0.9565400187499999 0.9375018921875 0.9526092265624999 0.9378555703125 0.943132278125
0 0.8950513687499999 0.9154014890625 0.9009943796875 0.9127809609374999 0.9001493890625 0.8939632625 0.889393215625 0.8896592703125 0.8786599828125 0.89165054375 0.8777965015625 0.9032713156250001 0.8842951953124999 0.9110974953125 0.8950513687499999 0.9154014890625
0 0.4087638625 0.7408118578125 0.418100878125 0.746289915625 0.4269924546875 0.7360638578125 0.42475124375 0.7247154874999999 0.4137286984375 0.718335771875 0.40157630468749994 0.7215011062500001 0.4039507015625 0.7338873343750001 0.4087638625 0.7408118578125
0 0.4348051953125 0.607333703125 0.42819625781250004 0.6047649265625 0.4174859625 0.613051465625 0.4113453984375 0.6324820703125 0.4191300671875 0.6380963281250001 0.4214585859375 0.637892025 0.4360726828125 0.6355602499999999 0.4421030015625 0.6213870515625001 0.4348051953125 0.607333703125
0 0.45579438593750005 0.5078843078124999 0.4477662875 0.50648959375 0.43938451093750003 0.5145718296874999 0.4422687109375 0.5248142359375 0.44772485937499995 0.530632796875 0.45679550312500006 0.53403513125 0.4662198234375 0.5279605171874999 0.46266969687500004 0.51252880625 0.45579438593750005 0.5078843078124999
1 1 0.4296875 0.44895972031250003 0.4296875 0.45374627656249994 0.4429921265625 0.466964153125 0.44812967812500004 0.47574548437499997 0.44316102500000004 0.4784965 0.452365571875 0.46312916875 0.46106071406249993 0.4695864328125 0.4930301015625 0.48167445937500003 0.5077127031249999 0.48795266093750006 0.526053696875 0.49008362656250004 0.5426594687499999 0.49851128125 0.547167765625 0.4993562734375 0.5659854640625 0.493527959375 0.600082321875 0.488696309375 0.62359626875 0.49430858281249995 0.63674795625 0.5109204609375 0.64998409375 0.530104290625 0.6587963828125 0.55541019375 0.6786165390625 0.5715995781250001 0.6824438296875 0.5768811125 0.71136773125 0.5933598078125 0.7235660078125 0.6036979359375 0.7551948890625 0.610508878125 0.7776873234374999 0.618339425 0.7958921140624999 0.614949875 0.824527265625 0.619409359375 0.8409287375 0.6359524203125 0.8352790750000001 0.6387448609374999 0.8203404187500001 0.6468832062500001 0.816477728125 0.6635409640625 0.8423043953124999 0.6652723734375 0.8557965890624999 0.6723038078125001 0.8677742140625 0.6761432453125 0.8915769125 0.692975615625 0.8942982390624999 0.705504625 0.8879512218750001 0.700645584375 0.8684361671874999 0.7196962296875 0.8762105968749999 0.7276784484375 0.865014778125 0.741006571875 0.8648949265624999 0.7426047953125 0.8773492562499999 0.7470184015625 0.8811601953124999 0.75768726875 0.8970168609375001 0.77851075 0.8941402796875 0.7910627 0.8940885265624999 0.810976821875 0.890242184375 0.8320437328124999 0.8831460578125 0.8467910171875002 0.8818521421875001 0.8558616593749999 0.8852544765625 0.8701864468749999 0.8745517125 0.88726225 0.8730534953125 0.9021197796875 0.8665021765625 0.928509653125 0.8641867484375 0.9495765671874998 0.8570906218750001 0.9541647843749999 0.83779621875 0.9702624109375 0.81644244375 0.9963859156249999 0.8120512953125001 1 0.8089337499999999 1 0.4296875
0 0.60102909375 0.8750773468750002 0.61083003125 0.8658210484375001 0.6072799046874999 0.8503893375 0.5952148171875 0.8420020000000001 0.5877194609374999 0.84475873125 0.5832185484375 0.8525004609375 0.58171208125 0.865227196875 0.59249119375 0.8758264562499999 0.60102909375 0.8750773468750002