0 0.4771917796875 0.7390625 0.476296296875 0.72733629375 0.46160623125000005 0.722534284375 0.4624662234375 0.7390625 0.4771917796875 0.7390625
0 0.40901696562499995 0.650062278125 0.4017394375 0.662259253125 0.4053777921875 0.6850956375 0.41758505156250003 0.679570315625 0.4210309375 0.6624626421875 0.40901696562499995 0.650062278125
0 0.38626886250000003 0.681280578125 0.371858484375 0.6613530453124999 0.359460378125 0.656022175 0.366174003125 0.676131175 0.3819726234375 0.6961344609375 0.3959403578125 0.7053925734375001 0.38626886250000003 0.681280578125
0 0.28058394375 0.6876416953125 0.2708635015625 0.70146469375 0.2664732796875 0.7217029015625 0.2724595046875 0.725670709375 0.281685396875 0.717488528125 0.2869910640625 0.7026228984375 0.28058394375 0.6876416953125
0 0.5296875 0.5354387140625 0.5199869109375 0.5370689468750001 0.5296875 0.5529216390625 0.5296875 0.5354387140625
0 0.5181748921875 0.5166999078125001 0.52660745 0.50469255 0.52080926875 0.489956096875 0.5097759078124999 0.48604706875000003 0.5055501578125 0.4968626953125 0.509399971875 0.5075844015625 0.5181748921875 0.5166999078125001
0 0.4997510765625 0.5399960390625 0.5128033671875001 0.5438815734375 0.516678415625 0.53017149375 0.506324625 0.5103117609375001 0.4932489140625 0.5077723359374999 0.4839994484375 0.5173005796875 0.48782576874999994 0.529368346875 0.4997510765625 0.5399960390625
0 0.4791628015625 0.5631143515625 0.49219159687499997 0.5683459984375 0.490572096875 0.545486096875 0.47363771874999994 0.539081175 0.46721399999999996 0.553832721875 0.4791628015625 0.5631143515625
1 0 0 0 0.5543899609375 0.005828409375 0.56323884375 0.02169759375 0.5792038953125 0.038505640625 0.5991954359375 0.05841253125 0.6151135046875 0.07754487812500001 0.61758250625 0.0944234125 0.6335358125 0.1165137828125 0.6400078078125 0.14463706406250001 0.6477553921875 0.1303639609375 0.655996275 0.1551300953125 0.6826242546875 0.16452045937499998 0.6650195453125 0.1705771734375 0.66494906875 0.1824554890625 0.678268934375 0.19161104843750001 0.674124959375 0.20370082812499998 0.67533004375 0.2147341109375 0.6792391249999999 0.22349023906249998 0.6979785703125 0.23271613281249998 0.6897963640625 0.23426604218749997 0.65882473125 0.241097146875 0.6722033234375 0.26119200625 0.6773527515625 0.28154532187500003 0.6676952015625 0.2889169078125 0.65011398125 0.3051854484375 0.643195615625 0.32011561718750003 0.655134178125 0.33849699218749996 0.6428080015625001 0.34751150000000003 0.64674049375 0.361972646875 0.62773096875 0.3691796875 0.619572228125 0.38601130625 0.6382177062500001 0.38037759531250004 0.6140587281250001 0.3977965375 0.5990521203125 0.4171404234375 0.58940641875 0.424863475 0.6095036734375 0.442118021875 0.6039196453125 0.43552179999999996 0.577080240625 0.42268105 0.5610799484375 0.42810419531250005 0.5394839375 0.44233038437500005 0.53393515 0.4435042828125 0.524500821875 0.45460813125 0.5243716171874999 0.47409299374999997 0.506649396875 0.48951657812500005 0.4903202203125 0.51010485 0.4672019609375 0.520669190625 0.440162871875 0.5296875 0.4158641046875 0.5296875 0.3862309859375 0.5267502234375 0.380876540625 0.5278771296875 0.3741343890625 0.5296875 0.373011190625 0.5296875 0.024027348437500002 0.5060036140624999 0.0083291203125 0.499849190625 0 0 0
0 0.6956454515624999 0.3745311890625 0.6903660453125 0.3611149640625 0.6885064187500001 0.362361846875 0.673672190625 0.369885903125 0.6788874218750001 0.3869786 0.68797164375 0.3929991015625 0.6936360875 0.3843565 0.6956454515624999 0.3745311890625
0 0.7195652921875 0.2676568640625 0.7141789328125 0.260368090625 0.704047246875 0.2617112265625 0.7002638203125 0.26788145625 0.6963306578124999 0.28263011875 0.7062484328125 0.29354188593749997 0.7155465640625 0.2873074875 0.7212537890624999 0.27621390468749996 0.7195652921875 0.2676568640625
0 0.6147658796875 0.1647308046875 0.61831400625 0.17204096875 0.623785928125 0.1744277765625 0.6330198874999999 0.17186985 0.6350506421875 0.16081904687499998 0.632421634375 0.15349818906249998 0.626094765625 0.1474456046875 0.617758534375 0.151218328125 0.6147658796875 0.1647308046875
0 0.97475704375 0.441122184375 0.9830077124999999 0.4422514203125 0.9876888640625001 0.43729598281250004 0.9924128 0.42988957031249997 0.992583928125 0.42008564687499994 0.9883947671875 0.3968548078125 0.9875398234375 0.3931890328125 0.9708031874999999 0.40441095312500003 0.9686226953125001 0.4240401859375 0.97475704375 0.441122184375
0 0.440078346875 0.7837460296875001 0.4362630078125 0.77858315 0.42294539374999995 0.7808210250000001 0.41420618437499995 0.7892543562500001 0.422490834375 0.8068626921875 0.43735276718750005 0.8056483015625 0.446037428125 0.800339971875 0.4446022046875 0.7930664859375 0.440078346875 0.7837460296875001
0 0.39781811718750004 0.78840359375 0.39763629375 0.7988202609374999 0.406084584375 0.8070535953125001 0.41551413125 0.8038195078125 0.41956584062499996 0.795440721875 0.4157323203125 0.7913195078124999 0.40019823125 0.7862929890625 0.39781811718750004 0.78840359375
1 0 0.7390625 0 1 0.40487765312499996 1 0.40679073906249996 0.9903414749999999 0.41651120468749997 0.970440721875 0.4082447359375 0.9517907187500001 0.4004322359375 0.9518816250000001 0.39914247187499996 0.9362748078124999 0.411642471875 0.93612935625 0.41425895781250005 0.920477084375 0.4044299890625 0.9018452625 0.4098987390625 0.901781628125 0.41934646875 0.8975058734375001 0.41800215781250005 0.8850240546875 0.41662148125 0.87462556875 0.41693058125000004 0.8569172359374999 0.411607290625 0.8486475375 0.4007607015625 0.8435664734374999 0.39641866718749996 0.8238293515624999 0.40052492187500005 0.8123255640625 0.39696413750000004 0.7925793515625 0.39254937343749996 0.7770088953125 0.3896971078125 0.7614202578125 0.375071546875 0.7490929796875 0.3759298453125 0.7390625 0 0.7390625
1 0.5296875 0.7390625 0.5296875 1 0.9741449187499999 1 0.9744679796875001 0.9985657218749999 0.9901111625000001 0.997342240625 0.99532595 0.9670793640625 0.9782475453125 0.9610293593750001 0.9644759624999999 0.9445263234375 0.9694725625 0.926763446875 0.9618964328124999 0.9133126859375 0.9654396281250002 0.8893179906249999 0.9772311078125 0.8850149640625 0.976214078125 0.8537831453125 0.98115613125 0.83914526875 0.9616982015625 0.7904232906249999 0.9643328703125 0.773729353125 0.9545766312499999 0.750930865625 0.9508997234375001 0.7390625 0.5296875 0.7390625