0 0.4785348546875 0.33907298125 0.4754000515625 0.32899105 0.46357049375 0.3219646625 0.4482659625 0.32314919531249997 0.4410350921875 0.33323920937499996 0.446698459375 0.345508028125 0.4508979453125 0.350742375 0.46481248593749996 0.352842209375 0.476035809375 0.3519735515625 0.4785348546875 0.33907298125
0 0.4962050953125 0.39409332343750003 0.48894470625 0.38909588125 0.47245721874999996 0.389577775 0.4645313546875 0.40130997500000004 0.47566592031250005 0.409978546875 0.48496691406250003 0.41481805156249996 0.49194637500000005 0.4134836609375 0.4970922625 0.4083202 0.4962050953125 0.39409332343750003
0 0.5841434453125001 0.34837146093750004 0.5785983515625001 0.3416528671875 0.567537684375 0.34330313281249997 0.5605138453125 0.3494061390625 0.5623030375 0.3580038234375 0.567315790625 0.3671462109375 0.5742952515625 0.365811821875 0.5826647 0.3611930609375 0.5841434453125001 0.34837146093750004
0 0.3322621796875 0.29877134375000003 0.339478190625 0.30853739999999996 0.3520027453125 0.3139216046875 0.36616869687500003 0.307265815625 0.36588776875 0.30093398437499996 0.3584647265625 0.2951549359375 0.3346724703125 0.2954080046875 0.3322621796875 0.29877134375000003
0 0.0553757796875 0.34323339375 0.0638339875 0.329077403125 0.0623701015625 0.322042934375 0.0518861515625 0.31650079062500003 0.0457643390625 0.3169746046875 0.0542667203125 0.35284959374999997 0.0553757796875 0.34323339375
1 0.6 0 0.0041098046875 0 0.012010117187499999 0.150746934375 0.031657826562500005 0.2442061125 0.0434134890625 0.2409136609375 0.051620284375000006 0.23551329375000002 0.092727953125 0.27362989375 0.10758890000000002 0.2653319203125 0.125909959375 0.2686790953125 0.1309227125 0.27782148125 0.1436542984375 0.279218678125 0.14779454218750002 0.3090777125 0.1588847296875 0.3225149015625 0.17161631718749998 0.3239120984375 0.1737456765625 0.314216928125 0.2045025328125 0.3324855390625 0.21908255156249998 0.31785573437500003 0.21089061562500003 0.30340003125 0.2249382921875 0.29119401875 0.2284132640625 0.2829830953125 0.24518168125 0.2888330328125 0.25917011875 0.30125170625000003 0.278274928125 0.293419465625 0.277875725 0.2815374109375 0.2877978140625 0.27441588906250003 0.2994203421875 0.2854292859375 0.31880608125 0.283928878125 0.344269253125 0.28672326875 0.34767032656249997 0.2681935078125 0.3690966703125 0.2665351609375 0.371063378125 0.256058384375 0.3984045 0.2579132296875 0.46185539843749995 0.26888621874999996 0.480102559375 0.2619145546875 0.47701213437499995 0.2470640078125 0.4769382390625 0.2367451671875 0.49323355312499995 0.22039421093749997 0.50442735625 0.204438096875 0.5378607734374999 0.1907316765625 0.5534167140624999 0.18079151875 0.5555460765625 0.1710963484375 0.5622889859375 0.1586615109375 0.586081240625 0.15840844062499998 0.5874417125 0.1400366171875 0.6 0.1511092375 0.6 0
0 0.72310193125 0.5483729484375 0.7159520109375 0.5433202421875001 0.7039484578125 0.5442492875 0.6953024 0.5495902171875 0.69803361875 0.5568536203125001 0.70455725625 0.56475785 0.7125248187500001 0.5678785765625001 0.7179525234375 0.5646554375 0.7243892265625 0.5604198546875 0.724441434375 0.55480971875 0.72310193125 0.5483729484375
1 0.6 0 0.6 0.54337408125 0.6259879875000001 0.5500029359374999 0.6507561671875 0.5544395125 0.663088546875 0.5439546546875 0.6611366999999999 0.5345753609375 0.69292871875 0.5329089312499999 0.7293786609375 0.52373421875 0.743633371875 0.5075412 0.7653850234374999 0.5074460671875001 0.7967037359375 0.5383783390625 0.8165181968749999 0.5638474390625 0.8288062015625 0.558131196875 0.8293534000000001 0.535851334375 0.8198602359375 0.5151427671875 0.8102783125 0.5039714328125 0.8286437484375 0.50254999375 0.865744309375 0.4965017109375 0.872575975 0.47452964375000006 0.8829121328125 0.45943410625 0.9242270343750001 0.4387641015625 0.96109104375 0.4216153734375 0.962939475 0.4055883734375 0.9983986359374999 0.411580084375 1 0.41067247343749996 1 0.07145553593750001 0.987930759375 0.057384296875 0.9700532828125 0.0611505609375 0.9643160171874999 0.038562903125 0.9389564609375001 0.006375209375 0.933841671875 0 0.6 0
0 0.56525993125 0.8752383078125 0.57254934375 0.8664130828125 0.5700765750000001 0.8545305859375001 0.5561018671875 0.8511639437499999 0.54597265625 0.858302590625 0.5458658265625 0.8697492375 0.5524921765624999 0.873684671875 0.56525993125 0.8752383078125
0 0.6 0.8448604734374999 0.5876253421875 0.839192096875 0.566929740625 0.8274490390625001 0.55204405 0.8197046546875001 0.5364008046875 0.8202798984375 0.54544100625 0.8278413015625 0.5534044437500001 0.834215078125 0.5669174375 0.8433366687499999 0.5879089515625 0.8525149453124999 0.6 0.8555986062500001 0.6 0.8448604734374999
0 0.57458865625 0.720733225 0.5634182640625001 0.7228687984375 0.5562211828125 0.7279827828125 0.5594893375 0.735882228125 0.5727776671875 0.739937403125 0.5836878078125001 0.73655115625 0.5825520890625 0.7271070515625 0.57458865625 0.720733225
0 0.48042722031249996 0.9459863734375 0.47997784687499995 0.935853640625 0.46620454999999994 0.9254812828125001 0.4508215875 0.9273073437499999 0.44653782968750005 0.9346290234375001 0.447803690625 0.9446985140624999 0.4564890609375 0.9465681640625 0.4750667 0.9521204265625001 0.48042722031249996 0.9459863734375
0 0.4817120234375 1 0.480650709375 0.9949000203124999 0.478177940625 0.983017521875 0.47155156875 0.9790821375000001 0.458913946875 0.9781538390625 0.4560973828125 0.9885392968750001 0.45362811093750005 0.99721399375 0.45686311875 1 0.4817120234375 1
0 0.41432684374999995 0.9911367796875 0.42494105781249997 0.9903152640624999 0.4326208875 0.9833661921875001 0.4282192421875 0.9741748640625 0.41953387031249995 0.9723052125 0.411238940625 0.9723117640625001 0.40751139218750004 0.978319478125 0.41432684374999995 0.9911367796875
0 0.439307396875 0.9517107765624999 0.43010145 0.9473395874999999 0.421214715625 0.95247565 0.42303675625 0.9612311765625 0.42812472343749997 0.9697339296875 0.4400403953125 0.9751663546875001 0.45225298281250004 0.9806422921875001 0.45290270781249997 0.9811609703125 0.46244014218749996 0.9791518828125 0.45666585 0.9713377078125 0.4485722859375 0.9643385453125 0.439307396875 0.9517107765624999
1 0 0.5890625 0 1 0.295115778125 1 0.2954731296875 0.9997003140625 0.296622840625 1 0.327360028125 1 0.3300255109375 0.9982969578125 0.3430891734375 0.9972858609374999 0.36245998125 0.9907029015625 0.378174434375 0.982496509375 0.395167015625 0.9684719843749999 0.418505 0.9514144609375 0.41946389687499996 0.9360890234374999 0.42903694375 0.9302643375 0.4234284328125 0.9192600437499999 0.42353523906249996 0.9078133515625 0.4461363484375 0.9047931640625 0.43893045781250006 0.8900996624999999 0.4518639609375 0.888463184375 0.47079644531250003 0.8997071968749999 0.4979293421875 0.9065037234375 0.49872247031250005 0.894368453125 0.5038938890625 0.8793524359375 0.493741340625 0.8744190062499999 0.48169552343750005 0.8683611953125 0.48274894843749994 0.8574767421875 0.4951262703125 0.8571542234375 0.4952687015625 0.8418919796875001 0.5050664515625 0.84113365625 0.520543934375 0.8437485296875 0.504617075 0.8310009765625 0.5217754 0.813786284375 0.53076893125 0.7972034812500001 0.537111684375 0.7878160671875 0.5299058078125001 0.7731226125 0.529787925 0.756609553125 0.5342730453125 0.742282159375 0.5376813609375 0.726767096875 0.535149671875 0.7066281156249999 0.517128203125 0.6997618421875 0.5113539312500001 0.6919477640625 0.51641854375 0.6883784390625001 0.530428790625 0.6879294875 0.547350190625 0.68153605625 0.5408662421875 0.6623384765625 0.5230338390625 0.664354071875 0.51957883125 0.6557249796875 0.51879795 0.651972578125 0.5262887093749999 0.6361416390625 0.51346199375 0.626331475 0.5041258828124999 0.6213348062499999 0.49779545000000003 0.6148346859375 0.513083853125 0.6085676453125 0.51743880625 0.59361481875 0.5022068 0.5890625 0.49601561875 0.5890625 0.4872647265625 0.5921374765625 0.4838330609375 0.595580415625 0.4783423703125 0.601089040625 0.47324500937499997 0.5890625 0 0.5890625
1 1 0.7775471921875 0.9771654421875 0.7827061921875 0.965054953125 0.7693479734374999 0.9498835578125 0.7562266609374999 0.9325532828125 0.7377130609375 0.92881224375 0.71973608125 0.9125022703125 0.7011435140625 0.895748715625 0.67543750625 0.8739675468750001 0.6604451828125 0.8546261859375001 0.657176978125 0.8354918578125 0.6499217640625 0.8334217359375 0.634992246875 0.8303313093749999 0.6201417 0.813281965625 0.60795993125 0.7970754078125 0.6147736578125 0.788025825 0.60117853125 0.7863992859375 0.593362453125 0.7586884765625 0.5947130078125 0.7486481125 0.596284303125 0.6 0.6067268968749999 0.6 1 0.9739529734375001 1 0.9750057546875001 0.996512290625 0.978318071875 0.9875197609375 0.9844842625 0.9822773296874999 0.9893492203124999 0.9707820406250001 0.99196654375 0.9634316921874999 1 0.959164984375 1 0.88605590625 0.998118278125 0.8684461421874999 0.9974825218750001 0.8454636421874999 0.9881076312499999 0.8303052984375 0.99113901875 0.8149809375 1 0.80903468125 1 0.7775471921875