0 0.08995434375 0.039317940625 0.0788221546875 0.0453109390625 0.0865449578125 0.0576293640625 0.0930078359375 0.0589404578125 0.1039324859375 0.0569060046875 0.10553341093749999 0.049729564062499995 0.1042289984375 0.0434639765625 0.08995434375 0.039317940625
0 0.39673309375 0.21457097812499998 0.3937091921875 0.2099568859375 0.3778781015625 0.20824555 0.364003628125 0.21593259531250003 0.3700514265625 0.22516077656250003 0.3781893078125 0.229562115625 0.38723141875 0.2283959609375 0.3925529359375 0.22422466562499999 0.39673309375 0.21457097812499998
0 0.509596121875 0.2809740046875 0.51717076875 0.2727590625 0.5161924609375 0.268059871875 0.51116745625 0.25878914062499997 0.5079360171875 0.2581335921875 0.49361687656250003 0.2587293 0.49050400156249996 0.26359869375 0.49074113124999996 0.274648575 0.497322571875 0.2814846109375 0.5014137562500001 0.281314409375 0.509596121875 0.2809740046875
0 0.506409371875 0.221067953125 0.5124275828125 0.2152877078125 0.5176305359375 0.205591471875 0.5134207875000001 0.2002367328125 0.5056090125 0.1974017921875 0.4923126671875 0.1979549484375 0.47983157812500005 0.2024241 0.482114296875 0.2133888796875 0.4903707421875 0.22331515781250003 0.4995759046875 0.222932203125 0.506409371875 0.221067953125
0 0.41155648749999996 0.1420659359375 0.4203910609375 0.1448583265625 0.42594970625000006 0.15173691250000002 0.44031333281249996 0.1463994625 0.44486408125 0.1335704296875 0.42617214062500003 0.1280282015625 0.41541054062500005 0.1308458515625 0.40906622812500004 0.13505969843750001 0.41155648749999996 0.1420659359375
1 0.55 0.35 1 0.35 1 0.0460429875 0.60560885 0.01384911875 0.55 0.0162759421875 0.55 0.35
0 0.1568002671875 1 0.156822975 0.999953621875 0.1551924609375 0.992121634375 0.1470545796875 0.9877202953124999 0.137152725 0.9897121999999999 0.13297256875000002 0.9993658859375 0.1325302453125 1 0.1568002671875 1
0 0.291273203125 1 0.288926684375 0.9952478015625001 0.284924475 0.98593451875 0.28231565000000003 0.9734033406249999 0.2825676765625 0.9647030546875002 0.276890465625 0.9522995281250001 0.2658917375 0.944067296875 0.26645496875 0.9566835765625001 0.26955294687500003 0.9715643515625001 0.268396690625 0.9858321296875001 0.2679371265625 0.998490959375 0.26783754531250004 1 0.291273203125 1
0 0.45789573125 0.9297596562500001 0.4562652171875 0.9219276718749999 0.45291521250000005 0.9157471843749999 0.4454295390625 0.9144786390625 0.4370841203125 0.9140358453124999 0.43159955156249996 0.9174239437499999 0.4291833703125 0.9206843890624998 0.4286497296875 0.9230765359374999 0.4350236328125 0.9338711140625 0.4488091328125 0.9356675531249999 0.4556426 0.9338033031249999 0.45789573125 0.9297596562500001
0 0.55 0.9100444015625001 0.543454884375 0.9096105906249999 0.5378072656249999 0.9122154890624999 0.5343682859375 0.9155184859375 0.5286761796875 0.9228651265625001 0.5238438171875 0.92938601875 0.5210125578125 0.9405635531249998 0.5252223046875 0.9459182921875 0.533197134375 0.94953643125 0.5470271203125 0.9465911281250001 0.55 0.9446165624999999 0.55 0.9100444015625001
0 0.0982573 0.8673031703125 0.0905640875 0.8699931703124999 0.0876142640625 0.8756457624999999 0.093009859375 0.8817411500000001 0.0999618921875 0.8854018390625 0.104379178125 0.886798034375 0.1035194328125 0.8876237843750001 0.11432551875000001 0.8800643890625001 0.116252546875 0.8744543468749999 0.1106939015625 0.8675757609375001 0.0982573 0.8673031703125
0 0.0339844171875 0.816258290625 0.0325169546875 0.8092095015625 0.0228226375 0.8072428609374999 0.015989170312500002 0.8091071124999999 0.006368931249999999 0.8174071546875 0.0067691125000000005 0.829240234375 0.0128614 0.8337266750000001 0.0251349484375 0.8332160671875 0.0354073921875 0.8280488203124999 0.0339844171875 0.816258290625
1 0 0.35 0 0.77366685625 0.0071399046874999995 0.7715561281250001 0.015085140624999998 0.7601658421875 0.0259208171875 0.7676148734375 0.031108875 0.7776688046875 0.0354371875 0.7885484828125 0.029582028125 0.7951119265625 0.031168054687500002 0.8076856546875 0.0452796578125 0.8110484921874999 0.047606865625 0.8172715296875002 0.0490743296875 0.8243203187500001 0.0633489828125 0.828466353125 0.0637936515625 0.8355576906250001 0.065335190625 0.8528731624999999 0.054158515625 0.8636079015625 0.0516088734375 0.8810935749999999 0.053387542187500005 0.9094589281250001 0.06646165468750001 0.8781057203125 0.0780534078125 0.8594538937500001 0.09499627031249999 0.851639196875 0.1070177921875 0.8598288765625 0.12210770625 0.8678909046874999 0.1412888 0.87578273125 0.15809820000000002 0.8821932609375001 0.17286200937500001 0.8886888921875 0.1994547 0.8875825781250001 0.2148411234375 0.882202578125 0.22077035937499997 0.8859058171874998 0.233696115625 0.88852800625 0.235815784375 0.8987095890625 0.2487860265625 0.8965900328124998 0.260570421875 0.8937298312500002 0.26661822343749997 0.9029580124999999 0.266366196875 0.9116583 0.2679522265625 0.9242320281249998 0.2784173125 0.9348564046875001 0.2960864578125 0.9404411843750001 0.30718905625000004 0.9194397625 0.32171573593749997 0.9148855109374999 0.330313178125 0.9066280203125 0.34140088125 0.9053767656249999 0.35576450937500004 0.9000393156250001 0.3743378859375 0.9000566046875 0.37531619374999997 0.9047557968749999 0.3736707828125 0.9166739781250002 0.3867595890625 0.9200793656249999 0.40811973593750006 0.9136608625000001 0.419370490625 0.9131928078125 0.42878319062500003 0.9088513093749999 0.439959865625 0.8981165687499999 0.44707495 0.9025604578124999 0.4531672390625 0.907046896875 0.4640918890625 0.9050124453125001 0.4699470484375 0.898449 0.4613645015625 0.8869563249999999 0.46550017187500004 0.8820443796875 0.47670643906250004 0.8863180671875 0.48447372812499995 0.8938947500000001 0.49367889062500003 0.8935117937499999 0.5031360765625 0.8844285546874999 0.500527253125 0.8718973765625 0.5056412328125 0.8716846234375 0.5110813140625 0.87303826875 0.5290024843750001 0.8699227624999999 0.53914146875 0.8789807421875 0.5353614921875 0.9004675093750001 0.544611140625 0.8953428125 0.55 0.8951186234375001 0.55 0.41978736562499996 0.5353295124999999 0.35 0 0.35
0 0.578695109375 0.6802340250000001 0.5857361156249999 0.6744112296875 0.5783839046875 0.6589174609375 0.5683634843750001 0.6553844203125 0.5543704468749999 0.6575465265625 0.55546731875 0.667770659375 0.5611890171875 0.6754324437499999 0.565398765625 0.68078718125 0.5694899484375 0.6806169796875 0.578695109375 0.6802340250000001
0 0.6814785375 0.7130871625 0.6743930453125 0.7236516984375 0.6759790734375001 0.7362254265624999 0.6919732171875 0.7387199640625 0.700526171875 0.735204215625 0.7065888703125001 0.724682228125 0.7016083515625 0.710669753125 0.6814785375 0.7130871625
0 0.8905580437499999 0.8947746453125 0.8795444203125001 0.9062925828124999 0.8924256890625 0.9136565140624999 0.8980288218750001 0.91579335625 0.907767625 0.91301825625 0.909946678125 0.8987079265624999 0.9058999828125 0.8941363875 0.8905580437499999 0.8947746453125
0 0.7384287984375 0.763646696875 0.7506578609375 0.7678778312500001 0.7613749734375 0.769801921875 0.7723441109375 0.7630257281249999 0.7636725890625 0.7610165359375001 0.758647584375 0.7517458031250001 0.7477674203125 0.7490385140625 0.7404448 0.7485531703125 0.7367982828125 0.7558147109375 0.7384287984375 0.763646696875
1 1 0.35 0.55 0.35 0.55 0.54530565625 0.5572317 0.55235989375 0.562701371875 0.5687219640625 0.5643318875000001 0.5765539515625 0.5717730734375001 0.5825642359375001 0.580474184375 0.5995818546875 0.56279014375 0.6137472421875 0.55 0.62333760625 0.55 0.6366966375 0.5544298296875 0.633054615625 0.57321074375 0.629113359375 0.5916359640625 0.6085972843749999 0.6051694390625 0.6190940078125 0.5927624296875 0.6338298421874999 0.612936728125 0.626670690625 0.622497584375 0.6428625609375 0.6274040249999999 0.6466083499999999 0.6328736968750001 0.6629704203125 0.6210448140625 0.670572365625 0.62586228125 0.6838016421875001 0.6570353093750001 0.684874721875 0.673236990625 0.6834107140625 0.680974690625 0.675978971875 0.6918103656250001 0.683428003125 0.7010896078125001 0.6933117328125 0.7252512203125 0.7152160328124999 0.7184473421875 0.732088709375 0.7039947390625001 0.74690964375 0.7009559421875 0.7620457218750001 0.6898978312499999 0.7783054015624999 0.6965533515625 0.7954081203125 0.704928359375 0.810859340625 0.715245290625 0.8009503500000001 0.72953484375 0.7853462171875 0.7323365109375001 0.7591602578125001 0.7425793640625 0.738984584375 0.7558312234375 0.7431731703125 0.7728036734374999 0.7503668968749999 0.791125025 0.7590844718749999 0.8123517109374999 0.7668911984375 0.842012790625 0.7656572328125 0.8472453328124999 0.7709694203125 0.8581254968750001 0.7736767109375 0.871955484375 0.77073140625 0.87973766875 0.758557921875 0.8866452140625001 0.7669603546875 0.8826281109374999 0.7773972390624999 0.8823315968750001 0.79083926875 0.8625870671874999 0.824839925 0.8523887015625 0.84027385625 0.8159533359375001 0.8733889234374999 0.8211858781250001 0.8787011124999999 0.8518401624999999 0.8624161703125001 0.846548234375 0.8815958937499999 0.8524774718749999 0.8852991328125001 0.8623201437500001 0.8532903781249999 0.8741045406250001 0.8504301765625 0.8719848718750001 0.8402485937499999 0.8994671015625 0.7988161953125 0.9065081062499999 0.7929934000000001 0.9079755687500001 0.8000421890624999 0.9040770265625 0.8160040140625 0.9283721015624999 0.8236830890625001 0.9437140390625001 0.8230448296875 0.9501918125 0.80460575625 0.9681129828125 0.80149025 0.9596194109375 0.7805140890625 0.9704995734375 0.7832213796875 0.9948836218749999 0.7814169671875 1 0.7813551796875 1 0.35