0 0.1510781359375 0.05962240625 0.16044552031249998 0.059895635937500004 0.16350039375 0.039142246874999995 0.15527013750000002 0.028480937499999998 0.14619962343749998 0.035511240625 0.1433316234375 0.0416803359375 0.14314475 0.056264631249999995 0.1510781359375 0.05962240625
0 0.2772566953125 0 0.280839228125 0.010258925 0.28725379375000004 0.014614525 0.296409128125 0.009670946875 0.2979988171875 0 0.2772566953125 0
0 0.0999126890625 0.1435842390625 0.0903756625 0.1391375625 0.0821281734375 0.1472339984375 0.0816868390625 0.155558121875 0.087405609375 0.1619776765625 0.09472802031250001 0.16948613125 0.09953894375 0.1727528296875 0.10787125156249999 0.1667431203125 0.10744715 0.1563095015625 0.0999126890625 0.1435842390625
0 0.063087246875 0.1967005984375 0.0515052453125 0.199489146875 0.0469911921875 0.20352597968750002 0.0489341140625 0.2129617734375 0.0563413453125 0.22255695000000003 0.0654966796875 0.21761337187500002 0.0675416546875 0.2103781453125 0.066294528125 0.198878396875 0.063087246875 0.1967005984375
1 0.51875 0.4296875 0.51875 0.1193026515625 0.5031860640625 0.10949345625 0.47891939531250005 0.0879431484375 0.4587082140625 0.08943787812500001 0.443622059375 0.08274509375 0.4362572390625 0.074193278125 0.43133631718750004 0.049038751562499996 0.418668884375 0.005942153125 0.4111423671875 0.0317757375 0.4048802109375 0.050351328125000004 0.3803418515625 0.0412985921875 0.364712309375 0.0596009546875 0.3575171296875 0.055222587499999996 0.33905405312500003 0.0421785578125 0.3340138453125 0.052452790625 0.3222622046875 0.0510678953125 0.3054875875 0.0411994890625 0.29268363750000004 0.05228939375 0.2762907125 0.0518112453125 0.254433478125 0.051173710937500005 0.23500291406249998 0.052691207812499995 0.22466804062499998 0.06697950625 0.212729525 0.0801789046875 0.200918240625 0.0965083890625 0.18186142031250002 0.0688572953125 0.19032890625 0.1045365140625 0.179485109375 0.106304471875 0.1711528 0.112314184375 0.1644665421875 0.12045615624999999 0.159485978125 0.113016009375 0.1495672609375 0.0991790796875 0.1373318734375 0.10507494531249999 0.1276927953125 0.1172992875 0.129975 0.13508197500000002 0.1306959734375 0.152819125 0.14282930625 0.163594278125 0.13371638125000002 0.1695812203125 0.1239076640625 0.1776321171875 0.1106199671875 0.1960027859375 0.0995217109375 0.1915105734375 0.07858955625 0.1752681515625 0.062468325000000005 0.162292428125 0.041010015625 0.15228740937500002 0.0113890390625 0.152465546875 0.051819346875000005 0.1880349375 0.07492370781249999 0.20017221875 0.087057040625 0.2109473703125 0.07216570624999999 0.22822914062500002 0.06147431875 0.25292828749999996 0.0554242125 0.2767206859375 0.055975546875000004 0.2902843890625 0.048720725 0.3036204 0.042500978125 0.323239353125 0.058240518750000005 0.32682482031250004 0.0580112359375 0.34036575468749997 0.04457113125 0.33580523281249997 0.0287891828125 0.331176403125 0.0151197953125 0.3401568171875 0.021050615624999998 0.35179318125000003 0.034490718749999996 0.3563537 0.025717076562500003 0.3706875390625 0.0055483046875 0.37322562812500004 0.0036729703125 0.3846343 0.008653534374999999 0.39207444687500004 0.008025328125 0.41498286562500003 0.0105547578125 0.4296875 0.51875 0.4296875
0 0.5396913796875 0.1127205859375 0.5298133078125 0.0999233421875 0.5237709359375 0.1047507421875 0.5229289640625 0.11473349375 0.5240287328125001 0.1264407546875 0.5378377921874999 0.128511428125 0.5396913796875 0.1127205859375
0 0.5427399796875 0.080285778125 0.552550178125 0.09141318281250001 0.5586943640625 0.089090553125 0.5607515796875 0.078309321875 0.5526455125 0.06306192968749999 0.55035073125 0.0679986390625 0.5427399796875 0.080285778125
0 0.6010372109375 0.19456834843749998 0.60680808125 0.18306152343749998 0.6018928906250001 0.1695750515625 0.5900254796875 0.16922890156249998 0.5822790265625 0.178176346875 0.585286459375 0.1907731953125 0.5898962531249999 0.19674522187500001 0.6010372109375 0.19456834843749998
0 0.6392057343750001 0.19734954062500001 0.6379362734375 0.18146762031250002 0.6286489015625 0.1678536515625 0.6147856265625 0.149102559375 0.60342080625 0.1304243578125 0.594085740625 0.130986 0.6017708453124999 0.1512247796875 0.6131696515625 0.17073795 0.623638375 0.18271845312499999 0.6307804703125 0.18959831875 0.6392057343750001 0.19734954062500001
0 0.7132349437500001 0.1461365515625 0.718740740625 0.158806275 0.726820165625 0.1606746453125 0.7309612375000001 0.152491178125 0.7317353828125001 0.14083857500000002 0.7245932390625001 0.13395872343749998 0.715258175 0.1345203671875 0.7132349437500001 0.1461365515625
0 0.51875 0.28499141093749997 0.525500365625 0.30077752812499997 0.5283381546875 0.3091997203125 0.5382978109375001 0.3086562953125 0.544930834375 0.3030121671875 0.5449106031250001 0.28716666874999996 0.5331926984375001 0.27514971250000003 0.5232669343749999 0.27652808906250004 0.51875 0.282029171875 0.51875 0.28499141093749997
1 0.51875 0.4296875 1 0.4296875 1 0.3017277125 0.9983703312500001 0.3003932125 0.9827350499999999 0.284092284375 0.9691773109374999 0.2728555953125 0.95735754375 0.2583338171875 0.9439015218750001 0.249601896875 0.9290267234375001 0.2366588984375 0.9173766484375001 0.2263117953125 0.9029768890625001 0.2250578703125 0.8926641468750001 0.23226250624999997 0.8842388859374999 0.22451131875 0.8753248328125001 0.2200816015625 0.8595740765625 0.2162863875 0.8642992953124999 0.20975266874999998 0.8672526062499999 0.2056691 0.8698665390624999 0.1932362328125 0.862283296875 0.1755022625 0.848222915625 0.182597621875 0.8439048546875 0.199150509375 0.836830684375 0.193940546875 0.830869846875 0.1854272609375 0.8198104671875001 0.1742634109375 0.8052612984374999 0.184680309375 0.8015136593750001 0.1845709984375 0.7927014203125 0.1826460578125 0.792579325 0.1642957671875 0.7731149640625 0.1612261953125 0.7688647828125 0.179448984375 0.77006626875 0.193661015625 0.767180834375 0.1994144359375 0.7588914203125 0.1950029390625 0.7500928390625 0.1780674640625 0.73017353125 0.1791543484375 0.7154545734375001 0.1853965546875 0.7020188328125 0.192510146875 0.6859149437500001 0.1953761921875 0.6707548890625 0.1907642953125 0.6623499046875 0.19885855624999998 0.6472439249999999 0.21092707187499998 0.6324773703125001 0.23134490468750002 0.6181931796875 0.217585190625 0.6225516546875001 0.23272326875 0.6229589109375 0.24274245625000002 0.6081042515624999 0.2456449546875 0.6092379109375 0.2581871484375 0.598755478125 0.26121714375 0.5914436937499999 0.25016263437499997 0.5854489671875001 0.24081444843750002 0.5714225234375 0.248744728125 0.5596908640625 0.2517382875 0.569487353125 0.27787625 0.5826581156249999 0.2949392515625 0.582576534375 0.3082799296875 0.5674164312500001 0.3036680296875 0.5671175125 0.3270096765625 0.5559765062500001 0.329186534375 0.54459798125 0.3255188953125 0.5400423546875001 0.336227253125 0.5252216328125 0.33996467343750003 0.51875 0.3523680859375 0.51875 0.4296875
0 0.4374603171875 0.5230981515625001 0.43402375156249995 0.5344612843750001 0.44138857187499997 0.5430131 0.44858375156249997 0.54739146875 0.4556941109375 0.5496831140625 0.46016575312499997 0.54460291875 0.45883380625000003 0.531016446875 0.4554568828125 0.5246652015625 0.4374603171875 0.5230981515625001
0 0.19359945781250001 0.757758140625 0.183493865625 0.7585055031250001 0.17763063437499998 0.7677136078125001 0.1827808390625 0.7793272015625 0.1936670453125 0.7786026046875 0.20311925 0.78096255625 0.2123169953125 0.7770623406249999 0.2069123296875 0.7591885734374999 0.19359945781250001 0.757758140625
0 0.008686359375 0.793007446875 0.01565225625 0.8109267484375 0.033122667187499996 0.8187312 0.0390283109375 0.8105664578124999 0.0448491328125 0.8003149921875 0.0361523640625 0.77817670625 0.028218976562499998 0.7748189296875 0.0128611296875 0.78062371875 0.008686359375 0.793007446875
0 0.22713011718749998 0.8921281296875 0.2525339140625 0.9032903578125001 0.2678321203125 0.9151999484375001 0.274391146875 0.9039278906250001 0.26837550625 0.8902048046874999 0.2306939125 0.88389508125 0.22713011718749998 0.8921281296875
0 0.277513609375 0.9040189671875 0.28953694531249996 0.8929062921875002 0.289851046875 0.88145208125 0.2804836609375 0.881178853125 0.267467659375 0.88705195 0.277513609375 0.9040189671875
0 0.2953233015625 0.9201703125 0.3126664828125 0.9248446765625001 0.316103046875 0.91348154375 0.3087382265625 0.904929728125 0.297852021875 0.9056543234374999 0.2953233015625 0.9201703125
0 0.5621606734375 0.8385447656250001 0.5575189218750001 0.8371833453124999 0.550221846875 0.8381965328125001 0.5404690265625 0.8464942656249999 0.5436232921874999 0.8563945000000001 0.546677771875 0.8638397687499999 0.5549930078124999 0.8653083390624999 0.5658138859374999 0.8607198437499999 0.5690882140625 0.8510071187499999 0.5621606734375 0.8385447656250001
1 1 1 1 0.49228112656250006 0.9916341015625001 0.48203691718749997 0.9701124109375 0.47160093593749997 0.9550692125000001 0.46257995156250004 0.9303230859374999 0.463084184375 0.9053773843750001 0.45867847968750003 0.8786448328125 0.455446684375 0.86405068125 0.4574730609375 0.8422093515625001 0.46174010625 0.839154871875 0.4542948390625 0.8220254609375001 0.43908285625000004 0.8069619890624999 0.45212980468749997 0.791968684375 0.44433630625 0.7817964359375 0.4648820953125 0.774179721875 0.48059830937500003 0.768769284375 0.482892553125 0.7499528140624999 0.47130945312500006 0.7401999890625 0.4796071859375 0.731954921875 0.45729816875000007 0.71430629375 0.451879275 0.70723841875 0.4810978171875 0.696916484375 0.497961153125 0.6759935265625 0.5022549875 0.6643337953125 0.5313395953125 0.65982145625 0.5557285609375 0.6596312265625001 0.596181971875 0.6463842234375 0.631350428125 0.638048715625 0.6519497921875 0.626438878125 0.6822618828125 0.6128925125 0.71006543125 0.599416309375 0.71702853125 0.591080803125 0.7376278953125001 0.599425659375 0.7623918812499999 0.5888542546875 0.7731177921875 0.5909201953125 0.8013767218750001 0.5918681875 0.824698928125 0.5908297546875 0.8442851015624999 0.583981728125 0.8563456500000001 0.5765146984375 0.87574431875 0.578131590625 0.8929558875 0.58352175625 0.9127295734375 0.579279159375 0.9211880296875 0.5695762328125 0.9307132453125 0.5788394578125 0.9555040187500001 0.5881229593749999 0.9582268593750001 0.59433170625 0.9755723640625 0.581773878125 0.9825622468749999 0.574057375 0.9958234953125 0.553304371875 0.9817318468749999 0.5399778562499999 0.9923774015625 0.540902059375 1 1 1