0 0.0981985921875 0.2158453375 0.1070439140625 0.2142657046875 0.113588575 0.20905096250000002 0.10945229062499999 0.1954448421875 0.10494030000000001 0.19220464375 0.09149365937500001 0.18651406406249998 0.0808065859375 0.1869513453125 0.07361823125 0.1904419625 0.07213992500000001 0.19659100937500001 0.072044465625 0.20138965468749997 0.0783920796875 0.21460086718750002 0.0899969671875 0.21914909531250001 0.0981985921875 0.2158453375
0 0.09151556718750001 0.287659353125 0.1060709375 0.2887381484375 0.10865797343750001 0.2779773171875 0.10893822187499999 0.27241004062499996 0.102769265625 0.267258859375 0.0864614703125 0.269067725 0.08590710625 0.27137361718749997 0.0837851046875 0.2757985421875 0.087188365625 0.283650525 0.09151556718750001 0.287659353125
0 0.3185627203125 0.48766353125000006 0.31119570625000004 0.48309411874999997 0.30069341875 0.48276276874999996 0.2941487578125 0.487977509375 0.29349280625 0.5039107078125 0.2961630421875 0.5060085546875001 0.304453996875 0.5067348125 0.3160650140625 0.5024543765625 0.3185627203125 0.48766353125000006
0 0.38143807343749997 0.5562509078125 0.3809730375 0.562586815625 0.3826238734375 0.573326459375 0.402245596875 0.5753395609374999 0.4112818359375 0.5641626343749999 0.4062216109375 0.5543996671875 0.39765653749999996 0.550412025 0.3852170390625 0.5537369671875 0.38143807343749997 0.5562509078125
0 0.4215590390625 0.49060330937499996 0.41170044843750003 0.4919960828125 0.40488166875 0.4939494390625 0.4005483390625 0.498769271875 0.40182959687500003 0.511046178125 0.412325753125 0.5202061890625 0.4263328875 0.514762215625 0.43315779687499995 0.503980196875 0.42911084062500005 0.4944040921875 0.4215590390625 0.49060330937499996
0 0.5143632671875 0.45634435937499995 0.5103995125 0.45962692968749996 0.5043137578125 0.46733442500000005 0.5087302890625 0.47537326875 0.524573046875 0.47990030937499994 0.5321309796875 0.47487242968750004 0.5350875921875 0.4625743375 0.5268027640625 0.45301941718750005 0.5143632671875 0.45634435937499995
0 0.20879047499999998 0.0019602703125 0.20270471875 0.009667765625 0.20150053125 0.019078196875 0.2137491109375 0.0253505453125 0.225729703125 0.019532849999999997 0.2307128578125 0.007608478125 0.22371542031249997 0.0015018046874999999 0.20879047499999998 0.0019602703125
1 0.659375 0 0.24968138125 0 0.24932744218749997 0.0006060578125 0.23475981093749998 0.017184584375 0.2380676140625 0.029835214062499997 0.23207118750000003 0.0415727234375 0.22109773906250002 0.0564059421875 0.22744535156249998 0.06961715625 0.21472560624999998 0.078509375 0.20845506249999998 0.08698550000000001 0.19572918749999998 0.10470638125000001 0.213777146875 0.11766717499999998 0.21865258437500001 0.1281987734375 0.2110053234375 0.1291966375 0.19708751875 0.1386706265625 0.20812578125 0.1631820671875 0.21474751093750002 0.1796546640625 0.20129474374999998 0.182792746875 0.197140071875 0.195672609375 0.222465715625 0.2091728 0.19013037500000002 0.2072232578125 0.1835734546875 0.230095321875 0.197848578125 0.23674139374999997 0.23442179218749998 0.2386697484375 0.2530179859375 0.2581533125 0.26112415312500004 0.2596482015625 0.259461059375 0.266565878125 0.2494176796875 0.26872728125 0.24258664218749998 0.28833796093749997 0.260086365625 0.2947759859375 0.2826585734375 0.2933196546875 0.29527673125 0.298054740625 0.322635046875 0.30309999374999996 0.3373629453125 0.32106748125 0.36112095312500003 0.336686703125 0.3592730703125 0.3443730109375 0.3798064796875 0.36020028125 0.3960065546875 0.38084738125 0.40216938124999996 0.394827225 0.40344451093749994 0.41593279375 0.4182739984375 0.42027297187499996 0.4361432984375 0.4251737359375 0.45899575312499996 0.418150128125 0.481287715625 0.4222610734375 0.495199390625 0.42161574531249996 0.517860928125 0.42418942968750006 0.516197834375 0.4311071078125 0.5255913890625 0.4360502421875 0.5491707390625 0.4436094328125 0.5527587890625 0.45069278593749995 0.5559772609375 0.4593134 0.5772559515625 0.463237484375 0.5939333203125 0.45989135625 0.6007582296875 0.44910933750000004 0.609692878125 0.4515597203125 0.6066469375 0.45982779687499997 0.6082023140625 0.47536608906250005 0.6199919890625 0.47914568593749995 0.6387852296875 0.48020329375 0.64865608125 0.46115319687499995 0.659375 0.45996424999999996 0.659375 0
0 0.659375 0.5521156359375 0.6648375328125 0.5531230015624999 0.672580253125 0.5473264906249999 0.6758109828125 0.5382897828125001 0.6631928265625 0.53355469375 0.659375 0.5344863328125 0.659375 0.5521156359375
0 0.787825153125 0.55653861875 0.7898578234375 0.54808368125 0.7859001984375 0.5425375890625 0.7741105234375001 0.53875799375 0.7606577546875 0.541896075 0.758994659375 0.5488137531249999 0.75917331875 0.5568737828125 0.7704979578125 0.5669892875 0.7814591515625 0.569813390625 0.7854229046875 0.5665308203125 0.787825153125 0.55653861875
0 0.73674299375 0.6193621125 0.7409747359375001 0.6281695875 0.7481569609375 0.63350763125 0.757187071875 0.6311593671875 0.7680650640625 0.62112479375 0.7667838031249999 0.6088478859374999 0.76144333125 0.6046521968749999 0.75057146875 0.605858109375 0.74273941875 0.607624603125 0.73674299375 0.6193621125
0 0.8786928656249999 0.5130927562500001 0.8775841359375001 0.5177045421875001 0.8761058296875 0.5238535890625 0.892133378125 0.5276119984375 0.900793909375 0.5268009953125 0.9042094296875 0.51699565625 0.899608109375 0.5097254421875 0.8825672921875001 0.505780171875 0.8786928656249999 0.5130927562500001
1 1 0 0.659375 0 0.659375 0.3479089046875 0.671886615625 0.35214045 0.6819177359374999 0.36763636875 0.707887075 0.38286068125 0.7150631734374999 0.3970273875 0.73762925 0.40439971718749995 0.7404781453125 0.41455759375 0.7585261062499999 0.42751838593749997 0.7612795421875 0.442474909375 0.7489232421875001 0.45865852656249995 0.7605281296874999 0.46320675468749994 0.7872427515625 0.4665278828125 0.81128100625 0.47657982812500005 0.844349371875 0.484283509375 0.866367215625 0.48513306875 0.881483078125 0.47507731093750005 0.879176290625 0.480270865625 0.8888439640625 0.48847538593750006 0.8991614625000001 0.48957536562500004 0.915832703125 0.49505789843750003 0.9124171828125001 0.5048632390625001 0.92171528125 0.5146050203125 0.949079725 0.510821609375 0.95783571875 0.5052119609375 0.9619842593750001 0.501160759375 0.9706386640625 0.5091784171875 0.966209875 0.5187968953125 0.9896044343749999 0.5271247171875 1 0.524346096875 1 0
0 0.3445302796875 0.738297078125 0.3525523734375 0.7359990109375 0.35775550312500004 0.7350698140625 0.36469782031250003 0.7269064453125 0.3641579265625 0.72397379375 0.3599366953125 0.7156404390625 0.3461715828125 0.7159350484375 0.336522609375 0.719821821875 0.336192909375 0.726371559375 0.337490084375 0.731332590625 0.3445302796875 0.738297078125
0 0.304550684375 0.8735230609375 0.295981490625 0.8832751359375 0.2971663640625 0.893881634375 0.3024745859375 0.8976936312499999 0.2891298484375 0.9169530203124999 0.28750296875000003 0.918541728125 0.30115577656250003 0.92389258125 0.3089676828125 0.9121121265625 0.317536875 0.9023600500000001 0.3192760578125 0.8951258796874999 0.32502628906250003 0.8867426734375 0.321239853125 0.8766007734375 0.304550684375 0.8735230609375
0 0.4297194484375 0.8966059125000001 0.43417250156250004 0.8832616765625 0.4298461734375 0.870187125 0.4159759703125 0.8657405421875 0.4053451 0.8788898671875 0.41509195468750004 0.8901309484375 0.4297194484375 0.8966059125000001
0 0.4261215640625 0.9271063843749999 0.440980878125 0.911903753125 0.4528038296875 0.8989742656249999 0.4550901140625 0.884286084375 0.4381835484375 0.8821126421875001 0.42419382656250004 0.893698184375 0.4154072375 0.9043545328124999 0.399895728125 0.922269978125 0.3963050546875 0.9423837875000001 0.400968296875 0.938521940625 0.4261215640625 0.9271063843749999
0 0.46387670468750003 0.8736297375 0.472558203125 0.858232196875 0.4753843765625 0.8464766671875001 0.4777901765625 0.8157563578125 0.4672788234375 0.8128735578124999 0.464550534375 0.8397569421875 0.458477809375 0.844303225 0.4505608109375 0.8513424859375001 0.448709321875 0.8642221234375 0.4524957609375 0.8743640218750001 0.46387670468750003 0.8736297375
0 0.8633470375 0.9272260343750001 0.857273540625 0.9172762046875 0.8402327234375001 0.913330934375 0.8302725421874999 0.9283510140625 0.8305405296874999 0.9404410609375 0.8390994734374999 0.9532573640625 0.8486839500000001 0.9486032078125 0.8571658234375 0.939732175 0.8633470375 0.9272260343750001
0 0.9449446890625 0.9663550187500001 0.949188690625 0.9575051718750001 0.9365766609375001 0.9439414234375001 0.9292989781250001 0.9434020265624999 0.9185164453125001 0.948637953125 0.9111310421875001 0.9705545234375 0.9158216906250001 0.9818547531250001 0.9326777203125 0.9865686546875001 0.9417139578124999 0.9753917281250001 0.9449446890625 0.9663550187500001
1 1 0.6890625 0.659375 0.6890625 0.659375 0.8375160421875 0.6611885281250001 0.839374584375 0.659375 0.8402552218749999 0.659375 0.8705544796875 0.6699261328125 0.86025091875 0.669913871875 0.877908240625 0.659375 0.8830258484375 0.659375 0.901289453125 0.6772686296875 0.9001349781249999 0.6931113875 0.9046620171875001 0.7073094390625 0.8896207515625001 0.71698324375 0.8889966093750001 0.7312644953125 0.88681401875 0.7224375625 0.86190766875 0.7364385671875 0.8652923578125 0.7425120640625 0.875242184375 0.7626881531249999 0.87494939375 0.7846105375000001 0.8805976 0.7740959937499999 0.8979235734375 0.7963879546875 0.9020345203125 0.8107585343749999 0.9038819453125001 0.8317631078125001 0.904544646875 0.8461398171875001 0.8975634093749999 0.8674185078125 0.90148749375 0.8762699578124999 0.8910791984374999 0.890181634375 0.8904338718750001 0.9124797234375001 0.8857161546875 0.9265700578124999 0.8931308578125 0.9443439 0.9028302671875 0.943962065625 0.9220248515625 0.9534510812500001 0.9221693406250001 0.9663678734375001 0.8948511671875 0.9815669375 0.8976540859375 1 0.8802189531250001 1 0.6890625