0 0.379945253125 0.42546622031250003 0.3698108625 0.4254919390625 0.362595178125 0.4303826609375 0.3561198015625 0.436230009375 0.3536436875 0.439591065625 0.357090046875 0.45060514375 0.3663140046875 0.45377675625 0.37261925625000003 0.4520833671875 0.3791371625 0.44519752968750004 0.38186846406249997 0.4356055328125 0.379945253125 0.42546622031250003
0 0.5675889781250001 0.4306611734375 0.56405755625 0.42172407500000003 0.5570119953125 0.4224608359375 0.5490560015625 0.426394928125 0.5455418609375 0.4360687875 0.5449038953125 0.45164613749999993 0.5465546375 0.44940543125000004 0.5500435265625 0.45938102187499996 0.5554808765625 0.4598464765625 0.5670360734375001 0.44416154375000005 0.5675889781250001 0.4306611734375
0 0.406951221875 0.2799443171875 0.39755714062499997 0.2809266640625 0.3902989234375 0.286855875 0.3899586765625 0.29516379375 0.3913117015625 0.3001925203125 0.3973617671875 0.30473007343749997 0.4052752296875 0.30183446875 0.4077088125 0.29951190156249996 0.4094020859375 0.2962327078125 0.40904455625 0.2859296703125 0.406951221875 0.2799443171875
0 0.5796875 0.253218571875 0.574776725 0.2551563609375 0.5713901781249999 0.26171474843750003 0.5708372734375 0.2752151203125 0.576972403125 0.2776756921875 0.5796875 0.2777194203125 0.5796875 0.253218571875
0 0.46684578906249996 0.1878555609375 0.468981653125 0.192802425 0.47873326406250005 0.202123115625 0.48969302656249997 0.20097704374999997 0.494560190625 0.1963319109375 0.4971638984375 0.1898553828125 0.497546678125 0.1805089734375 0.49405778749999996 0.170533384375 0.486484571875 0.1651210671875 0.4778733296875 0.1660215515625 0.473048696875 0.1696281953125 0.46684578906249996 0.1878555609375
0 0.4160023671875 0.0970063484375 0.41413896875 0.1044395046875 0.41388378281250005 0.11067044374999999 0.4144114375 0.116819521875 0.420376440625 0.12343405468749999 0.4305958953125 0.1213313546875 0.4357182453125 0.11045527968749999 0.4383644828125 0.10294026406250001 0.43470546875 0.0971186359375 0.423132990625 0.0941926078125 0.4160023671875 0.0970063484375
0 0.219670309375 0.056528456250000005 0.2232442625 0.0644270640625 0.2334211828125 0.0633628546875 0.2392413125 0.054481898437499995 0.237233040625 0.046419565625 0.23262106249999998 0.044833759375 0.22549043906250002 0.047647499999999995 0.219670309375 0.056528456250000005
0 0.1492274421875 0 0.1392836515625 0.001857965625 0.13276574375 0.008743803125000001 0.1330807421875 0.020085332812500002 0.13678228750000002 0.024868470312499998 0.14461068906250002 0.0240498484375 0.1541748953125 0.018913540625 0.1622159515625 0.012902467187499999 0.1654504375 0 0.1492274421875 0
0 0.65238434375 0.44827282031250004 0.655455890625 0.43037290468749995 0.6549707687499999 0.4231853359375 0.6473550218749999 0.41881150937499995 0.635187109375 0.4304243453125 0.6268483359375 0.4437048484375 0.621853578125 0.45146545 0.625785059375 0.469667096875 0.6295716671875 0.47237325625000004 0.6387105625 0.4776218484375 0.6470068062500001 0.4653798359375 0.6498656984375 0.45267236874999994 0.65238434375 0.44827282031250004
0 0.5796875 0.42036971718749994 0.580243428125 0.420659215625 0.58733151875 0.41888396562499997 0.5932792421874999 0.4068875390625 0.591483625 0.39363275625 0.5796875 0.39191471875 0.5796875 0.42036971718749994
0 0.8960775562500001 0.43623216249999996 0.8896021796875001 0.4420795109375 0.8875686578125 0.45366662656249995 0.89605230625 0.4558816109375 0.9037531140624999 0.4581784578125 0.9055739812500001 0.45178379375000005 0.9031656484375 0.43445691249999996 0.8960775562500001 0.43623216249999996
0 0.906015228125 0.36487808125 0.9040920203125001 0.3547387671875 0.887337378125 0.345116346875 0.872693353125 0.3600902375 0.8744039062500001 0.37542200000000003 0.8783606390625 0.3739742015625 0.8804965046875001 0.3789210640625 0.8945450953125 0.37848603281250004 0.9040667703124999 0.374388215625 0.906015228125 0.36487808125
0 0.8681491546875 0.33781649375 0.8744969375 0.3350846140625 0.8768281765625 0.3162280703125 0.8668639109375 0.3120998296875 0.85586161875 0.31428439375 0.8530452562499999 0.3259533703125 0.8581848890625 0.33368825156250004 0.8681491546875 0.33781649375
1 1 0 0.5796875 0 0.5796875 0.10840570468749999 0.5859571828125001 0.109848971875 0.58633199375 0.13876296562499998 0.6006530515625 0.15070795312500002 0.605597309375 0.182246246875 0.608575828125 0.20468371406250002 0.61329015 0.22280349843749997 0.60509625 0.2515794890625 0.6067642734375001 0.26794974374999997 0.6241568796875 0.2619948140625 0.62944935625 0.2469647796875 0.638188190625 0.24294882499999998 0.6503906640625 0.2685579046875 0.6498377625 0.28205827656250004 0.6548072687500001 0.29394712031250003 0.6546118937500001 0.31775052812500004 0.6708814125 0.3201853796875 0.6844023515625001 0.313601271875 0.6828619203125 0.2941155484375 0.7004844640625001 0.301579125 0.7103038546875 0.2902118796875 0.72356960625 0.28985871093750004 0.723059234375 0.302320590625 0.7268033093749999 0.3060652390625 0.7347340546875 0.32178059375 0.75591326875 0.3185318234375 0.7683961796875 0.318260515625 0.7888350859375001 0.31405511875 0.8109672640625 0.3065705234375 0.8258412265625001 0.305015140625 0.83428234375 0.3082686140625 0.850321925 0.2972849609375 0.8675444078125001 0.2954839890625 0.8834138656249999 0.28865429531250003 0.9100304296875 0.2858709765625 0.932162609375 0.27838638437499996 0.9399737281250001 0.25895680312499997 0.9595699812499999 0.237260796875 0.9862716062499999 0.2324005 1 0.2217646671875 1 0
0 0.5796875 0.302836503125 0.5827434484375 0.302516940625 0.5940434578125 0.293062946875 0.5931157421875 0.2776493203125 0.5825387609375 0.2694489828125 0.5796875 0.270492284375 0.5796875 0.302836503125
0 0.3504545078125 0.9398423921875001 0.34154554843749996 0.9480123093749999 0.335470234375 0.963124203125 0.34386881874999997 0.9674161703124999 0.3556964828125 0.96411125625 0.3616867359375 0.9510763390625 0.3598060578125 0.9398985359375001 0.3504545078125 0.9398423921875001
0 0.36975966875 0.7920236421875 0.3633268234375 0.7968325 0.36125077031249997 0.8094581062499999 0.36730083593749996 0.81399565625 0.3772225703125 0.8191623874999999 0.383740478125 0.8122765484375 0.3862165921875 0.808915490625 0.38738221093749997 0.7994872203125001 0.3822000484375 0.7927908265625 0.36975966875 0.7920236421875
0 0.5679883421875 0.7671585265624999 0.561512965625 0.773005875 0.5579137640625 0.7847567140624999 0.557573515625 0.7930646343750001 0.56358105 0.7986406781250001 0.5722773546875 0.7956632109375 0.5756639015625 0.7891048203125 0.5761742734374999 0.7766429421875 0.5732980999999999 0.77073945 0.5679883421875 0.7671585265624999
0 0.192570615625 0.5696205515624999 0.1922303671875 0.5779284718750001 0.2062364265625 0.57853193125 0.21749390625 0.570116428125 0.21891471093749998 0.554457215625 0.212822115625 0.5509581546875 0.202687725 0.550983875 0.196042225 0.5609851828125001 0.192570615625 0.5696205515624999
0 0.11486475625 0.5446569609375 0.11385197968750001 0.531320315625 0.07075324375 0.53686123125 0.060321134374999995 0.5441563796875 0.04779569375 0.5454661765625 0.034487410937500004 0.5468578359375 0.015971715625 0.5612025484375 0.0154613421875 0.5736644281250001 0.0258083890625 0.5684462578125 0.048808470312500005 0.558802821875 0.0678943484375 0.5495686984375 0.11486475625 0.5446569609375
0 0.55553336875 0.938043925 0.5613787484375 0.909513521875 0.5479428734375 0.91402065 0.5352645875 0.938095365625 0.5368900812499999 0.9555041078125001 0.5248670421875 0.98261243125 0.53396340625 0.9888995125000001 0.5405065640625 0.9623642265625 0.55553336875 0.938043925
0 0.7812705328125 0.94228300625 0.7725742312499999 0.9452604703125 0.7661413859375 0.9500693296874999 0.7672817546874999 0.960290503125 0.76933255625 0.9673143484375 0.7746848453124999 0.9698567812500001 0.7786415765625 0.9684089796875 0.7818579999999999 0.9660045515625001 0.7845892984375 0.9564125546875001 0.7841467078125 0.9481864968749999 0.7812705328125 0.94228300625
0 0.9740445765625001 0.8983414765625 0.9669564843749999 0.900116728125 0.9667012984374999 0.9063476671874999 0.9662759874999999 0.91673256875 0.968284259375 0.9247949015625 0.9766828453125 0.929086865625 0.98237538125 0.9233213812500001 0.9851066828124999 0.9137293828124999 0.98800810625 0.8999834265625001 0.9740445765625001 0.8983414765625
0 0.8668539484375 0.8319973078124999 0.8635949953125 0.8354402249999999 0.8594256078125 0.8420804765625001 0.859212953125 0.847272928125 0.86134881875 0.852219790625 0.8635697453125001 0.8550896734375 0.8673988843749999 0.8567573421875 0.872095925 0.8562661687500001 0.8780609281249999 0.8628807015625 0.879924325 0.8554475453125001 0.8826556265625 0.8458555484375001 0.8815152546875 0.835634375 0.88007716875 0.8326826296875 0.8738995109375001 0.8312605468750001 0.8668539484375 0.8319973078124999
0 0.7721462328124999 0.76538183125 0.7699851171875001 0.780084415625 0.77512475 0.7878192984375 0.783693459375 0.787957303125 0.7942956921875 0.77650819375 0.7946784703125 0.7671617859375 0.7933254468750001 0.7621330593750001 0.7855821078125 0.7608747015625 0.7746223453125001 0.7620207734375001 0.7721462328124999 0.76538183125
0 0.8477760374999999 0.8029710265624999 0.8375140546875001 0.806112215625 0.834825284375 0.8146657218750001 0.8352678765625001 0.8228917796874999 0.8398373250000001 0.8255160765625 0.8459299203124999 0.8290151375000001 0.8523627656249999 0.8242062796875 0.854966471875 0.817729753125 0.855136596875 0.8135757937499999 0.853996228125 0.8033546171874999 0.8516902375000001 0.8025617140625 0.8477760374999999 0.8029710265624999
0 0.7317867640625 0.7230703421875 0.735403246875 0.7299304624999999 0.743231646875 0.7291118390625 0.7526257281250001 0.728129490625 0.7561823999999999 0.7174171406250001 0.7510427671875 0.709682259375 0.7457755421875 0.7050628421875 0.736381459375 0.7060451890625 0.7320419499999999 0.7168394015625 0.7317867640625 0.7230703421875
0 0.6366112046875 0.6678782546875001 0.636228425 0.677224665625 0.63745385625 0.6853688609375 0.6405426859375 0.686079903125 0.6468054078125001 0.6854250046875 0.6524554124999999 0.6806980078125 0.658360603125 0.6697400734375 0.6587433828125 0.6603936625 0.6550843687500001 0.6545720328125 0.6434268296875001 0.6537229874999999 0.640167875 0.6571659046875 0.6366112046875 0.6678782546875001
0 0.6095852671875 0.6045256609375 0.608632303125 0.6087614828125 0.6081644625 0.6201848734375 0.6110406359375 0.6260883640625 0.6118234765625 0.6260065015625 0.6212175578125 0.6250241546875 0.630126515625 0.616854240625 0.6305092953125 0.6075078296875 0.6299816421875 0.601358753125 0.6222808328125 0.5990619046875001 0.6144949640624999 0.5988420375000001 0.6095852671875 0.6045256609375
0 0.6941147187500001 0.5770735765625 0.7021557765625 0.5710625046875 0.704274359375 0.557398409375 0.6976541078125 0.5477502703125 0.6882600265625001 0.5487326171875 0.678695821875 0.5538689234375 0.6804489078125 0.5681621984375 0.684022859375 0.57606080625 0.6941147187500001 0.5770735765625
1 1 0.4890625 0.7186179953125 0.4890625 0.717871046875 0.49186595781250003 0.7157524625 0.505530053125 0.707839 0.5084256546875 0.7001980046874999 0.523701275 0.6992450390625 0.527937096875 0.6972965796875 0.5374472328125 0.6972540484375 0.5384857234375 0.7067504734375 0.5540373515625 0.7121200421875 0.5751907453125 0.7008625625 0.583606246875 0.695084965625 0.5914487140625 0.68226180625 0.6000279390625 0.6756163046875 0.610029246875 0.6749783390624999 0.625606596875 0.6859381015625 0.6244605265625001 0.698761259375 0.6158813015625 0.7087680578125 0.6189710484375001 0.716468865625 0.621267896875 0.724424859375 0.617333803125 0.7349420296875 0.607961675 0.7351294359375 0.622418671875 0.7328832578125001 0.6391982374999999 0.736729678125 0.6594768640625001 0.7393931968749999 0.67057280625 0.7505828937500001 0.6828452406250001 0.745945665625 0.700908884375 0.7549144359375 0.7103114359375 0.7607943796875001 0.7190029484375 0.764981046875 0.7309736546875 0.748941465625 0.7419573093749999 0.7265541 0.75567284375 0.716351928125 0.7763865015625 0.7297452718749999 0.7729178640625 0.7530005390625 0.7570434875000001 0.7601311625 0.754229746875 0.7781364859375 0.7523469140625 0.7906619265625 0.7510371171875001 0.8063187296875001 0.7493998718749999 0.8221629374999999 0.762219625 0.8342457875000001 0.7526837703125 0.8467712296875 0.7513739734375 0.8398280124999999 0.7686447125 0.83732665 0.791655215625 0.8455976421875 0.799062653125 0.8493842484374999 0.8017688109375 0.8634753703125 0.800295290625 0.8721716734375 0.797317825 0.8744949453124999 0.8167216875 0.887548040625 0.8215609671875 0.8999884203124999 0.8223281515625 0.914479603125 0.8301191781250001 0.9243588078125 0.8363243984375 0.9371992484374999 0.8463561296875 0.9520306796875 0.8458392374999999 0.9592463640625001 0.840948515625 0.969865878125 0.848110365625 0.9666667359375 0.8691257515625 0.9709384671875 0.8790194781249999 0.9793197718750001 0.8647004859375 0.987130890625 0.84527090625 0.9999540515625001 0.836691678125 1 0.836705865625 1 0.4890625