0 0.2389191453125 0.22991409062499998 0.2386963109375 0.224445340625 0.222752975 0.2169965171875 0.21382364375 0.228152221875 0.21515181249999998 0.23515922812499998 0.21840414687499998 0.23821149218749998 0.22995797968749998 0.240288546875 0.2389191453125 0.22991409062499998
0 0.32381231875 0.2662557359375 0.332050153125 0.2637180265625 0.33362415 0.2511695359375 0.3291073140625 0.242672765625 0.31228148125 0.2391544375 0.3034158171875 0.2518726421875 0.30995231875 0.258758421875 0.31326831875 0.2633731875 0.32381231875 0.2662557359375
0 0.44511963281250005 0.1727213296875 0.45234763281249996 0.1709891140625 0.45730129843749995 0.1646178890625 0.45695112968749996 0.15602413906249998 0.43917912968749995 0.1548738046875 0.4320784640625 0.1597310203125 0.4324286328125 0.16832477031249998 0.4378279671875 0.17289104375 0.44511963281250005 0.1727213296875
0 0.152333478125 0.22880143125000002 0.14077964375000002 0.2267243765625 0.135921478125 0.2354393515625 0.133051146875 0.2417620875 0.12806564843749998 0.2473520625 0.12939381562500002 0.2543590671875 0.133846984375 0.2612933375 0.1480801484375 0.25236015625 0.152683646875 0.23739518125 0.152333478125 0.22880143125000002
0 0.6861779421875001 0.1654877328125 0.68431744375 0.1710049734375 0.6866236125 0.1764252328125 0.7013024453125001 0.1784295515625 0.708371278125 0.1727910859375 0.704896109375 0.164270071875 0.695425609375 0.162144528125 0.6861779421875001 0.1654877328125
0 0.7805699296874999 0.1022954421875 0.7691115953125001 0.10256213750000001 0.76210643125 0.109763103125 0.7601504312499999 0.11293659375000001 0.7593952671875 0.1199920890625 0.7741696015625 0.1243401578125 0.7853414328125 0.11704221249999999 0.7848957624999999 0.1061047125 0.7805699296874999 0.1022954421875
0 0.8973904453125 0.18012148125 0.8947977765624999 0.1676699703125 0.8820431093749999 0.1617109109375 0.865631109375 0.1683488328125 0.8630791125 0.18248406718750002 0.8674686140624999 0.18785583749999998 0.8861867812499999 0.18663817656249998 0.8973904453125 0.18012148125
0 0.9248646203125 0.2146716046875 0.9314647890625001 0.22311988437500002 0.9447517890625001 0.21655469843750003 0.9442742859375001 0.20483594843750003 0.93063711875 0.202807384375 0.9248646203125 0.2146716046875
0 0.8711613 0.27848083749999997 0.9294362828124999 0.198925378125 0.92491945 0.190428609375 0.915162446875 0.18127181406249998 0.8937012828124999 0.1919372109375 0.8778304531250001 0.21185638125 0.8806141234375 0.2289953921875 0.8711613 0.27848083749999997
0 0.1367244296875 0.9457032156250001 0.12451093124999998 0.9530254062499999 0.1259664328125 0.9631574125 0.134649934375 0.9715572015625 0.14718176875 0.9720475109375 0.161446765625 0.9638955796875 0.1632435984375 0.9568158390625001 0.156547928125 0.946023809375 0.1367244296875 0.9457032156250001
0 0.15922725937499999 0.9350135749999999 0.1680699296875 0.9473196140625 0.1753615953125 0.9471498984375 0.1805062625 0.9454661734375 0.1854917609375 0.9398761984374999 0.1850779265625 0.9297199484374999 0.15922725937499999 0.9350135749999999
0 0.21012571093750002 0.7000136109375 0.200368709375 0.6908568171875 0.18992020781250002 0.6903180171875001 0.18607187812499998 0.6982274984375 0.1852530453125 0.7037204921875 0.1940002125 0.7136827828125 0.20441687968750002 0.71344033125 0.21366454687499997 0.7100971265625 0.21012571093750002 0.7000136109375
0 0.1111992109375 0.7030981421875 0.11142204687499999 0.7085668921874999 0.1218705453125 0.7091056921875 0.12792954375 0.704272721875 0.13193704374999998 0.700269490625 0.128461875 0.6917484765624999 0.1200330421875 0.6895986859375001 0.111763375 0.691355146875 0.1111992109375 0.7030981421875
0 0 0.8860657234375001 0.009050415624999999 0.8829876234375 0.0044699125 0.8729283531250001 0 0.8691481 0 0.8860657234375001
1 0.61875 1 0.61875 0.5 0.40859823281249996 0.5 0.40551517031250006 0.505442075 0.3987646734375 0.518893040625 0.38589151093749996 0.535614475 0.3718175125 0.54845390625 0.35455484843749996 0.5598035718750001 0.349601184375 0.5661747984375001 0.3379288546875 0.5867782390625 0.3270435234375 0.601107434375 0.3203248609375 0.6153396499999999 0.31467969687499997 0.6303288703125001 0.3048678671875 0.6454150703125 0.29508786875 0.661282521875 0.27577370625 0.6734619281249999 0.2731580421875 0.6860346625 0.26476988125 0.71047161875 0.26566121875 0.73234661875 0.2692318875 0.7432113828125 0.2686358890625 0.7541731281249999 0.26191722500000003 0.7684053437499999 0.26959089375 0.7776106281249999 0.2647327296875 0.786325603125 0.265496734375 0.8050756031249999 0.26405006875 0.8207490937499999 0.26765257187499997 0.8323951078124999 0.284510240625 0.8366946875 0.2814489078125 0.838329921875 0.26396340937499996 0.8442108390625 0.2669380796875 0.8660373484375 0.283700246875 0.867993178125 0.2920654140625 0.8685804671875001 0.2904595828125 0.8803477078124999 0.2865794171875 0.8874759375 0.2765765859375 0.8978746375 0.3052427546875 0.9105012718750001 0.282166921875 0.9071284125 0.27749975781249997 0.9205308875 0.2824622625 0.9399651578124999 0.3076532625 0.9440707765624999 0.3296237640625 0.9459053796875001 0.3466405984375 0.9541112093749999 0.3623929328125 0.9568725328125 0.362774934375 0.9662475328125 0.34727726875 0.9697362093749999 0.3343404390625 0.9848951453125 0.34930577343749997 0.9939307140625001 0.3709261046875 0.9871715671875 0.389294103125 0.97736015625 0.4167912734375 0.9868860343750001 0.43879360624999997 0.9895018890625 0.45470510781250006 0.9961694624999999 0.4596846125 1 0.61875 1
0 0.23604888281249997 0.7220879796874999 0.23630355 0.7283379796875 0.23766355312499998 0.736126234375 0.2512370515625 0.7365922984375001 0.25918838437499997 0.7270233390625 0.2514192140625 0.7154743046875 0.2379730484375 0.7181332390625 0.23604888281249997 0.7220879796874999
0 0.6572774406249999 0.77193169375 0.66087994375 0.7835777078125 0.674580778125 0.787168771875 0.6772601093749999 0.7761585375 0.677005440625 0.7699085375 0.66838560625 0.7630712484375 0.6572774406249999 0.77193169375
0 0.6565559046875 0.6006924734375 0.670097571875 0.6003772875 0.6795362390624999 0.60172158125 0.681364903125 0.5954230921875 0.6810147343749999 0.5868293421875 0.68290706875 0.5820933515625 0.6712577328125 0.5776725468749999 0.661000234375 0.5818212484374999 0.65292156875 0.5882652078125 0.6533672375 0.5992027078125 0.6565559046875 0.6006924734375
0 0.943201646875 0.9568645124999999 0.9440204796874999 0.9513715171874999 0.9427241453124999 0.9451457624999999 0.9331581437500001 0.9406764671874999 0.9248248109375 0.940870428125 0.9208491453125 0.9456549078125001 0.9209764796875 0.9487799078125001 0.9210083125 0.9495611578125001 0.922209146875 0.9534431640625 0.9244198140625001 0.9565196734375 0.9308608156249999 0.9610617031250002 0.943201646875 0.9568645124999999
1 1 0.5 0.7216729671875 0.5 0.7173192187499999 0.5054392796875 0.7182105578125 0.5273142796875 0.7360462234374999 0.5300271125 0.736332725 0.5370583625 0.74507989375 0.5470206531249999 0.7455892296875 0.559520653125 0.7460667328125 0.571239403125 0.734489903125 0.59418659375 0.7543134046875 0.5945071875 0.762965071875 0.6021257265625 0.759116740625 0.6100352078125 0.75558674375 0.6257571875 0.752589078125 0.628954921875 0.75638258125 0.6452884375 0.7754509171875 0.6526645265625 0.7756737515625 0.6581332765625 0.7739405859375 0.666775515625 0.7734400890625001 0.6800810109375 0.766148421875 0.6802507265625 0.7475894234375 0.6853746375 0.751319259375 0.700145653125 0.763095928125 0.7076914578125 0.7766057609375 0.706595021875 0.7845889265625 0.6978073109375 0.79393209375 0.6968078546875 0.8056450937499999 0.702791159375 0.8145832625 0.7174409484375 0.8250317640624999 0.7179797484374999 0.8450144328124999 0.7222065921875 0.8537934343749999 0.73295013125 0.8625724359374999 0.743693671875 0.8795574375000001 0.75111825 0.8942362718750001 0.7531225703125 0.8955644390625 0.760129575 0.919904775 0.7689469375 0.9402057781250001 0.78098628125 0.97827878125 0.794175959375 0.9787881171875 0.8066759593749999 1 0.814667290625 1 0.5
0 0.865856603125 0.7475271859375 0.8550897687500001 0.7391758875 0.83858226875 0.7434700578125 0.8346702703125001 0.7498170375 0.84338560625 0.7589980781250001 0.859233440625 0.7641031515625001 0.865387940625 0.76161393125 0.8682264390625001 0.7545099453125 0.865856603125 0.7475271859375