0 0.41737106874999996 0.4639638875 0.4061429578125 0.4603705484375 0.4027842890625 0.46817441718749997 0.39606695 0.483782159375 0.408670925 0.4919640875 0.42035424218750006 0.482821646875 0.41737106874999996 0.4639638875
0 0.415367771875 0.3907644734375 0.4181966484375 0.40316850937500004 0.42789716093749997 0.40641852500000003 0.43270884218749994 0.40643010156250003 0.43790114375 0.40117801875000003 0.441105515625 0.38692042656250003 0.428730425 0.3777200984375 0.415367771875 0.3907644734375
0 0.3927367625 0.29153219531249996 0.3836483140625 0.2926991046875 0.3794512578125 0.307803434375 0.38472326875 0.31647719531249996 0.3943466328125 0.3165003515625 0.39938719843750004 0.3154935296875 0.400989384375 0.3083647328125 0.40373598906249997 0.2961439375 0.3927367625 0.29153219531249996
0 0.23548398750000002 0.3128914359375 0.2397658765625 0.3331109203125 0.24602800937499997 0.3302389609375 0.2533599734375 0.3297471265625 0.25671864375000003 0.32194325625000003 0.2570967015625 0.3059806125 0.2450276421875 0.298988746875 0.23548398750000002 0.3128914359375
0 0.477261465625 0.19391634687499998 0.46519496718750003 0.1976234640625 0.4595474609375 0.21561133125 0.46596645312499996 0.229892078125 0.47711741406249997 0.2302585578125 0.48422049375 0.230785125 0.48902961562499997 0.22009771718749999 0.487116275 0.203620084375 0.477261465625 0.19391634687499998
0 0.51215968125 0.1707342828125 0.5234649421875 0.1775544875 0.531941325 0.1719706546875 0.5334663625 0.1616149984375 0.5276594359375 0.151751171875 0.5215490390624999 0.1503778703125 0.51383645625 0.1561333640625 0.51215968125 0.1707342828125
0 0.6890625 0.0746047953125 0.68207565 0.0858909453125 0.686738159375 0.1008467671875 0.6890625 0.1011912515625 0.6890625 0.0746047953125
1 0 0 0 0.0974776953125 0.0195242703125 0.1242056671875 0.02479628125 0.1328794296875 0.04764080625 0.1668994046875 0.0604762265625 0.18476191718749999 0.0864479765625 0.2012974375 0.11272319687500001 0.20934243437500002 0.1246456421875 0.24197753125000002 0.10502854218749999 0.28999081718749997 0.12542225 0.2956441125 0.147945375 0.263261721875 0.1639851671875 0.266866640625 0.1852918484375 0.2577473546875 0.2092756703125 0.265277365625 0.220735225 0.27855128906250004 0.24800056874999998 0.2750505671875 0.27083741093749997 0.27697359062500004 0.289166040625 0.270394515625 0.299172584375 0.27585299218750003 0.3164313828125 0.2668937921875 0.3330060921875 0.27168877343750003 0.3418707796875 0.2929382328125 0.36517819375 0.3463193765625 0.3546264890625 0.29687490156249996 0.347978615625 0.2836125515625 0.344763996875 0.25507420937499997 0.3549197140625 0.24558844375 0.3643193171875 0.26802796562500003 0.36798145625 0.251733571875 0.3795130390625 0.2468363921875 0.3989115015625 0.24263744062499998 0.4015886421875 0.2592867375 0.41846682187499995 0.25559119531249996 0.43335195000000004 0.22149217812500002 0.4246415609375 0.20669644062499998 0.4272364296875 0.19872090781250001 0.43914863125 0.1885600671875 0.46373939374999995 0.1791090296875 0.48214517343749996 0.1757568171875 0.485889584375 0.18408725312500002 0.49788405625000004 0.1985512421875 0.50827378125 0.20944504375 0.5191238328125001 0.22900103125000001 0.535544246875 0.22734228750000002 0.5490637578124999 0.23145061875 0.5809967296874999 0.2643036859375 0.5451624859375 0.2059674765625 0.5302671125 0.1972705578125 0.5100997296875 0.179899878125 0.5015410734375 0.1608588828125 0.50933080625 0.15833024843750002 0.5146799640624999 0.170230871875 0.530490875 0.1748541890625 0.5382008953125 0.1583997125 0.51902875625 0.15088128125 0.5334586796874999 0.129518046875 0.5497196718749999 0.10000761250000001 0.5545262296875 0.0786212234375 0.559489646875 0.074387540625 0.567734584375 0.059123121875 0.5578026281249999 0.046192521874999996 0.5639876125 0.040093703125000005 0.587133046875 0.054924171875000004 0.6106616625 0.0751899640625 0.6149435515625 0.095409446875 0.6273212046875 0.115308759375 0.6494790781249999 0.1523839328125 0.6401515015625 0.11177330468749999 0.667115934375 0.12746208750000002 0.6398429078125 0.098865859375 0.637242915625 0.0854434234375 0.6252510046875 0.0816784203125 0.60156553125 0.04425991875 0.59346464375 0.0231821234375 0.605227671875 0.0279655265625 0.619665278125 0.038699242187499996 0.624245515625 0.0290302359375 0.6308136796875 0.0283667390625 0.634398671875 0.0088454859375 0.624419371875 0 0 0
1 1 0.51875 1 0 0.735192553125 0 0.6890625 0.2052518953125 0.6890625 0.5148331390625 0.6924666484374999 0.51875 1 0.51875
0 0.1479212203125 0.9462320109375 0.1375314953125 0.935338209375 0.12882366875 0.9312414578125001 0.1230218640625 0.9427756015625001 0.1213450921875 0.9573765203125 0.12135021406249999 0.9787744859374999 0.136240465625 0.9660734375000001 0.1409724359375 0.95215916875 0.1479212203125 0.9462320109375
0 0.141641159375 0.87421108125 0.14049930156249998 0.8900020625 0.13828505 0.8927139374999999 0.15081187812500002 0.8976690046875 0.16409994375 0.89209675 0.1622637484375 0.8788459796874999 0.15370765625 0.8705039640625 0.141641159375 0.87421108125
0 0.1175648203125 0.799260309375 0.1077871609375 0.79278343125 0.09931077656250001 0.7983672625 0.09748226875 0.8172134421875 0.10305774999999999 0.81739668125 0.11077289531250001 0.8223401734374999 0.1158134609375 0.8213333500000001 0.12115749687499999 0.8118360046875001 0.1175648203125 0.799260309375
0 0.05615737656250001 0.7940178031249999 0.0638750828125 0.8096602796875001 0.0653280953125 0.8174757265625001 0.0709061375 0.8283579515625 0.0821342484375 0.8319512921874999 0.0751006328125 0.8025546359375 0.072652375 0.784886940625 0.0627975671875 0.775183203125 0.055007835937500006 0.777711834375 0.05615737656250001 0.7940178031249999
0 0.1924636 0.69092231875 0.1833005640625 0.69956135 0.183457421875 0.7167140562500001 0.189035465625 0.7275962796875 0.199422628125 0.7277910984375 0.202933034375 0.715741965625 0.1992632078125 0.6999394078125001 0.1924636 0.69092231875
0 0.33381038749999997 0.5868200109374999 0.3436651953125 0.59652375 0.3551247515625 0.609797678125 0.3546695453125 0.622533459375 0.360931678125 0.6196615015625 0.3620709734375 0.5931715359374999 0.3500765015625 0.578707546875 0.347782540625 0.5674935734375 0.34098293125 0.5584764875 0.3310560984375 0.566943853125 0.3278491625 0.5705024640625 0.33381038749999997 0.5868200109374999
0 0.34616754843750003 0.521127453125 0.33402390312499997 0.521607709375 0.329063046875 0.5365403765625001 0.3316630390625 0.549962809375 0.3451054 0.550844278125 0.353124015625 0.547297246875 0.354726203125 0.5401684484375 0.3535020734375 0.531334603125 0.34616754843750003 0.521127453125
0 0.401940290625 0.5978527421875001 0.40782180468749996 0.6002444437500001 0.41416108593749995 0.6005993468749999 0.419505121875 0.5911020015624999 0.4215650765625 0.58193640625 0.41812669687500004 0.5758144328125 0.4101826671875 0.5718893421875 0.40048471875 0.5793383078125001 0.3963622484375 0.5869705171875 0.39957174375000004 0.5941108921875 0.401940290625 0.5978527421875001
0 0.7503776046875 0.8633350312499999 0.7572543625 0.87557898125 0.7669523140625 0.8681300125 0.7729084140625 0.8630495921874999 0.7749683671875001 0.853883996875 0.7612199734375 0.8507940656249999 0.755186725 0.852647625 0.7503776046875 0.8633350312499999
0 1 0.6375132765625 0.9973989187499999 0.6353448796875 0.9873177875 0.637358521875 0.98457118125 0.6495793171875001 0.98610134375 0.660621628125 0.9945031390625001 0.66250991875 0.9987799046875001 0.661331434375 1 0.6596073734375001 1 0.6375132765625