0 0.474184815625 0.500085896875 0.4868860625 0.5018133859375 0.49514903125 0.5071648734374999 0.4933547546875 0.504230515625 0.49902826874999995 0.4858496453125 0.4920085875 0.4761833875 0.4814164671875 0.4815326171875 0.47565618593750003 0.4884357953125 0.46903812343749995 0.49438958906249997 0.474184815625 0.500085896875
0 0.463017540625 0.4668596921875 0.47065080937500003 0.4639264625 0.4734441828125 0.4489971828125 0.46276529218749995 0.44286871874999995 0.45614722968750004 0.44882251249999994 0.45475457031250005 0.461508203125 0.4590434796875 0.466255128125 0.463017540625 0.4668596921875
0 0.51875 0.377210934375 0.5070452046875 0.374266828125 0.5038582703125 0.3840181625 0.5037089 0.3923890859375 0.507376165625 0.39929339218750004 0.5136087203125 0.3986037515625 0.51875 0.3980348640625 0.51875 0.377210934375
0 0.4476140625 0.295210415625 0.4524378484375 0.28632226250000004 0.4533662875 0.277865134375 0.45180009375 0.26759544062499996 0.4425299734375 0.2696654921875 0.4297580671875 0.27734451718750003 0.43000226093749994 0.2908933875 0.4381865171875 0.2952092859375 0.4476140625 0.295210415625
0 0.4069047515625 0.2454113859375 0.408061271875 0.22961892499999997 0.4074315734375 0.22133420781250002 0.398625671875 0.21917569375 0.3928653921875 0.22607887187500003 0.3893636078125 0.23168784531250003 0.393345721875 0.2427345109375 0.3992714828125 0.248344615625 0.4069047515625 0.2454113859375
0 0.42841995624999996 0.259739490625 0.4372178015625 0.251455903125 0.431598834375 0.23954605624999997 0.42419364843749996 0.235143953125 0.41258632031250003 0.23747261718749998 0.409092590625 0.25352369218750004 0.391898515625 0.28571092187499997 0.41704876406249997 0.265174925 0.42841995624999996 0.259739490625
0 0.394919971875 0.2634463078125 0.38658634531249997 0.26750133125 0.376860059375 0.2842420484375 0.3742947703125 0.29183599375 0.3867598796875 0.2904567140625 0.3944638078125 0.278116971875 0.40076702031250006 0.26802081875 0.394919971875 0.2634463078125
0 0.3472795890625 0.3188441453125 0.3530318140625 0.3014988640625 0.354267046875 0.28674199375 0.345767940625 0.2782837359375 0.3365845890625 0.291831478125 0.33566420468749997 0.3107307078125 0.3302268296875 0.332218346875 0.3373958796875 0.33351368125 0.3472795890625 0.3188441453125
0 0.2456274890625 0.14942829062500002 0.254504046875 0.1421802921875 0.25901298281249996 0.12914977968750002 0.24941995625 0.1166353703125 0.2419441125 0.121639778125 0.23914268593750002 0.1261269578125 0.23213911562499998 0.13734490625 0.2368215875 0.1472697765625 0.2456274890625 0.14942829062500002
0 0.32007107968750004 0.09524184218750001 0.3079208203125 0.1007634828125 0.3059065171875 0.1156065578125 0.3141694859375 0.12095804531250001 0.3204020421875 0.1202684046875 0.3238251125 0.11362384218749999 0.32007107968750004 0.09524184218750001
0 0.3350549890625 0.1270014328125 0.3451748375 0.115438665625 0.34430900000000003 0.104047178125 0.3348734 0.093603946875 0.3277830625 0.0933442 0.3228805640625 0.1011967640625 0.326713309375 0.1206143546875 0.33123835625 0.128468046875 0.3350549890625 0.1270014328125
0 0.76033501875 0.46406489375 0.7677402046875 0.46846699531249997 0.7749012000000001 0.45932022968749997 0.7687312453125 0.440161253125 0.75673035625 0.437311971875 0.7547160515625 0.452155046875 0.757140028125 0.4633741234375 0.76033501875 0.46406489375
0 0.9055728890625 0.473057321875 0.894516546875 0.48263511406250004 0.9006077874999999 0.5007585 0.9147097500000001 0.5002423984375 0.9143161875000001 0.49506445 0.9171095593749999 0.48013516875000006 0.9094682359374999 0.472626296875 0.9055728890625 0.473057321875
0 0.6452893671875 0.30448544843750003 0.649263428125 0.3050900140625 0.6572902593750001 0.3073347328125 0.6615711140625 0.3016395515625 0.659068425 0.2893848875 0.6476104656249999 0.2833426296875 0.642007609375 0.2923169875 0.6422437484375 0.29542375625 0.6452893671875 0.30448544843750003
0 0.6871713093749999 0.35937622187499996 0.6944977859375 0.362742734375 0.7039959875 0.3533373515625 0.7038305078125 0.34082406875000004 0.6946310453125 0.33348760781250003 0.6918296171875 0.3379747875 0.68100135625 0.34021724531249997 0.68163105625 0.3485019640625 0.685377034375 0.3564418625 0.6871713093749999 0.35937622187499996
0 0.5669709140625 0.183658365625 0.5771694734375 0.1731311890625 0.57692528125 0.1595823171875 0.5709995203125 0.15397221562500002 0.5678832421875 0.154317034375 0.5576059703125 0.163808621875 0.5533251156250001 0.1695038 0.5622964968749999 0.1841755953125 0.5669709140625 0.183658365625
0 0.5506426765625 0.2272370796875 0.566987025 0.20454257187499997 0.5728260171875 0.19867498125 0.5828671515625 0.186076625 0.5788063250000001 0.1739943671875 0.5707875484375 0.182191753125 0.5628474859375 0.1914247234375 0.5542070640625 0.20177949218750002 0.546739275 0.2172260015625 0.5506426765625 0.2272370796875
1 1 0 0.58891069375 0 0.5851461328124999 0.0093378625 0.58422575 0.0282370921875 0.5970057093750001 0.031000170312500002 0.6031756640625 0.0501591453125 0.5869806859375 0.0644827328125 0.5802132531249999 0.07880744843750001 0.581393940625 0.09434129531249999 0.5779869796875 0.12187006250000001 0.5769878828125 0.139733703125 0.5917114890625 0.1370602171875 0.5961497671875 0.13343621875 0.6104172109375 0.1454334 0.596244590625 0.1553560109375 0.5992195546875 0.17382421718750002 0.62141900625 0.1661463234375 0.6301381375 0.1568271453125 0.636150665625 0.1739149390625 0.630083590625 0.1871178625 0.6339163359375 0.20653545156250003 0.63743423125 0.2218106828125 0.6478224375 0.25512309218749996 0.6733278109375 0.2909399640625 0.6564405328125 0.31682745 0.6432044078125 0.3287350359375 0.6248215921875 0.3349463171875 0.6063761750000001 0.361006209375 0.6312276828125001 0.3572120609375 0.662382403125 0.34332175625 0.683873440625 0.32632355625 0.704664121875 0.3104471484375 0.7196319234375 0.321322534375 0.7367007921875001 0.3288325359375 0.7420049078125001 0.3366000234375 0.7314208421874999 0.35239135625 0.732530871875 0.3773317140625 0.7379924125 0.3871703796875 0.750859140625 0.4014111515625 0.7594127937499999 0.3795786921875 0.7714136859374999 0.38242797500000003 0.782092575 0.3885564375 0.7961158234375001 0.387004746875 0.7928662875000001 0.41660469375 0.805866275 0.4015903359375 0.811493296875 0.4239422859375 0.7942124546875 0.44465182031249995 0.7901051359375 0.473302384375 0.7731471984375 0.5085963796875 0.803199946875 0.48020782031250003 0.802334109375 0.46881633593750005 0.8104235421875 0.4512124375 0.8136811343750001 0.43205459218750003 0.8292625234375001 0.4303304921875 0.8538859500000001 0.43387167499999996 0.8672794984374999 0.42403526718749995 0.8875353031250001 0.42179393593750003 0.9019601703125 0.435862296875 0.9142759125 0.4428539390625 0.9257177593750001 0.42801199375000004 0.9460522765625001 0.4268062515625 0.96039843125 0.439839021875 0.9698966343750002 0.4304336390625 0.9824324015624999 0.41964784687499995 0.9887597812500001 0.440878 1 0.43752669375000003 1 0
0 0.5867794140625 0.40292670781249995 0.5908947890625 0.384718246875 0.59096544375 0.375311734375 0.5830173249999999 0.37410260625 0.5750772625 0.38333557812499996 0.572748109375 0.3940362953125 0.5867794140625 0.40292670781249995
0 0.169421721875 1 0.1768225765625 0.9816424343750001 0.1650704796875 0.98206644375 0.15495063125 0.9936292109375 0.1536773375 1 0.169421721875 1
0 0.3466355421875 0.9315234328125002 0.3430631 0.9465389203125 0.348532696875 0.9668196874999999 0.35912481875 0.9614704578125 0.3649638109375 0.9556028703125001 0.3675291015625 0.9480089218749999 0.3626104921875 0.9349772812499999 0.3466355421875 0.9315234328125002
0 0.51875 0.9737428984375001 0.5074789671875 0.9701180671875 0.506936034375 0.9733110406249998 0.5024270984375 0.986341553125 0.51875 0.9872362859375 0.51875 0.9737428984375001
0 0.35416869375000004 0.782567296875 0.35036011562499997 0.7944760125 0.3568368625 0.8073352437500001 0.3680506296875 0.7998286312499999 0.37233148437499997 0.7941334515625 0.3723234296875 0.7836913484375 0.3634388140625 0.780497246875 0.35416869375000004 0.782567296875
0 0.16636900937500002 0.5443613328125 0.162552375 0.545827946875 0.1625604296875 0.5562700484375 0.16786454687500002 0.5640375359375 0.1764343109375 0.5630892828125 0.18071516406250002 0.557394103125 0.180707109375 0.546952 0.17735469375 0.5441900515625 0.16636900937500002 0.5443613328125
0 0.4450452421875 0.820549459375 0.4539218 0.8133014609375 0.456093528125 0.8005295640625001 0.44930998593749993 0.7939700765625 0.4420622234375 0.791639153125 0.43262662343749997 0.7811959203125 0.424064915625 0.7925862796875001 0.4209566921875 0.8033732015625 0.42587530156250003 0.8164048421875 0.43234399375 0.8188219703125 0.4450452421875 0.820549459375
0 0.5577893671874999 0.9357354484375 0.561763428125 0.9363400140625 0.569790259375 0.9385847328124999 0.5740711140625 0.9328895515625 0.5715684249999999 0.9206348875 0.560110465625 0.9145926296875 0.554507609375 0.9235669874999999 0.5547437484375 0.9266737562500001 0.5577893671874999 0.9357354484375
0 0.5996713093749999 0.9906262218750002 0.6069977859375 0.993992734375 0.6164959875 0.9845873515625 0.6163305078125 0.9720740687500001 0.6071310453125001 0.9647376078125 0.6043296171875 0.9692247875 0.59350135625 0.9714672453125001 0.59413105625 0.9797519640625 0.597877034375 0.9876918625 0.5996713093749999 0.9906262218750002
1 1 1 1 0.509375 0.51875 0.509375 0.51875 0.5355505890625001 0.52063086875 0.539880434375 0.5262417796875 0.5413481765625 0.5200959921874999 0.553515509375 0.51875 0.56143126875 0.51875 0.7731792828125 0.5229172109375 0.7766833999999999 0.51875 0.7796009703125 0.51875 0.8026426703125 0.53391900625 0.7973963234375001 0.5426381375 0.7880771453125 0.5486506656250001 0.8051649390625 0.542583590625 0.8183678625 0.5464163359375 0.8377854515625 0.54993423125 0.8530606828125 0.5603224375 0.8863730921874999 0.5858278109375 0.9221899640625001 0.5689405328125 0.9480774499999999 0.5557044078125 0.9599850359375001 0.5373215921875001 0.9661963171875 0.518876175 0.9922562093749999 0.5437276828125001 0.9884620609375 0.5748824031249999 0.9745717562500001 0.596373440625 0.9575735562500001 0.617164121875 0.9416971484375001 0.6321319234375 0.952572534375 0.6492007921875 0.9600825359375001 0.6545049078125 0.9678500234375 0.6439208421875 0.9836413562499999 0.644648921875 1 1 1