0 0.5553648625000001 0.17326656093749998 0.56289548125 0.17308503749999998 0.5589705 0.1648192328125 0.55528025 0.1547562546875 0.556101821875 0.1484661390625 0.543472546875 0.149367740625 0.5393551343749999 0.15215426875 0.5342987859375 0.162129496875 0.5402613203125 0.16437445781249999 0.5518342875 0.1715601484375 0.5553648625000001 0.17326656093749998
0 0.5015996953124999 0.31668961875 0.51187206875 0.30509572500000004 0.49763240625 0.2991686609375 0.4854725984375 0.29647591093750003 0.4815148625 0.307619003125 0.48787180625 0.31642335625 0.49905036562499994 0.3170496546875 0.5015996953124999 0.31668961875
0 0.507537659375 0.1275413984375 0.51004468125 0.11792620625000001 0.5100023734375 0.108671053125 0.4945467296875 0.10247471562499999 0.4822695546875 0.1006805515625 0.47964516718750005 0.11119433281249999 0.48635421250000005 0.1173029203125 0.493180628125 0.122512921875 0.5051056984375 0.1270028484375 0.507537659375 0.1275413984375
0 0.485536734375 0.018191998437500002 0.4855790390625 0.0274471515625 0.49107210625000003 0.033286465625 0.4980158890625 0.0375978796875 0.49923186875000003 0.037867153125000004 0.5133118578125 0.0354376515625 0.52201615 0.026270248437499998 0.518208534375 0.0171058578125 0.5099314046875 0.013423757812500001 0.49875284531249997 0.01279745625 0.48965414531249996 0.015405471875000002 0.485536734375 0.018191998437500002
0 0.41354140937499995 0.1862399765625 0.42460260156249996 0.1877648625 0.4283679125 0.1876741 0.4298186265625 0.1861461984375 0.43197354375 0.179226771875 0.42816593125 0.17006238125 0.4172221078125 0.1676389078125 0.40749425937500006 0.16548470625 0.40337685 0.16827123125000001 0.4058511171875 0.1780649359375 0.41354140937499995 0.1862399765625
0 0.39566335937499997 0.20816913593750003 0.39683703124999997 0.1991832578125 0.39122659843749996 0.19424253125 0.3829494703125 0.1905604296875 0.3778508125 0.1912805046875 0.365573640625 0.18948634375 0.36416523125 0.200269396875 0.3690714625 0.21060165 0.38487920781249996 0.21410222499999998 0.3898604984375 0.21428073749999998 0.39566335937499997 0.20816913593750003
0 0.3451230609375 0.2598484828125 0.3490057359375 0.2588591328125 0.3535926171875 0.2524782546875 0.35100098125 0.2435831390625 0.336366909375 0.23109668593750002 0.3251883484375 0.2304703859375 0.31926812031249996 0.23748057656250002 0.32260626875 0.25023931875 0.3304139265625 0.25751577187499997 0.3451230609375 0.2598484828125
0 0.2342955125 0.30372488125 0.24112192812500002 0.308934884375 0.2503379953125 0.3054282828125 0.253356790625 0.3014738921875 0.2553943453125 0.29545305312500003 0.247586684375 0.2881766 0.234563 0.2825188109375 0.227544159375 0.2883611390625 0.225976075 0.2907876265625 0.2296663234375 0.30085060625 0.2342955125 0.30372488125
0 0.23078950781250002 0.4934116515625 0.22980826406250002 0.4913451984375 0.22399584843749998 0.46879275624999994 0.230427853125 0.46744336718749996 0.235366834375 0.45836672500000003 0.2306953390625 0.44623729687499997 0.2136716125 0.44246744531250004 0.2064180359375 0.4501069484375 0.20889230468750003 0.45990065312499995 0.20795336718750002 0.46708935625 0.21262486093750002 0.479218784375 0.2158456390625 0.49287611406250004 0.23078950781250002 0.4934116515625
0 0.11929459843750001 0.41786964375 0.13262807968749998 0.41157651562500003 0.127210071875 0.395583459375 0.112383571875 0.3941493375 0.10356191249999999 0.404215328125 0.103017384375 0.41796342031249994 0.11929459843750001 0.41786964375
0 0.086782475 0.4273123484375 0.095496321875 0.4468089953125 0.115388725 0.46693193749999995 0.11844983125 0.47223270156249997 0.12224789218750001 0.45273304375 0.1138861484375 0.43054063593749997 0.10933202187499999 0.4175126203125 0.10014870625000001 0.401610328125 0.0832423453125 0.3969418890625 0.0801484890625 0.41105001874999997 0.086782475 0.4273123484375
0 0.075936909375 0.366662190625 0.0786882203125 0.3839138734375 0.0892799421875 0.3890331109375 0.09653351875 0.3813936078125 0.099392640625 0.369082653125 0.0943690453125 0.3596489875 0.09020932499999999 0.353180359375 0.09726092187499999 0.3279291390625 0.0861997296875 0.32640425 0.07746268437500001 0.35498054843750004 0.075936909375 0.366662190625
1 0 0 0 0.2856338984375 0.0121750375 0.28967099375 0.023353596875 0.2902972921875 0.025668189062500003 0.291734428125 0.0280250921875 0.3024267203125 0.0394806921875 0.31051099843749996 0.0491334765625 0.3228189390625 0.068119696875 0.330721690625 0.078434375 0.32838295 0.0822747453125 0.3181384484375 0.0928241625 0.3140025328125 0.11125629687500001 0.30698932968750003 0.10305422812500001 0.2931534859375 0.09003054218749999 0.2874956984375 0.07798810625 0.283904359375 0.090222971875 0.27644336875 0.13016745624999998 0.3250458203125 0.1566515390625 0.35217594218750004 0.14843991875 0.309676053125 0.13235512968750002 0.2987175 0.128312778125 0.2913502859375 0.14568860781249998 0.29242437187500003 0.16989085312500002 0.298708459375 0.1878535171875 0.2952896078125 0.2118960859375 0.2932171296875 0.23056295625 0.28440675 0.24569925312500002 0.2738899578125 0.257070240625 0.263463928125 0.26577453281249996 0.2542965234375 0.25988705625 0.2418978203125 0.2766337421875 0.23820969375 0.2798545203125 0.251867021875 0.2875448125 0.2600420625 0.300056721875 0.26003905 0.29515048906249997 0.2497067953125 0.29307063437499997 0.2464724828125 0.3030332109375 0.24682950468749998 0.32013199999999997 0.24044561406249998 0.3148313609375 0.223553971875 0.30470910625 0.21484038125 0.306117515625 0.204057328125 0.3186294234375 0.204054315625 0.333455925 0.20548843906249997 0.3492636703125 0.20898901250000002 0.3498082 0.195240921875 0.3543527734375 0.1796048890625 0.36431535312499996 0.179961915625 0.3687425578125 0.165224471875 0.3841135890625 0.152910503125 0.3896817171875 0.1485960765625 0.4084331984375 0.158296003125 0.4175318984375 0.1556879890625 0.42254594375 0.1364576078125 0.4098743625 0.12810405625000001 0.411677178125 0.123880390625 0.42725019218750004 0.12917814218749998 0.4294051109375 0.1222587140625 0.424733615625 0.110129284375 0.4181419359375 0.10312210937499999 0.41978507968749995 0.090541878125 0.4243296515625 0.074905846875 0.41746092968750004 0.060440693749999996 0.434794453125 0.052259626562499994 0.44204803125 0.0446201234375 0.43894461875 0.030064204687500002 0.43537173593749995 0.0191026390625 0.429761303125 0.0141619109375 0.43322725 0 0 0
0 0.9696885171874999 0.56875 0.9710076578125 0.5683406375 0.96596734375 0.549934859375 0.9558310328124999 0.5461184218749999 0.9464290203125 0.5448222687500001 0.9412970625 0.5515447296875 0.941867796875 0.5634594921875 0.9481945078124999 0.56875 0.9696885171874999 0.56875
0 0.794356528125 0.504073275 0.796695140625 0.5187372046875 0.807765271875 0.5235463234375 0.8249011812500001 0.5226256671875 0.8251645078125 0.5124673875 0.8197611031250001 0.5049836859375 0.8109576640625 0.499104734375 0.7994884843750001 0.4973508125 0.794356528125 0.504073275
0 1 0.38509044062500003 0.99914873125 0.37731357499999996 0.9909438640625 0.366851825 0.975304390625 0.35631548749999997 0.9664371468749999 0.359067215625 0.972973896875 0.366016 0.9761106093749999 0.37456953125000003 0.9821485453125 0.38533731250000003 1 0.3861676265625 1 0.38509044062500003
0 0.95871485 0.2960575859375 0.9698847453124999 0.30010290624999997 0.9848177640625 0.29162140000000003 0.9899497203125 0.28489893906249997 0.9796138859375001 0.2826101015625 0.966376825 0.2781070125 0.9563762375 0.28139365625 0.95871485 0.2960575859375
0 0.8248362140625 0.327710140625 0.834373953125 0.33610937500000004 0.846976478125 0.33732838125 0.85260724375 0.3267869203125 0.852371759375 0.320447640625 0.8467688328125 0.3144915390625 0.830031971875 0.3123569984375 0.8214999781250001 0.3206842078125 0.8248362140625 0.327710140625
0 0.8513056921875 0.22276099375 0.8416043921874999 0.2237562375 0.8362729109375 0.23200629843749998 0.8425103734375 0.24124648125 0.8586486593749999 0.2479638203125 0.866582078125 0.244219409375 0.870480928125 0.23879566406250002 0.8689125734375001 0.2345188984375 0.8642434671875 0.22955548124999997 0.8513056921875 0.22276099375
1 0.5796875 0 0.5796875 0.4467549015625 0.5807678421875 0.44577225781249996 0.5909760734375 0.4653224546875 0.6041412109375 0.45409178125 0.5979037500000001 0.44485159999999996 0.610506275 0.4460706046875 0.6326824984374999 0.4635557265625 0.657516340625 0.4525513765625 0.6405080359374999 0.4362106734375 0.6392030046875 0.42177562812499997 0.64383615 0.418872165625 0.6686421546875 0.424365375 0.6821785015625 0.426577065625 0.709877609375 0.40992008437500005 0.7043384828125 0.3953333046875 0.71767530625 0.3990725921875 0.72301490625 0.41518697343750005 0.7404860640625 0.419841796875 0.7493173421874999 0.40922318906250005 0.742608909375 0.38730444375 0.732137353125 0.377912525 0.7353019046875 0.3699684953125 0.745402253125 0.36591805312500003 0.74699845 0.3536972578125 0.7489936937499999 0.33842126562499997 0.7462560328125 0.326812534375 0.7457850609375 0.3141339734375 0.775060646875 0.32611819999999997 0.7626495234374999 0.2990071546875 0.760111384375 0.2858708234375 0.76160781875 0.2744138296875 0.7759701031249999 0.2540175609375 0.7698324046875 0.244013578125 0.7865971046875 0.229650559375 0.7911942875 0.21888021562499999 0.7788550875 0.2075029296875 0.77361525 0.19062475 0.7696085171875 0.17244785468749999 0.768602775 0.1557214109375 0.7497627859375 0.14526222187499999 0.7444591453125 0.1370147234375 0.745185321875 0.11517056562500001 0.7410788296875 0.09775746874999999 0.7367728109375 0.0818719734375 0.7222307203125 0.0629338390625 0.711922725 0.044147442187500004 0.6948146562499999 0.0285705390625 0.6753401343750001 0.01482726875 0.672003896875 0.007801335937499999 0.6710945359375 0 0.5796875 0
0 0.1567236890625 0.7478597890625001 0.16229065468749998 0.7459490093750001 0.167522375 0.7384627484374999 0.1651199609375 0.7324295000000001 0.15341529375000001 0.724336296875 0.14317922031250002 0.7212836593749999 0.14041371875 0.7261724890625001 0.1353815234375 0.7321311515625 0.1386179984375 0.7399208828124999 0.1437221140625 0.7496959828125 0.1567236890625 0.7478597890625001
0 0.10460950625000001 0.7316039203125 0.1142470046875 0.7392393546875 0.118616825 0.746494171875 0.12485428750000001 0.755734353125 0.140729246875 0.7726099718749999 0.14639597499999998 0.7699353921875 0.1385541984375 0.7485515640625 0.1354174859375 0.7399980312500001 0.1326798234375 0.7283893015625 0.1282740421875 0.7132676046875 0.12283467968749999 0.697917025 0.108500234375 0.7018157328125 0.1071673640625 0.7038782484375 0.10626950312500001 0.71075244375 0.1048728328125 0.721445640625 0.10460950625000001 0.7316039203125
0 0.198822209375 0.9222196281249999 0.1984869609375 0.916644146875 0.1970821703125 0.9029729 0.18824276874999998 0.88922706875 0.17514143124999998 0.891827059375 0.17134234375 0.8964870078124999 0.172982621875 0.9164975328124999 0.1838891921875 0.930701134375 0.18062487656249998 0.9394089609374999 0.1821653921875 0.9601832874999999 0.199037975 0.969420909375 0.20086153593749997 0.9391749562499999 0.198822209375 0.9222196281249999
0 0.24950259375 0.73775560625 0.24083487812499998 0.738979734375 0.23860414687499998 0.7479164468749999 0.24804212187500002 0.75707948125 0.258713203125 0.7649438 0.2683147421875 0.76471235625 0.2702461859375 0.7580670421875 0.2649425453125 0.7498195421875 0.2563386296875 0.742412990625 0.24950259375 0.73775560625
0 0.297306115625 0.62417065625 0.289636021875 0.6177567875000001 0.27880137656250004 0.6192869484375 0.2724363125 0.627308125 0.2714386890625 0.6349461234375 0.275808509375 0.6422009390625 0.2833428796875 0.6415117265625 0.2911765359375 0.6385311140625001 0.29620873125 0.632572453125 0.297306115625 0.62417065625
0 0.3760057796875 0.5834424609375 0.3691697453125 0.5787850765625 0.3570660296875 0.573747071875 0.3504654796875 0.5754289671875 0.347300928125 0.583372996875 0.3553062703125 0.595362346875 0.3634751765625 0.5979572156249999 0.371308834375 0.5949766046875 0.3737750484375 0.592379171875 0.3765405515625 0.5874903437500001 0.3760057796875 0.5834424609375
0 0.54378966875 0.6504615515625 0.5468544578125 0.6432813234375 0.54755279375 0.6379347265625 0.5441167953125 0.6316725937500001 0.53821458125 0.628007890625 0.5267454015624999 0.6262539703125001 0.5239798999999999 0.6311428 0.5199812890625 0.6373303453125 0.519382715625 0.64191314375 0.527052809375 0.6483270109375 0.5372888812500001 0.6513796484375 0.54378966875 0.6504615515625
0 0.8608543125000001 0.63911694375 0.8650246062499999 0.647899359375 0.8744266203125001 0.6491955125000001 0.88782724375 0.6443041203125001 0.89162633125 0.639644175 0.883856475 0.6339941062500001 0.8791873671874999 0.6290306890624999 0.8720520468749999 0.6266647046875 0.863384328125 0.6278888328125001 0.8608543125000001 0.63911694375
0 0.8855779171875 0.56875 0.8881381296875 0.57678628125 0.8948744015625 0.582207465625 0.9000423203124999 0.5833518843750001 0.9092088468749999 0.5783087578125 0.9129371593750001 0.56875 0.8855779171875 0.56875
0 0.5866124921875 0.75206903125 0.5922154203125001 0.7580251312499999 0.6008831359375 0.756801003125 0.6057158078125 0.7523699390624999 0.6034131546875 0.7455728921875 0.6017450359375001 0.7420599250000001 0.590874428125 0.73572320625 0.5846091265625 0.7429805843749999 0.5866124921875 0.75206903125
0 0.71766646875 0.847891309375 0.714130709375 0.8423929765625001 0.7064606140625 0.8359791078125 0.689823515625 0.8330807671875 0.6684535125 0.833849690625 0.67576051875 0.8511856375000001 0.6856973046875 0.856529675 0.70470085625 0.8575943828125 0.71766646875 0.847891309375