0 0.5296875 0.5516039593750001 0.519722528125 0.553137053125 0.5146643281250001 0.5597244421875 0.51357126875 0.56710160625 0.515150421875 0.5795268984375 0.5223009953125 0.581156415625 0.5270458375 0.5818962265625001 0.5296875 0.58318911875 0.5296875 0.5516039593750001
0 0.44987732343750003 0.477234640625 0.45858730468750003 0.4787642265625 0.46714429687500003 0.46568938125 0.46282630625000004 0.4471763578125 0.44937148281250006 0.4449069609375 0.44451314531249997 0.4546131640625 0.445512459375 0.470207234375 0.44987732343750003 0.477234640625
0 0.425721271875 0.4057114484375 0.4212897875 0.39764444062500004 0.4095276109375 0.3973543203125 0.40798795312499997 0.409979475 0.41333238281250007 0.42007572812499994 0.42041633593750005 0.42066564062499995 0.42632085937499997 0.41506789062499994 0.425721271875 0.4057114484375
0 0.2692426046875 0.3217903984375 0.27657329375 0.31401350781250004 0.272255303125 0.295500484375 0.2626323765625 0.2919416546875 0.2494440375 0.29383067500000004 0.24621172812499997 0.3044765515625 0.256567484375 0.31947103593750004 0.2692426046875 0.3217903984375
0 0.2899465296875 0.05845125625000001 0.30270801718749996 0.074335446875 0.283188303125 0.0995954296875 0.30916525625 0.08957975781250001 0.3207941875 0.08779066875 0.32170713281249996 0.0898199125 0.335142209375 0.0795640875 0.33712846875 0.061690943750000005 0.3294449265625 0.05174458750000001 0.3127577953125 0.060121065625000004 0.3028215125 0.063889434375 0.2899465296875 0.05845125625000001
1 0.5296875 0 0.3714183140625 0 0.37585454218750003 0.018498178125 0.37139593125000003 0.034442009375 0.3681167484375 0.056573503125 0.354881534375 0.06994814218749999 0.36354464062499997 0.0829633453125 0.35634719375 0.09281944375 0.34779020312500003 0.105894290625 0.346583646875 0.12371746875 0.3518145828125 0.14425973593750002 0.371107309375 0.139891778125 0.371346665625 0.1680610390625 0.3681341046875 0.1912321375 0.37185250625 0.2003887171875 0.35599195156249996 0.1972296109375 0.3556983421875 0.2170820328125 0.3260893546875 0.23150595156249998 0.333726021875 0.252937925 0.33817725468750004 0.27353015625 0.35577733125 0.2671829234375 0.3637544828125 0.2572768578125 0.3779223875 0.25845668437499997 0.35261164375 0.278868403125 0.32841370625 0.304428178125 0.31446541093749997 0.3188923890625 0.2789518984375 0.3389140546875 0.286302334375 0.3436623890625 0.30695460625000004 0.3360756875 0.2932259203125 0.3661839328125 0.298237246875 0.3710821625 0.3197629671875 0.3404742609375 0.337743021875 0.32783943125000004 0.3448738484375 0.316943728125 0.36381372500000003 0.294852525 0.3831533234375 0.27899894999999997 0.393802690625 0.2741410140625 0.40024018124999994 0.27686010156249996 0.39422216250000003 0.2929038640625 0.39203604062499997 0.3076581921875 0.3999194453125 0.3207233640625 0.4034108578125 0.35077196875 0.42035709375 0.383089971875 0.4355440609375 0.41238909531249995 0.41731726875 0.43339072500000003 0.3843896046875 0.4448956921875 0.369994709375 0.46460789062499996 0.3867015875 0.4687566375 0.40490125312499997 0.4717658453125 0.420475578125 0.45824130781249994 0.44014828125000005 0.4475857578125 0.45721539218749996 0.43292168750000004 0.4716966546875 0.426774315625 0.4813393296875 0.44285836874999995 0.49635355781249996 0.445027834375 0.50495004375 0.4570034359375 0.49516675 0.475376234375 0.5046959296875 0.5019063015625 0.513159175 0.5118026921875 0.5275071953125 0.5035761125 0.5296875 0.504318890625 0.5296875 0
0 0.6970587640625 0.5617667171875 0.6885288984375 0.5508307203125 0.6839370453125 0.5646953421875 0.6761597578125 0.5777202203125 0.6835299406249999 0.5949937750000001 0.690034053125 0.5987524703125 0.698211065625 0.59196521875 0.7008437875 0.5719629 0.7027165515625 0.5645357718749999 0.6970587640625 0.5617667171875
0 0.6620139890625 0.46693220625 0.6647059515625 0.4845055546875 0.6727028500000001 0.4871247109375 0.681526325 0.47820828593750003 0.6807934953125 0.466772634375 0.672396871875 0.45791584687500003 0.6620139890625 0.46693220625
0 0.6617844015625 0.2800934703125 0.6512682765625 0.28703061875 0.6463630671875 0.308222440625 0.6539602390625 0.30460396875 0.666435496875 0.3038045171875 0.6712938328125 0.294098315625 0.667308946875 0.2807833171875 0.6617844015625 0.2800934703125
0 0.7371738984375 0.3692109515625 0.739152778125 0.387873871875 0.751628034375 0.387074421875 0.7596051859375 0.37716835625 0.7579594109375 0.3637034609375 0.7459307531249999 0.35925492187499997 0.7371738984375 0.3692109515625
0 0.8605324171875001 0.42498209375 0.8520420453125 0.43909654531250003 0.8622843078125 0.4645370390625 0.8683886953125001 0.4620581046875 0.8731804109375 0.451312296875 0.8743869656250001 0.43348912031250003 0.8706685640625 0.42433254062500003 0.8605324171875001 0.42498209375
1 1 0 0.5606247859375 0 0.5618612640625 0.0036069828125000003 0.5646198484375 0.022219937500000002 0.5667122234375 0.030436843749999998 0.541475478125 0.015352101562500001 0.550738171875 0.03772375 0.5463461828125 0.0547071875 0.5462326875 0.0651531984375 0.5358966796875 0.0626839375 0.5296875 0.06466588749999999 0.5296875 0.0993067671875 0.5425735281249999 0.0935722859375 0.5554287625 0.086485240625 0.5647852046875 0.085885653125 0.552196453125 0.09713111875 0.553442503125 0.10435838593749999 0.5447522703125001 0.1153540203125 0.5363285203125 0.130508075 0.5319365281249999 0.1474915109375 0.544858384375 0.1414440703125 0.557380515625 0.129159003125 0.5679163875000001 0.1347470765625 0.585316603125 0.125281028125 0.5883687953125001 0.12404156250000001 0.5921538171874999 0.1342377453125 0.5908337687499999 0.1625069359375 0.599763359375 0.1796805609375 0.61025235625 0.19675425156249998 0.6174893 0.21194859843749997 0.62719859375 0.22907225625 0.635728459375 0.2400082515625 0.6251457125 0.24590579531249998 0.62109420625 0.23155119218750003 0.6056802515624999 0.22314409687499998 0.5991490125000001 0.24339624375 0.603713740625 0.2535424625 0.6117772593749999 0.25720122500000003 0.5997683484375 0.2652779078125 0.5896519484375 0.27845268437500004 0.5780427640625 0.292766996875 0.5544246671875 0.31515799375000003 0.609164284375 0.289728765625 0.6292835890624999 0.273825225 0.645723984375 0.2738155515625 0.6592256796875 0.26459933125 0.6784049125 0.2706773890625 0.690700053125 0.2792843453125 0.6984970890625 0.278784690625 0.7030149421875 0.3004165265625 0.7083125 0.3219983984375 0.7160157875 0.3444699765625 0.726351796875 0.3469392375 0.7314099953125 0.3403518484375 0.7345756828125 0.3286663671875 0.7470706874999999 0.3403921390625 0.7553340687500001 0.3471697171875 0.7604120171875 0.3531075515625 0.7767191703125 0.351018665625 0.792599471875 0.3667029953125 0.7967644734375 0.3706115859375 0.8163903046875 0.371441653125 0.8336770234374999 0.3724216171875 0.8503172828124999 0.3755307578125 0.8518766890624999 0.37543082656250004 0.8858702890625001 0.38055953593749997 0.8874296953125 0.3804596046875 0.9100410999999999 0.37901060000000003 0.9193975421874999 0.37841101093749996 0.943568353125 0.37686207656250004 0.9516516187499999 0.393046059375 0.9477062265625001 0.4047815078125 0.9551430312499999 0.42309466562500003 0.9671716890625 0.42754320625000003 0.9704706187500001 0.41793693281250005 1 0.4207036640625 1 0.377290825 0.9973678984374998 0.3734144453125 0.9916237421874999 0.35708056250000003 1 0.3543724078125 1 0
0 0.44176764999999996 0.9953071890625 0.4433073109375 0.982682034375 0.4308123078125 0.9709562625 0.4208094015625 0.9736850265625 0.417443853125 0.9822516921875 0.4245475515625 0.995366828125 0.44176764999999996 0.9953071890625
0 0.36901087499999996 0.8861873875 0.36386630625 0.8792099499999999 0.35464310625 0.8818887468749999 0.3480921203125 0.8896156703125 0.3451262953125 0.904419965625 0.354549359375 0.9048599828124999 0.358914221875 0.9118873875 0.3655318296875 0.9052000687499999 0.369810325 0.8986626453125 0.36901087499999996 0.8861873875
0 0.31778480937500003 0.8320570343749999 0.3121270203125 0.8292879796875001 0.30219073750000003 0.8330563484375 0.3084481125 0.84518184375 0.30813475625 0.8525090437499999 0.31385916406250003 0.8563177015625 0.32132309531250003 0.8506200234375001 0.32170307343750004 0.8443324296875 0.31778480937500003 0.8320570343749999
0 0.1601267125 0.7419483203125 0.16493817500000002 0.7437277359375 0.1747609640625 0.75040538125 0.182538253125 0.7373805 0.18153893906250002 0.7217864296875 0.1718493921875 0.71718799375 0.161266646875 0.7230855390625 0.1586141796875 0.7305626328125 0.1601267125 0.7419483203125
1 0.5296875 0.6296875 0.2658144765625 0.6296875 0.264382390625 0.6340115328125 0.23797858437500002 0.6618004187500001 0.2197517921875 0.6828020484375 0.239910590625 0.6919489546875 0.25492482031249997 0.6941184203125 0.255724271875 0.7065936781250001 0.2380773203125 0.7244265296875 0.22693448125 0.7460180765625 0.208821184375 0.75657369375 0.200084078125 0.7790549484375 0.1895137 0.8340137765625 0.21360552031250002 0.78236395 0.22760069062500002 0.7564141234375 0.2467404265625 0.737441734375 0.2792683671875 0.7196991390624999 0.2933227796875 0.7313249796875001 0.29697456093749997 0.73944195625 0.2978135046875 0.7769676578125 0.31620565312500004 0.8196317437499999 0.32916700468750004 0.838634746875 0.3261345578125 0.8523994375000001 0.27130119375 0.9007999015625 0.30235609375 0.8967220656249999 0.3226950078125 0.8964625625 0.333191384375 0.877000190625 0.3526642265625 0.8632258281249999 0.37222343593749996 0.863016290625 0.3867910671875 0.870433746875 0.397593421875 0.8801802406250001 0.4092889765625 0.8794307546875 0.41191431874999995 0.8959644984375 0.39614013125 0.9063702203125 0.400657984375 0.9280020562499999 0.41161332812499996 0.9523529828124999 0.43199911562500004 0.9406078640625001 0.44044261249999994 0.9379790296875001 0.45253789062500005 0.9434671734375 0.4642334453125 0.9427176875000001 0.4616007234375 0.9627200078125 0.46986410625 0.9694975843750001 0.4872840671875 0.9725567578125001 0.5104753125 0.9679389734375 0.528874840625 0.9740669953125 0.5296875 0.9740940328125 0.5296875 0.6296875
1 1 1 1 0.6296875 0.5296875 0.6296875 0.5296875 0.727026528125 0.5330243718750001 0.7416221859375 0.54897129375 0.7583461218750001 0.5488109265625 0.7802777515625 0.5296875 0.79688428125 0.5296875 0.8374679109375001 0.5405130390624999 0.834047078125 0.5517422453124999 0.826020359375 0.5529414218750001 0.8447332453125 0.558525209375 0.8829987578124999 0.5803100359375 0.8930853359375 0.5952107703125 0.9057008171875001 0.61529556875 0.9503441796875001 0.6319284484375001 0.98998938125 0.6478556234375 0.9941880921875 0.646792128125 1 1 1