0 0.26777183125000004 0.509375 0.26821172187500003 0.505001346875 0.262780428125 0.496335190625 0.2525974453125 0.4967252203125 0.24314264687499998 0.506521184375 0.2432907421875 0.509375 0.26777183125000004 0.509375
1 0.5796875 0 0.029518065625 0 0.028457818750000002 0.2459680703125 0.0313573421875 0.29121449843749997 0.034495515625 0.295616190625 0.0399693171875 0.29700548437499996 0.048568403125 0.29963418124999996 0.0509108484375 0.3008236234375 0.0618523796875 0.3046417640625 0.06887364375 0.309249640625 0.079778740625 0.3193050921875 0.0859625109375 0.333218971875 0.0968554625 0.34535352812500003 0.12022526250000001 0.36660390781249996 0.1475092578125 0.38810410625 0.15769223906250002 0.38771407343750003 0.1811774171875 0.38921296875 0.1958995484375 0.41615106874999996 0.2107006234375 0.4295749921875 0.22717061093750002 0.42542645625000003 0.23805141875000002 0.43964011562499994 0.266191121875 0.448715653125 0.2809982703125 0.4611000234375 0.29670363593750004 0.45378287031250003 0.303822059375 0.44175791562500005 0.320279903125 0.4396884859375 0.3430004578125 0.4380187609375 0.361843253125 0.429861909375 0.3806253234375 0.4321005765625 0.38611734375 0.4303712125 0.396294253125 0.431020734375 0.415834871875 0.4374675734375 0.437044403125 0.4263419546875 0.44168678437500003 0.43599770156249995 0.44947874218750006 0.44273464531249995 0.45334435781250004 0.451300875 0.46586978593749995 0.45210028593749996 0.4713800234375 0.4472522671875 0.4753853078125 0.4319088046875 0.4731339515625 0.4151260828125 0.47867455156250005 0.4050803046875 0.4850040640625 0.3940449390625 0.48663046874999993 0.3837493453125 0.4977177421875 0.3626182375 0.51424845625 0.34807418437500004 0.5227503812500001 0.3673357140625 0.5345051140625 0.3660060578125 0.54010036875 0.3466043125 0.5362408249999999 0.336998528125 0.5277449734374999 0.3166974484375 0.5387715203125001 0.305961859375 0.5341655734375 0.29006880156250003 0.5499134453125001 0.275474784375 0.5632156421875 0.277363709375 0.5680159109375 0.25999110625 0.5796875 0.2397418140625 0.5796875 0
0 0.11606209062499999 0.4089757234375 0.1239390625 0.4011589375 0.1279079125 0.3920527859375 0.1287271875 0.3858654375 0.127204015625 0.37848865 0.1170513953125 0.37368091875 0.1076998328125 0.3658044984375 0.099100746875 0.3631758015625 0.102972434375 0.3707024796875 0.10053282968749999 0.3861458703125 0.10199527343749999 0.4039181796875 0.11606209062499999 0.4089757234375
1 0.5796875 0.509375 1 0.509375 1 0 0.5796875 0 0.5796875 0.509375
0 0.08769326250000001 0.9844647015625 0.093955975 0.9848644078125 0.09712984218750001 0.977787396875 0.0963955828125 0.9694210171875 0.09253603906249999 0.9598152343749999 0.0784145703125 0.9641136593749999 0.0721093484375 0.970990815625 0.0720668390625 0.9782676796875001 0.0798648703125 0.983965071875 0.08769326250000001 0.9844647015625
0 0.07216032812499999 1 0.070397928125 0.9958401359375 0.058758573437499996 0.97741830625 0.051773745312499994 0.9665731187500001 0.0385140578125 0.9574073296875 0.039230100000000004 0.9688923640624999 0.046214928125 0.9797375515625 0.053964376562500006 0.9937513593750001 0.0584193265625 1 0.07216032812499999 1
0 0.1628220625 0.8592672046875001 0.14955023125 0.8521805203125 0.1401622328125 0.850541409375 0.139318665625 0.8608869671875 0.140835765625 0.869303309375 0.146267059375 0.8779694671874999 0.155667203125 0.8775294734375001 0.16352595781249998 0.8728313453125001 0.1628220625 0.8592672046875001
0 0.199906990625 0.8117169796875 0.1960231578125 0.8062694046875001 0.1897968796875 0.7996323859375 0.181167428125 0.8022014484375 0.18111884843749998 0.8105178640625 0.183376278125 0.8262610312499999 0.191192525 0.8288397671875 0.1967088359375 0.822952196875 0.199906990625 0.8117169796875
0 0.18176201875 0.834477521875 0.177156071875 0.8185844624999999 0.1654195546875 0.816795465625 0.15834363906249999 0.82154355625 0.1535737328125 0.8337184015625001 0.1629252953125 0.8415948234374999 0.1746435953125 0.8465024765625 0.20115689531249997 0.8658736078124999 0.18176201875 0.834477521875
0 0.21604905937500002 0.86370425 0.20518039843749997 0.8474114890625 0.196587384375 0.8437432375 0.191077146875 0.8485912546875 0.198068046875 0.858396890625 0.20661247968750002 0.8703815562500001 0.21913790781250003 0.8711809671875 0.21604905937500002 0.86370425
0 0.25897769375 0.8882828140625 0.2567384828125 0.869420990625 0.24663444218750002 0.8562968453125 0.238751396875 0.86515318125 0.2410149 0.8798568 0.2479632921875 0.8969392984375 0.258844096875 0.9111529578125002 0.26590179687500004 0.909523521875 0.25897769375 0.8882828140625
0 0.3423113859375 0.699132728125 0.33920432031250003 0.6947746671875 0.3314002171875 0.690116828125 0.3227100421875 0.7030814078125001 0.3281170453125 0.7159057734375001 0.33747468281250004 0.72274264375 0.34610413125 0.7201735828125 0.350079053125 0.7100278796875 0.3423113859375 0.699132728125
0 0.25700012499999997 0.690568090625 0.2608778859375 0.6970552171875 0.2671406015625 0.697454921875 0.275005428125 0.691717240625 0.27195908750000003 0.6769636625000001 0.25945795 0.67200604375 0.25700012499999997 0.690568090625
0 0.25707299687499996 0.6780934656250001 0.25163562968750003 0.6704668609375 0.244584003125 0.67105674375 0.23590597343750003 0.6819422203125 0.235839175 0.69337729375 0.24673819843749997 0.7044722953125 0.250646321875 0.7057616624999999 0.25460910000000003 0.6976950640624999 0.25707299687499996 0.6780934656250001
1 0 0.509375 0 0.9499781078125 0.0072612140625 0.945013284375 0.018214890625 0.9467523203125001 0.023755490625 0.9367065421875 0.046561064062500004 0.9204830906249999 0.05741150625 0.9398945093750001 0.05826114375 0.9285094015625 0.04975921875 0.909247871875 0.0583886671875 0.9066788109375 0.07012518281249999 0.9084678078125 0.07488901718749999 0.897332515625 0.082765990625 0.8895157328125001 0.0858609125 0.895952896875 0.08422236250000001 0.9083275937499999 0.0943749828125 0.913135321875 0.11398847187500001 0.9071075375 0.1140431265625 0.8977515703125001 0.10792008125000001 0.8734421687499999 0.1017423828125 0.8584887375000001 0.10494661093749999 0.8462139656250001 0.1159185046875 0.844834346875 0.1199420078125 0.8263722265624999 0.1324613640625 0.8282111875 0.1387726578125 0.820294478125 0.1513041578125 0.8200543359375001 0.1607771734375 0.80713971875 0.1717612125 0.8036809937499999 0.1868112625 0.7744832875000001 0.19318328437500001 0.7561710578125 0.1949615015625 0.7198866640625 0.20203741874999998 0.7151385734375 0.20606092031249998 0.696676453125 0.199834640625 0.6900394375000001 0.20383385468749998 0.675735525 0.2085430359375 0.6739562 0.21708746875 0.6859408671875 0.2327867609375 0.6796632640625 0.23367890781249998 0.6610012921874999 0.2461861171875 0.664919359375 0.25643589843750003 0.6530942546875 0.2525945734375 0.6403698171875 0.23935310312500002 0.628085371875 0.22927335468750001 0.6108030203125 0.23954742499999998 0.5948197078125 0.234201146875 0.5715998250000001 0.2146908921875 0.5599552265625001 0.2179072640625 0.5456013515625 0.2257113671875 0.5502591906250001 0.2336126296875 0.5382841984375 0.2290370453125 0.51719338125 0.22736207656250002 0.509375 0 0.509375
0 0.8386638578125 1 0.8432850109375 0.9975759390625001 0.8442774406249999 0.985404696875 0.8388301015625 0.9715989890625 0.8295987953124999 0.9746801953125 0.82310901875 0.9816067468749999 0.8230304328125 0.995059771875 0.827883396875 1 0.8386638578125 1
0 0.9846188125000002 0.6187600109375 0.9938286859375001 0.6193478140625001 0.9884170687499999 0.599427096875 0.9737027046875 0.5948176078125 0.96172986875 0.5940534656249999 0.9708468671875 0.6105402953125 0.9781861890625001 0.615902546875 0.9846188125000002 0.6187600109375
0 0.6391044390625 0.936829653125 0.63073696875 0.9497536562499999 0.6306655265625001 0.9619836796874999 0.6370838609375 0.9672871531249999 0.6500134046875 0.961995059375 0.6510486984374999 0.9424858031250001 0.6391044390625 0.936829653125
0 0.8268364484375 0.8166777765625 0.8241377828124999 0.805494415625 0.8140140671874999 0.80362483125 0.8029264968750001 0.80903448125 0.805596584375 0.8251098515624999 0.8212390812500001 0.8285551171875 0.8268364484375 0.8166777765625
0 0.742805128125 0.8492418562499999 0.7445685156249999 0.8628124390625 0.749144875 0.86799835 0.7648088046875 0.8677746109375001 0.766722221875 0.8556621468750001 0.76583695625 0.8494883546875001 0.7621958703125 0.84191521875 0.750208746875 0.8435970828125001 0.742805128125 0.8492418562499999
0 0.7204799609375 0.8857442015625001 0.7305608109375 0.8949518 0.7379287125 0.8954220421875 0.7407202515625 0.8907063734375 0.7371005984375 0.8794642312500001 0.7334595140625 0.8718910953125001 0.720551403125 0.8735141796875 0.7204799609375 0.8857442015625001
1 0.5796875 0.509375 0.5796875 0.8783496281250001 0.5942832609375001 0.8813603265625 0.6155159796875 0.8741512531250001 0.6302231984375 0.8799837468749999 0.6752944265625 0.892647990625 0.68646058125 0.8737853156250001 0.693749896875 0.8877085828125001 0.7131477828125 0.8791589484375001 0.70684375625 0.8542874406250001 0.7096995921875 0.8385647515624999 0.729104625 0.828792115625 0.753992715625 0.8267101718750001 0.7697066546875 0.8179254171875 0.7726196453125 0.7924187078125 0.7883121515625 0.7873029609375 0.804825625 0.799368025 0.8149993515624999 0.792676590625 0.8252087984375001 0.7798701484375 0.8325624093750001 0.7827863921875 0.8400017500000001 0.7710266125 0.8216391562500001 0.7600669906249999 0.8244592718749999 0.7504593140625 0.835518265625 0.7499416703125 0.8447781484375 0.7419684562500001 0.8688238375000001 0.7263747078125 0.8790332859374999 0.7135682671875 0.887443621875 0.693306246875 0.8967392265624999 0.6792180218749999 0.89682495625 0.66454199375 0.8978745406249999 0.64258673125 0.96300030625 0.692011209375 0.9685762406249999 0.6838028734374999 0.9163728734374998 0.6303093093750001 0.9091121359375001 0.6114940343749999 0.9321011 0.6190785484375001 0.94049715 0.6012625375 0.9497856109375 0.5883973140625 0.9498999171874999 0.568829275 0.9352855703125 0.5470977546875 0.9302251640625 0.509375 0.5796875 0.509375