0 0.0572049171875 0.0737135390625 0.05727769218749999 0.0752760390625 0.0629818828125 0.0630836921875 0.068831621875 0.054016345312500005 0.07288912812500001 0.05135686406249999 0.0768010828125 0.0455723828125 0.085812209375 0.0370494890625 0.0887188859375 0.032125190625 0.0894330671875 0.0250150078125 0.07987612968749999 0.0218191515625 0.0696050125 0.025733479687499998 0.0667347234375 0.031439028125000004 0.05977054375 0.0390228078125 0.0577963703125 0.0415244234375 0.0580510828125 0.0469931734375 0.056440784375 0.0573072890625 0.052674378125 0.06621677031249999 0.0572049171875 0.0737135390625
0 0.12704158906250002 0.20405488906249997 0.127077975 0.20483613906249998 0.139068553125 0.1929514453125 0.137772175 0.187561628125 0.134028590625 0.17451717656250001 0.1373947375 0.1570139453125 0.139077809375 0.14826233125 0.13476559375 0.1454530609375 0.12334364843750001 0.147102571875 0.11831725156249999 0.1514034859375 0.12001388906249999 0.165387053125 0.123320825 0.1690565046875 0.12594996875 0.1806173890625 0.1262046796875 0.1860861390625 0.126604940625 0.1946798890625 0.12704158906250002 0.20405488906249997
0 0.1845158328125 0.024082125 0.1720158328125 0.0250293171875 0.16598415625000001 0.030190414062499997 0.1623269109375 0.0414436453125 0.1647377296875 0.0483170296875 0.174331053125 0.052294134375 0.1785341078125 0.05275965312499999 0.18262799999999998 0.050881421875 0.1866491171875 0.0474406921875 0.1865399546875 0.0450969421875 0.1881502546875 0.0347828265625 0.1845158328125 0.024082125
0 0.206463553125 0 0.20641365312499999 0.00047060312500000004 0.2050216796875 0.015472218749999999 0.1937452828125 0.0202467296875 0.1973797046875 0.03094743125 0.19971775 0.036258315624999995 0.1983621625 0.05204118125 0.21444663125000002 0.038278256249999996 0.22173829843749998 0.0377257265625 0.21728053281249998 0.0317914578125 0.2219794453125 0.02045929375 0.21856334687499998 0.0144460921875 0.2183608 0 0.206463553125 0
0 0.5296875 0.2344170953125 0.5346277890625 0.240339734375 0.5482786171875 0.241657359375 0.555279184375 0.23485482968750002 0.5609106015624999 0.22109998281249998 0.5490883953125 0.21415574375 0.5313800625 0.2154976 0.5296875 0.22043179687499997 0.5296875 0.2344170953125
0 0.5296875 0.055090879687500004 0.535524546875 0.0575980890625 0.5436759437500001 0.053060378124999995 0.544244575 0.042825195312499995 0.5436987656250001 0.031106445312499998 0.5421840640625 0.021029128124999998 0.5312715406249999 0.0336161375 0.5296875 0.0340976234375 0.5296875 0.055090879687500004
0 0.6970778375 0.2045097890625 0.6990156203125 0.2012269234375 0.6985789734375001 0.1918519234375 0.69415759375 0.1866989046875 0.6775637031249999 0.189524328125 0.6727920171874999 0.1992939921875 0.6825308890625 0.206396096875 0.6899317187499999 0.2081873171875 0.6970778375 0.2045097890625
0 0.6896776484375 0.02318085625 0.697574334375 0.013174393749999999 0.6994029562499999 0.007547778125 0.694872415625 0.000051009375000000005 0.6812943625 0.000295884375 0.6689763 0.005149328125 0.6661060109375 0.0108548765625 0.6652462796874999 0.014840059375 0.6706001625 0.0175703953125 0.6738343234374999 0.019677346875 0.6730109828125 0.0244437796875 0.6896776484375 0.02318085625
0 0.9567796812499999 0.3714244890625 0.9705624937499999 0.3531319296875 0.9712766734375 0.346021746875 0.9554697375 0.34329948906249996 0.94261943125 0.3591693640625 0.9452485734374999 0.3707302484375 0.9567796812499999 0.3714244890625
1 1 0 0.7727695875 0 0.77440295625 0.0018646171875 0.775699334375 0.007254434375 0.7766090171875 0.026785684375 0.769863159375 0.0390569640625 0.77375229375 0.055226415625000004 0.774116165625 0.063038915625 0.782849759375 0.071001203125 0.7882764171875 0.0752940390625 0.7795563890625 0.09006693437499999 0.7582271984375 0.1034432734375 0.7641632765624999 0.118673609375 0.7837366203125 0.1124863859375 0.7842324765625 0.100688703125 0.7953269374999999 0.09200794375 0.80406053125 0.09997023125 0.80270494375 0.11575309687499999 0.8186574296875 0.1216003546875 0.8180160234375 0.13027303750000002 0.8361246171874999 0.13752492968750002 0.8442032390625 0.13142471875 0.865291284375 0.1353148125 0.8681751375000001 0.15234444687499998 0.8528048484375 0.1589971890625 0.8513401 0.17243630468749999 0.86606898125 0.17445624531249998 0.8988565062500001 0.160211646875 0.8886581625 0.16568847343749998 0.895635909375 0.180839878125 0.9182614781249999 0.17285335625 0.9334270078125 0.184248296875 0.930279184375 0.206439028125 0.949101959375 0.2065807390625 0.998001084375 0.22404358124999998 1 0.22455865 1 0
0 0 0.8059948703125001 0.0011530984375 0.8057201171875 0.014333829687499999 0.798264809375 0.02742894375 0.78897126875 0.01741098125 0.7851185765625 0.00883255 0.7857686109375 0 0.7885606203125 0 0.8059948703125001
0 0.057173040625000004 0.6354501125 0.051430868750000004 0.6441864796875001 0.0577723609375 0.648317759375 0.07488641562500001 0.6460985703125 0.0755125859375 0.6331380624999999 0.06768874999999999 0.623584940625 0.0591959359375 0.6260732109375 0.057173040625000004 0.6354501125
0 0.10510572343749999 0.79323125 0.1151664953125 0.7980030593749999 0.12353088281249999 0.7927574359375 0.12563939531249999 0.785218771875 0.11527896093750001 0.7740131390625 0.09943320781250001 0.77705858125 0.10222665625 0.7842257984375001 0.10370899687499999 0.7896476421874999 0.10510572343749999 0.79323125
0 0.126881596875 0.6006523453125 0.14610416406249999 0.5908944937499999 0.14580450312499998 0.58446066875 0.1321956875 0.5827248 0.1223917640625 0.583467696875 0.117832271875 0.5911920859375 0.126881596875 0.6006523453125
0 0.11494813749999999 0.5028639296875 0.119009884375 0.5108574015625 0.12911346875000002 0.5165483281250001 0.14457394375 0.5052308265625001 0.145242925 0.4931894359375 0.1290975078125 0.48980105468749996 0.1170994578125 0.4962443828125 0.11494813749999999 0.5028639296875
0 0.24646011093750003 0.7124205828125 0.2499225390625 0.7075464078125 0.2592555671875 0.6966932171875 0.2429817265625 0.6905474828125 0.22472779687500002 0.69469776875 0.22515588281249999 0.70388894375 0.23035750625 0.7099513203125 0.24646011093750003 0.7124205828125
0 0.27263945 0.746408928125 0.27053093906250003 0.7539475953125001 0.27577536875 0.7609290875 0.2833851625 0.7658866203125 0.2931890828125 0.7651437234375 0.30007113125 0.75447625625 0.297106446875 0.7436325687500001 0.289625078125 0.7414323890625 0.27263945 0.746408928125
0 0.48282369062499997 0.9287898390624999 0.47336223593750004 0.9368856781249999 0.47374751406250004 0.9451577359375001 0.48283964843750005 0.9555371140624999 0.4839367140625 0.9526868984375 0.49462365625000004 0.9444981984374999 0.49524982656249994 0.9315376890625 0.48282369062499997 0.9287898390624999
0 0.5101697515625 0.9350189312499999 0.49935438125 0.9404502796875001 0.49133246249999996 0.9530488421874999 0.48408109687499995 0.982191525 0.4938422125 0.980529509375 0.5052409421874999 0.9612185359375001 0.5154569890625 0.9429195421875001 0.5101697515625 0.9350189312499999
0 0.387599753125 1 0.39081541875000003 0.9864916921875 0.379400728125 0.979055390625 0.36735986875000004 0.9845796 0.36795918906249997 0.9974472484374999 0.3680780859375 1 0.387599753125 1
0 0.5032289375000001 0.9180200062499999 0.5165380953125001 0.913322053125 0.525897971875 0.8766407062500001 0.513429028125 0.8729737390625001 0.5038123 0.9041403796874998 0.5032289375000001 0.9180200062499999
1 0.5296875 0.3796875 0.2349048765625 0.3796875 0.2314074453125 0.4156384453125 0.213410371875 0.42530343437500007 0.20699921875 0.4460811953125 0.196825978125 0.4652993078125 0.201743896875 0.49167513281249997 0.1923412140625 0.5274373609375 0.19805653750000002 0.5445291484375 0.207833609375 0.5696144078125001 0.20924629218750002 0.599945290625 0.192389090625 0.607679184375 0.195439390625 0.6203611062500001 0.21618710624999998 0.6169442171874999 0.2265047328125 0.6272307312500001 0.211927275 0.631102428125 0.21755698125 0.6463559812499999 0.239787040625 0.6483609328125001 0.26261641875 0.6632335328125001 0.26579514375 0.6786728078125 0.27413268281250003 0.6992553421875 0.3102712203125 0.7094299875 0.3105708796875 0.7158638109375 0.298289128125 0.742620590625 0.326946296875 0.75059505625 0.3139367984375 0.7617268328125 0.3340583453125 0.7712704515625 0.349347590625 0.756276478125 0.3547204453125 0.7660153234375 0.360264534375 0.779430640625 0.3887664265625 0.8104759093750001 0.4694078890625 0.8255795796874998 0.427815946875 0.8831505578125001 0.44265025468749997 0.8847935640625 0.49109739374999994 0.8423832765625001 0.5063597859375 0.8532174609375 0.5237735 0.8574320984374999 0.5296875 0.8622015015625 0.5296875 0.3796875
0 0.3840357 0.8145238296875 0.3807713578125 0.7972463171874999 0.36116351406249997 0.7987321109375001 0.355549765625 0.810225834375 0.3707265421875 0.8192217828124999 0.3840357 0.8145238296875
0 0.2184987703125 0.66657656875 0.20932101875 0.65435895625 0.198634078125 0.6625476562499999 0.1991905890625 0.6744961843749999 0.2068431890625 0.6803728375 0.2214206453125 0.6765011390625 0.2184987703125 0.66657656875
0 0.6616219875 0.696012971875 0.6547170171875 0.68242406875 0.6463836828125 0.68305553125 0.6333150515625 0.69423790625 0.6401836359375 0.7070455609375 0.6508550125 0.7117249828125 0.65778280625 0.703359953125 0.6616219875 0.696012971875
0 0.6017425140625 0.5774612265625001 0.6017789015625 0.5782424765625 0.6064186031250001 0.5880829953125 0.612814153125 0.5907343984375 0.6253141531249999 0.5897872046874999 0.6386011078125 0.5832923296875 0.6367953078124999 0.5669650125000001 0.62601476875 0.5599418390625 0.61976476875 0.5604154359375 0.601415028125 0.5704299765625 0.6017425140625 0.5774612265625001
0 0.5673317671875 0.399747046875 0.5547589921875 0.3991317390625 0.5474673265625001 0.39968426875 0.543337046875 0.40078125 0.5441011796875 0.4171875 0.556965053125 0.42405280625 0.5734497843749999 0.4188836328125 0.57516924375 0.4109132671875 0.5673317671875 0.399747046875
0 0.764811146875 0.5549125296875 0.7672084 0.53905073125 0.762787021875 0.5338977125 0.7512559140625 0.5332034734375 0.7421356250000001 0.53938261875 0.7410939578125 0.5394615515625001 0.7328697875 0.5424367640625001 0.7407800375 0.555165484375 0.7607172531249999 0.5567907609375 0.764811146875 0.5549125296875
0 0.7285304406249999 0.4941571296875 0.73114601875 0.48298283125 0.7297040921875 0.47446801406250005 0.71378799375 0.4694020046875 0.7015063171875 0.47503669843749996 0.695474640625 0.4801977953125 0.6937915671875 0.4889494109375 0.694119053125 0.4959806609375 0.7028890343749999 0.5047241984374999 0.7196648625 0.5058050234375 0.7285304406249999 0.4941571296875