0 0.3752217765625 0.4877399953125 0.370257265625 0.49224977656249996 0.3737556796875 0.5087893984375 0.38370492343749996 0.5133894703124999 0.3903984171875 0.5035298671875 0.3918847359375 0.4961000953125 0.387921215625 0.4890202078125 0.3845643578125 0.48714019375 0.3752217765625 0.4877399953125
0 0.1911709015625 0.49012633437500003 0.183870746875 0.49478606562499994 0.18466951874999998 0.5083557140625 0.19001824843749998 0.5205854890625 0.19583208593749998 0.5233555296875 0.199846159375 0.5241455859374999 0.202353690625 0.51874578125 0.2043253390625 0.515475909375 0.2091179625 0.51621598125 0.2071766453125 0.49957639218749994 0.19686340468750002 0.4918563984375 0.1911709015625 0.49012633437500003
0 0.10895820781250001 0.5048343296875 0.0982304171875 0.5002842453125 0.0917088109375 0.5048939921875 0.0883013984375 0.5093038062499999 0.0913144828125 0.52168353125 0.0985135296875 0.5296034578125 0.104327365625 0.532373496875 0.11408449843749999 0.5286037890624999 0.11262850937499999 0.5161240984375 0.11087930312500001 0.5078542859375 0.10895820781250001 0.5048343296875
1 0 0 0 0.409511546875 0.0088489984375 0.406485025 0.01196319375 0.40628509218750003 0.026897170312500003 0.41999501562499997 0.0285756 0.4209350203125 0.03835295625 0.4307849484375 0.050931064062499996 0.43102518749999996 0.05854466093750001 0.4357752078125 0.071193546875 0.44334524999999997 0.0852781953125 0.449775353125 0.09690586875 0.45531543125 0.100970496875 0.449815659375 0.108442540625 0.439906071875 0.11754245625 0.437226321875 0.133891971875 0.43617666875000005 0.1397563640625 0.4326568796875 0.1596346265625 0.42823738593750005 0.1739417171875 0.42312780468750005 0.182434971875 0.41524818124999996 0.187763478125 0.4138583234375 0.207227190625 0.4126087375 0.2197547421875 0.41913880781249996 0.23574026250000002 0.41496923125 0.243525746875 0.41446939687500006 0.251119121875 0.405599784375 0.2551837515625 0.4001000125 0.2702896125 0.4085600796875 0.28451581875 0.4296497875 0.2994801265625 0.42345024843749995 0.29250352031250004 0.4039906375 0.28070396249999996 0.4037004140625 0.271583821875 0.39276053125 0.279177196875 0.3838909171875 0.2949908296875 0.384971196875 0.3001777796875 0.36892173125 0.30886314531250003 0.3694118890625 0.31536452812500004 0.351182509375 0.30894403125 0.343212596875 0.3119672234375 0.32206322656249997 0.3288526234375 0.31888364375 0.3361224484375 0.3341333734375 0.3496004359375 0.335363603125 0.3510159765625 0.320604028125 0.33545511562499997 0.28807460156250003 0.3413397296875 0.29817444531250004 0.356182703125 0.2909349296875 0.34728500625000003 0.2684553625 0.358043128125 0.2530959859375 0.3803278140625 0.2558563484375 0.3797009265625 0.23703684374999998 0.395140446875 0.187848471875 0.3997207359375 0.1665991328125 0.40276415156249995 0.1590693953125 0.4190428921875 0.15068994062500002 0.43349153749999997 0.160239965625 0.43232876875 0.14355039218750001 0.4329455390625 0.1152211671875 0.4485670609375 0.10793166875 0.44638307812500005 0.08921213125 0.4318131 0.0786221328125 0.4354935078125 0.056382804687499996 0.4175161171875 0.050202618750000004 0.42233906875000005 0.031033229687500004 0.4067272046875 0 0 0
0 0.29734575625000004 1 0.295916946875 0.9946880218749999 0.28441060625 0.9901879171875001 0.2770120859375 1 0.29734575625000004 1
0 0.2137244671875 0.9423378265625001 0.21678810781250002 0.948427721875 0.2228446078125 0.9532777109375001 0.229487546875 0.9497079359375 0.2326522953125 0.9432181734375 0.23503849531249998 0.93677839375 0.23598893125 0.9314785546875001 0.22465447656249998 0.921728596875 0.21387613125 0.9234683390624999 0.2116112625 0.93094809375 0.2137244671875 0.9423378265625001
0 0.09221718437500001 1 0.0986813015625 0.9916342499999999 0.09518288750000001 0.9750946265625 0.08584030625 0.975694428125 0.08123979375 0.983324134375 0.0817959015625 0.9948138343749999 0.085234384375 1 0.09221718437500001 1
0 0.287282115625 0.8265523859374999 0.28546213125 0.810952771875 0.2678487359375 0.8078925109374999 0.2567771703125 0.813842134375 0.2609328015625 0.8292917984375 0.27382435156249996 0.8389417890624999 0.287282115625 0.8265523859374999
0 0.3565526859375 0.6471285796874999 0.3558449140625 0.654508365625 0.3684432453125 0.6683682375 0.375692846875 0.669998334375 0.3814864578125 0.6591487421875 0.3694240125 0.6431589375 0.3565526859375 0.6471285796874999
0 0.446378975 0.6371706015624999 0.441272909375 0.6270207765625 0.4302518984375 0.6266805703125 0.42277985625000003 0.6365901578125001 0.42824991875 0.6498599078125 0.4334065390625 0.6537199031250001 0.4419705734375 0.6531700859375 0.44710696875 0.6434104484375001 0.446378975 0.6371706015624999
1 0 0.609375 0 0.9595400656249999 0.0100379953125 0.9512236062499999 0.02387998125 0.9555737609375001 0.0309374703125 0.9488340796875001 0.051108953125 0.9402047078125 0.0653857125 0.9550045875000001 0.0733430828125 0.9492548968750001 0.096750090625 0.941465565625 0.11524314375 0.931896184375 0.13297787187500001 0.9359964203125 0.1388220375 0.918856996875 0.15811386249999998 0.922857265625 0.18121754375000002 0.952806909375 0.2235624953125 0.993046653125 0.193482209375 0.943637396875 0.16875065312499998 0.9064579140625 0.1760508078125 0.901798184375 0.1886996921875 0.9093682265625 0.178538115625 0.8827787453125 0.1928452078125 0.8776691624999999 0.2110450390625 0.8723096625 0.22770799843749998 0.8806697625 0.23457337968749997 0.8655603046875001 0.232874728125 0.8510006656249999 0.2308120765625 0.8333211 0.22013483906250003 0.8224811843750001 0.235564253125 0.8068219078125001 0.2459078234375 0.7946324375 0.261064240625 0.7968026765625 0.2774845359375 0.8030828281250001 0.2975043546875 0.8133229437499999 0.3175747265625 0.8172732296875 0.340880625 0.82206355625 0.358372690625 0.8240838437499999 0.352295965625 0.8056142218750001 0.3237626671875 0.7896340937499999 0.3034496296875 0.7836038609375 0.30805014375 0.77597415625 0.3059874921875 0.7582945921875 0.2887178703125 0.7447346203125 0.2974841203125 0.7190254859375 0.3030148453125 0.692476309375 0.304774159375 0.667217025 0.307817575 0.6596872890625 0.3055830390625 0.6472575796875 0.2946125828125 0.6406275421875 0.3019632921875 0.6296779828125 0.3194048015625 0.6379880984375 0.3454103421875 0.6457483984375 0.335248765625 0.619158915625 0.31924302187500003 0.6097088578125 0.31976605937499997 0.609375 0 0.609375
0 0.8353756562499999 0.9066992593750001 0.8334605093749999 0.8981935703125 0.8257047625 0.89499350625 0.81654536875 0.895581546875 0.81070476875 0.9008871703124999 0.8115612328124999 0.908228165625 0.8129886718750001 0.9204631578125 0.8211726515625 0.9273337218750001 0.8270132515625 0.9220280953125 0.8310219703125 0.9168400796875 0.8353756562499999 0.9066992593750001
0 0.71763525625 0.609375 0.7178261046875 0.61101081875 0.722691290625 0.6131637984375 0.7312202328125 0.615081559375 0.731467353125 0.609375 0.71763525625 0.609375
1 0.459375 0.609375 0.459375 1 0.6637509359375 1 0.6665930234375 0.986564396875 0.6691743062500001 0.9691413875 0.68420998125 0.939824825 0.6944042640625 0.9243783828125001 0.69537968125 0.916919778125 0.7050029890625 0.8965793375000001 0.6954510468749999 0.870073984375 0.6948324859375 0.8331337921875 0.6943804609375 0.813440196875 0.69498711875 0.7949112984375 0.7032067828125 0.7783589625 0.6983178046875 0.760182884375 0.6861013125 0.7424772421875 0.696807096875 0.7393245937499999 0.7145549078125001 0.7332545171875 0.698448646875 0.7059372921875 0.6849355687500001 0.7166661515625 0.6818546765625 0.6823493703125 0.68323453125 0.662538165625 0.6901338156250001 0.6583972375 0.6972591109375 0.664103103125 0.7131988359375001 0.67417373125 0.727913340625 0.6658330671875 0.7199077890625001 0.63676310625 0.704455771875 0.622963178125 0.6811290546875 0.6207627796875 0.6726544921875 0.609375 0.459375 0.609375