0 0.444501165625 0.043393309375 0.4412540046875 0.042758357812499995 0.43398714375 0.0415882765625 0.42965342968750003 0.03898461875 0.42474167031250004 0.053328534375 0.4260102203125 0.06687382343750001 0.43683825625 0.07074738750000001 0.4439356140625 0.0656120390625 0.44624073593749997 0.060041396875 0.444501165625 0.043393309375
0 0.368264315625 0.09120867499999999 0.359006346875 0.0976777734375 0.3570152390625 0.105316946875 0.36183246874999997 0.11629456406250001 0.383030015625 0.12621005624999998 0.38334402968750003 0.1282785875 0.389643859375 0.11270075156249999 0.3869872390625 0.10038938593749999 0.3798648890625 0.09498241406249999 0.368264315625 0.09120867499999999
0 0.41865263124999996 0.28822652031249996 0.4305547234375 0.2887976296875 0.43563598593749997 0.28075914218750003 0.4383871359375 0.2677489796875 0.42986422031249993 0.25830476875 0.42059375625 0.2595027078125 0.41735909062500004 0.2641389125 0.4152109765625 0.27074382343750003 0.4156944921875 0.2791177796875 0.41865263124999996 0.28822652031249996
0 0.4455773953125 0.3670025484375 0.4395291015625 0.3582931203125 0.4338073171875 0.3569233859375 0.4249953796875 0.3559529640625 0.418683053125 0.366259640625 0.4211951625 0.38280789843749996 0.43310975156250003 0.3886501703125 0.44469783124999995 0.3871527484375 0.44777549062500005 0.381482275 0.4455773953125 0.3670025484375
1 0 0 0 0.3890625 0.3961858265625 0.3890625 0.3967754453125 0.3827997734375 0.3720542078125 0.38599427343750004 0.3640968421875 0.354331334375 0.3571315 0.349958628125 0.3612457296875 0.325172225 0.368946125 0.313631625 0.3792906453125 0.3091312328125 0.38018270468750004 0.29425219375 0.376138015625 0.2831747484375 0.38319788906249996 0.2622259265625 0.38670908125 0.24384477499999999 0.379706253125 0.2236585921875 0.3727034234375 0.203472409375 0.3645320078125 0.2119102109375 0.357830696875 0.1885214 0.35145589374999997 0.17247228125 0.366121634375 0.1653043875 0.3670261875 0.1556965078125 0.36806275781250003 0.1365805765625 0.361047434375 0.1111232328125 0.354069596875 0.10147936875 0.343084553125 0.0965715375 0.362071509375 0.086736140625 0.35911337187500003 0.07762740312500001 0.382528571875 0.045074134375000005 0.40053600312500004 0.013219665624999998 0.4022286109375 0 0.3920363203125 0 0.3892369453125 0.006243301562499999 0.3721340703125 0.028489892187499997 0.3587243859375 0.043931915625 0.333111090625 0.06200545625 0.3204489546875 0.06680533281249999 0.3148591859375 0.05592754531250001 0.3140491609375 0.0402138953125 0.30407569843750004 0.0056478125 0.3011275828125 0 0 0
1 0.6796875 0 0.6796875 0.3890625 1 0.3890625 1 0.09229390937500001 0.9949012421875001 0.081276615625 0.97663684375 0.06992754531249999 0.97099709375 0.0379651234375 0.968327978125 0.020382595312499998 0.9678664187500001 0 0.6796875 0
0 0.40048401250000004 0.49127679999999996 0.3948942421875 0.48039901093750004 0.38515275781249997 0.47849415000000006 0.3749652453125 0.4840288078125 0.3756057671875 0.49343703281250006 0.3777788734375 0.4973744421875 0.3923125953125 0.4997146 0.40048401250000004 0.49127679999999996
0 0.210621503125 0.5274111046875001 0.213215646875 0.5133666765625 0.207167353125 0.5046572484375 0.20422171093750002 0.5008196703125 0.19772738750000002 0.49954976093750003 0.187539875 0.5050844203125 0.18834990000000001 0.52079806875 0.1903784921875 0.5289723703125 0.196269778125 0.5366475328125 0.20599876562500002 0.5332812328125 0.210621503125 0.5274111046875001
0 0.1152852375 0.537621434375 0.115260246875 0.5270791156250001 0.1133886609375 0.5199390796875 0.10779889375 0.5090612921875 0.09528126718749999 0.5096242765625 0.0852507609375 0.516193203125 0.09101002968750001 0.5333764140625 0.100764009375 0.540552434375 0.1115920453125 0.5444260015625 0.1152852375 0.537621434375
0 0.6158495296875001 0.7165402140625 0.6133624109375 0.7105342718750001 0.6029929 0.7044923453124999 0.5966680796875 0.7095278640625 0.59560651875 0.718101478125 0.5974906 0.7305126718749999 0.603683403125 0.73498520625 0.6124703515625 0.7254133109375 0.6158495296875001 0.7165402140625
0 0.654594353125 0.826480040625 0.656440946875 0.8230777578125 0.6520947390625 0.8152029390625 0.6354004062499999 0.8141965328125 0.6329382781249999 0.818732909375 0.635136375 0.8332126359375 0.6397841015625 0.8378848265624999 0.6487405515625 0.83461835625 0.654594353125 0.826480040625
0 0.6345333390625 0.8396178890625 0.630017628125 0.8254376484375001 0.629823134375 0.8085899031250001 0.614359865625 0.805315309375 0.6085185609375 0.8187247843750001 0.607796003125 0.8399092484375 0.614918353125 0.8453162203125 0.6283655234375 0.8456876734375001 0.6345333390625 0.8396178890625
1 0 1 0.5569318609375 1 0.5590049171875 0.9906880765625001 0.5469333234375 0.9838115421874999 0.53580376875 0.9831406046875 0.5433471578125 0.9705657375000001 0.5479823890625 0.96996676875 0.5553687703125 0.9563576375 0.549779003125 0.9454798499999999 0.540760078125 0.922390525 0.5396360390625 0.9046083421875 0.55256220625 0.8807923625 0.5430847546875001 0.8598713968750001 0.5285260421875 0.8469889187499999 0.5138478078125 0.8488856546874999 0.501342678125 0.8547197984375 0.495595903125 0.8428077437500001 0.497380021875 0.8130496656249999 0.461755778125 0.7807436484375 0.45104726250000005 0.7620908703125 0.4446599640625 0.7407705921875 0.431539303125 0.7477388296875 0.41838115625 0.7388935906249999 0.4135389359375 0.7173736578125001 0.4004057796875 0.719070734375 0.4035904640625 0.6933498921875 0.41189389531250004 0.675404040625 0.40444503750000005 0.6626573765625 0.386362634375 0.662884890625 0.38175239375 0.674026178125 0.37108136406250003 0.6711868796875 0.361930421875 0.65760560625 0.354299565625 0.6332823578125 0.3408398984375 0.6276397453125 0.335382146875 0.6072539046875 0.333341059375 0.5938084453125001 0.32633823125 0.5736222609375 0.30689274843750003 0.5856260171875001 0.30274103124999996 0.59459894375 0.2877862703125 0.6102406234375 0.26889384375000003 0.5947544875 0.2573057640625 0.596251909375 0.24850632031250003 0.600552646875 0.23524114687500003 0.6117577765625001 0.21962087187499998 0.6074489140624999 0.202443025 0.5980685484375 0.1843731171875 0.6035672234374999 0.164877653125 0.5944863437500001 0.1494143859375 0.5912117453125 0.139032378125 0.5798986609375 0.1197064171875 0.57712320625 0.1205289375 0.5981080140625 0.1040041078125 0.60340703125 0.08331506718750001 0.612407815625 0.0743836078125 0.6262166062500001 0.0640265921875 0.6254458390625001 0.054793614062499996 0.6424572546875 0.0344310828125 0.65879773125 0.01218446875 0.6627270125 0 0.6851764390625 0 1
0 0.8633050125 0.7282694453125 0.8577402359375 0.727933978125 0.8466106812499999 0.7272630390625 0.8437150203125 0.7445100953124999 0.8520934234374999 0.758191196875 0.8613638874999999 0.756993259375 0.865986625 0.75112313125 0.8671926984375 0.7383126250000001 0.8633050125 0.7282694453125
0 0.8939604546875 0.8160543859375 0.8868506 0.8159185734375001 0.8789682078125001 0.8158825890625 0.8726683765625 0.8314604250000001 0.88164981875 0.8387362734374999 0.8943369453125 0.8444787140625 0.900963284375 0.8362405687500001 0.900310265625 0.8215611859374998 0.8939604546875 0.8160543859375
0 0.8344983390625 0.9639939171874999 0.83061065625 0.9539507374999999 0.8287515640625 0.9520818625 0.818853075 0.9491427359374999 0.8157879093750001 0.9600843671875001 0.8179860046874999 0.9745640921875001 0.82186119375 0.9793361125000001 0.8264964265625 0.9787371437499999 0.8340523093750001 0.9714334375 0.8344983390625 0.9639939171874999