0 0.1596826234375 0.47822207812500006 0.16763555624999998 0.47185893593749995 0.17111698125000002 0.45799586875 0.168357790625 0.4478950765625 0.15840038750000002 0.44396386093749995 0.1546998390625 0.4481555109375 0.14983881875 0.456968184375 0.1462113109375 0.4643836390625 0.14917338125 0.47227070312499997 0.1596826234375 0.47822207812500006
0 0.11801893125 0.4262188375 0.1157385375 0.4149143984375 0.111542953125 0.408424553125 0.10110675 0.405696984375 0.096797565625 0.416529815625 0.097771403125 0.4260076640625 0.10340338281250001 0.42888656718749996 0.1155518984375 0.4290132703125 0.11801893125 0.4262188375
0 0 0.355884415625 0.0045921328125 0.34506406093750003 0.012747943749999999 0.3364871921875 0.021179673437499998 0.3289204015625 0.0104513109375 0.3132976078125 0 0.3189910921875 0 0.355884415625
0 0 0.30907427187500003 0.010508109375 0.30463627031249996 0.011376424999999999 0.2871200234375 0.00298525625 0.27414033125000004 0 0.275550390625 0 0.30907427187500003
1 0.3296875 0.4890625 0.3296875 0 0 0 0 0.168341003125 0.0068885953125 0.1672162640625 0.015701765625 0.18765364843750001 0.0048760437500000005 0.2012386765625 0 0.20648985625 0 0.24487742968749998 0.0030258140625 0.253593846875 0.00042894375 0.2618258140625 0.0057282046875 0.2723559765625 0.026178610937500003 0.270353421875 0.0390980859375 0.282171703125 0.0273715671875 0.2895026875 0.0251236578125 0.301968540625 0.0411918390625 0.30757501249999997 0.055182509375 0.29966331875 0.0669090265625 0.29233233125 0.07125069218749999 0.3052697890625 0.056984103125 0.31217140312499997 0.0690190203125 0.3296207859375 0.0801531421875 0.3408161234375 0.0837400890625 0.35394715 0.0968786828125 0.3754368484375 0.11482149999999999 0.39677521250000003 0.1346064703125 0.41007517812499994 0.12604490156249998 0.42307949999999994 0.10719320937500001 0.4398038671875 0.078562675 0.4828149171875 0.1075178515625 0.4764693796875 0.1254119453125 0.46215230781249994 0.1371952625 0.4461599828125 0.1526791265625 0.4259760078125 0.1621414921875 0.419225728125 0.1806929453125 0.4339229109375 0.19271162343749998 0.439487146875 0.20342374375 0.44322479374999996 0.1948621765625 0.45622911874999994 0.1995528015625 0.4734004609375 0.2023904 0.4890625 0.23470678125000002 0.4890625 0.2350569953125 0.48807301406250003 0.23765386406250003 0.479841046875 0.246653671875 0.486179559375 0.25395589375 0.4890625 0.3296875 0.4890625
0 0.346492628125 0.28783784375 0.3452023125 0.2978964 0.3491950203125 0.3065999734375 0.36114065625 0.3089404046875 0.36675639531250004 0.2999341625 0.3648249625 0.292863609375 0.358844025 0.2857508234375 0.3530091640625 0.285085646875 0.346492628125 0.28783784375
0 0.34666285625 0.06081645 0.33891280468749996 0.064965865625 0.330959871875 0.0713290078125 0.3298724375 0.0791738375 0.332631628125 0.089274628125 0.33916440312499996 0.098407571875 0.348626771875 0.09165729218749999 0.352051396875 0.0864555625 0.3532118734375 0.081834540625 0.3499008453125 0.06971359218749999 0.34666285625 0.06081645
0 0.5662616078125 0.4389942953125 0.576145971875 0.43970170625 0.5838960234374999 0.435552290625 0.582021390625 0.41982039843749996 0.5759674125 0.40948380625 0.5652552906249999 0.40574615625000005 0.560045309375 0.41032494531249997 0.5555332453125 0.423371503125 0.5578136375 0.43467594062500003 0.5662616078125 0.4389942953125
0 0.525539271875 0.37269861406250004 0.5208648874999999 0.367412415625 0.5068742187499999 0.375324109375 0.5046263062499999 0.387789959375 0.5146567515625 0.39494498125 0.5244680749999999 0.39242858593749996 0.529053178125 0.3826058359375 0.525539271875 0.37269861406250004
0 0.9194394328125 0.4890625 0.9367467625 0.4855636375 0.9396195515624999 0.47834174999999995 0.92964590625 0.46252538750000005 0.9218796140624999 0.4547896578125 0.9179599484375001 0.4493098921875 0.91562275625 0.44666679218749994 0.9040991187500002 0.45178405312500003 0.9052190343750001 0.46770951250000004 0.9051054359374999 0.48503218906249995 0.9154974703125 0.4890625 0.9194394328125 0.4890625
1 0.4003801203125 0 0.3962956359375 0.017823004687499998 0.3876772671875 0.0394886671875 0.390379659375 0.058250795312500006 0.3832707265625 0.07952931875 0.3898927828125 0.103771215625 0.4006373859375 0.1312791515625 0.412509984375 0.130395778125 0.41703828749999994 0.1292343640625 0.42228075 0.1484258640625 0.4282779296875 0.167423796875 0.4125019046875 0.17471255000000002 0.41183646874999996 0.1900150671875 0.41433598125 0.210990925 0.3904771875 0.2300803515625 0.4067644890625 0.24535824062499997 0.423717228125 0.24533360937499998 0.432457359375 0.2625471875 0.4077302484375 0.2991528625 0.400288596875 0.3280826453125 0.3908424734375 0.346718071875 0.3993959625 0.37803051875000004 0.41204759687500003 0.3445219484375 0.420739003125 0.32608009375 0.43235999999999997 0.291755009375 0.44997817656250005 0.2764278609375 0.46389580625000004 0.2652923609375 0.4746972078125 0.284138959375 0.49355706250000003 0.3236165109375 0.5126035546875001 0.3489951875 0.529718615625 0.3673033140625 0.5365273125 0.37744634062500004 0.5252227921875 0.3922350171875 0.509665890625 0.40919518750000006 0.5078237359375001 0.417233584375 0.4802238375 0.46106114531250003 0.52760870625 0.43053355 0.54900046875 0.41423855625000006 0.5662696859375 0.3946775234375 0.5810881125 0.389796065625 0.6014817203125 0.39645485156250004 0.610335446875 0.3963457515625 0.6178095812500001 0.39118625625000003 0.620511971875 0.4099483859375 0.616551746875 0.4250151015625 0.627978028125 0.44910566249999995 0.637050875 0.4586679828125 0.6534517765625 0.45662319374999993 0.64616428125 0.44768381562500004 0.6621594249999999 0.4500664828125 0.6830480703124999 0.46740676406250004 0.6865862968750001 0.4448823578125 0.6929324359375 0.4681141734375 0.707507425 0.4859929296875 0.7290452671875001 0.47614554531250003 0.751962703125 0.4713485609375 0.7810639609375001 0.4714506328125 0.7984954984375 0.47022235468750007 0.8173634296875001 0.46538313281250004 0.8344460078125 0.45992097187500003 0.8544013750000001 0.4472369203125 0.8649674171874999 0.44452695625 0.8877144578125 0.4657139859375 0.8995708140625001 0.45294546562500004 0.915955475 0.4390155328125 0.9367953984374999 0.42070038125 0.9391731484375001 0.402796996875 0.9623665062499999 0.3990100875 0.980057721875 0.3869067453125 0.9895038484375 0.3682713203125 0.9990230125 0.352859703125 1 0.3514109453125 1 0.0003082484375 0.9999176109375 0 0.4003801203125 0
0 0.047095226562499995 0.9532276124999999 0.0484910625 0.9701631531250001 0.052134809375 0.9746328406250001 0.062019175 0.9753402515625 0.0663283578125 0.9645074203124999 0.061507895312500005 0.9527736109374999 0.047095226562499995 0.9532276124999999
0 0.1338242234375 1 0.130398209375 0.9891470343750001 0.118176653125 0.9857965234375001 0.1119360375 0.9895588015625 0.1095432359375 1 0.1338242234375 1
0 0.125853665625 0.9784233015625 0.1401364953125 0.9834068328125 0.137766821875 0.9569934437499998 0.1279554984375 0.9595098390625001 0.124052071875 0.965915215625 0.12392223124999999 0.97135275 0.125853665625 0.9784233015625
1 0.3296875 0.4890625 0 0.4890625 0 0.7201652671875 0.007874075 0.7298241875 0.016687245312499998 0.7502615718750001 0.033672465624999995 0.77400723125 0.0295824015625 0.7945114796875 0.0293389625 0.8172716890625 0.0422584375 0.82908996875 0.053011118749999996 0.8122811328124999 0.0518912015625 0.796355671875 0.060947809374999995 0.7940328453125 0.0681054640625 0.80840975625 0.080822059375 0.8224417625000001 0.0888805125 0.8430727156250001 0.100030871875 0.8661531984374999 0.12000248124999999 0.8653542921875002 0.1314530796875 0.857013225 0.12160927343750001 0.835759334375 0.1418892828125 0.8597407953125 0.14894141562500002 0.8471236109374999 0.1546301953125 0.8413411734375 0.1653991171875 0.8364174828125 0.1683611875 0.8443045453125 0.17504004374999999 0.859885103125 0.196723965625 0.8564853328125 0.1973163625 0.837959009375 0.1979980390625 0.834541634375 0.2069410484375 0.849541484375 0.2190895640625 0.8496681890625 0.2336320734375 0.843776653125 0.2517452875 0.8391310000000001 0.2586675828125 0.8319513468749999 0.2696556234375 0.836699075 0.2813091015625 0.8261442812500001 0.2915992234375 0.8224242374999999 0.3029930234375 0.8227445109375001 0.32412510625 0.8173245828125 0.3296875 0.8133106124999999 0.3296875 0.4890625
0 0.30993155781250004 0.8274500031249999 0.303082303125 0.8378534625 0.30742396875 0.8507909203124999 0.3152470609375 0.849865309375 0.3212847984375 0.8483167593750001 0.3245065484375 0.8453287578124999 0.3231837515625 0.8316170234375001 0.30993155781250004 0.8274500031249999
0 0.004173615625 0.8345345265624999 0.0001403484375 0.8463774374999999 0.0084747203125 0.8680184687500001 0.020274278125 0.8639112875 0.0262389765625 0.8591389312500001 0.0269044140625 0.8438364125 0.0180344453125 0.8320603656250001 0.004173615625 0.8345345265624999
0 0.931512634375 1 0.9294040390625 0.9922808937500001 0.9218711718750001 0.975139153125 0.9160663921874999 0.98171429375 0.9143905796875 1 0.931512634375 1
0 0.8952530953124999 0.8776962390625 0.8854002375000001 0.8764085328125001 0.8836435390624999 0.8908465124999999 0.8877775484375 0.9025020687499999 0.8970671140625001 0.905205828125 0.90239453125 0.9038394609375 0.906986796875 0.8963037203125002 0.9034160796874999 0.8832321109375 0.8952530953124999 0.8776962390625
0 0.40280101718749994 0.7166217078124999 0.3951536109375 0.7338421109375 0.40162671718750004 0.7436261546875 0.41204286875000007 0.743497803125 0.42285045312499997 0.73436796875 0.41733207187500004 0.7141663874999999 0.40280101718749994 0.7166217078124999
0 0.5957527953125 0.6925653765625001 0.5864823359375 0.7038441390625 0.5941679546875 0.71458878125 0.606445840625 0.717797684375 0.6140264249999999 0.7107670921875 0.60803068125 0.69577428125 0.5957527953125 0.6925653765625001
0 0.6073145375 0.5853301546875 0.61177315625 0.598174034375 0.6255022374999999 0.59973915625 0.631631625 0.5943523453124999 0.629273421875 0.5822413359375 0.62368821875 0.5722295671875 0.611582190625 0.5766060875 0.6073145375 0.5853301546875
0 0.571082384375 0.6022524296875 0.5856134375 0.5997971109375 0.60352424375 0.58884545 0.6161076359375001 0.579260159375 0.6181889437500001 0.5660105093750001 0.602120765625 0.5663169015625 0.583493915625 0.5850817125 0.571082384375 0.6022524296875
0 0.6420572796874999 0.5420866156249999 0.6419236343750001 0.5624662359375 0.6508026625 0.5601889546875001 0.6563687578125 0.5562182015625 0.6621735375 0.5496430640625001 0.666832625 0.531917515625 0.655289890625 0.53487798125 0.6420572796874999 0.5420866156249999
0 0.8655034531249999 0.7340078953125 0.8799485796875001 0.7277598624999999 0.8783923484375 0.7116284109375 0.8661144625 0.70841950625 0.85667214375 0.7121128453125 0.85692993125 0.72349098125 0.8655034531249999 0.7340078953125
0 0.925269828125 0.7441107765625 0.9260049796875001 0.7502801453125001 0.9310268921875 0.7617079718750001 0.9464458484375001 0.7590249218749999 0.9495869171875 0.7531329687499999 0.9477920078125 0.739605903125 0.9390657296875 0.7354860859375 0.9268737765624999 0.7360698921875001 0.925269828125 0.7441107765625
0 0.9645667234375 0.7836237359375 0.9716699484374999 0.7818019109375001 0.9791646015625 0.7709786046875 0.9759184953125001 0.7590953234375 0.9628386359375 0.759906859375 0.9612346875 0.7679477390624999 0.960604575 0.7795536078125 0.9645667234375 0.7836237359375