0 0.041688121875 0.20844489375 0.0518200796875 0.205214359375 0.0551251265625 0.199332840625 0.0521496125 0.193281378125 0.0392001671875 0.1896859046875 0.025690892187499998 0.1939932828125 0.030549226562499997 0.2011341171875 0.03132586875 0.2076452953125 0.041688121875 0.20844489375
0 0.020380589062500003 0.1116841328125 0.01558104375 0.11973187031250002 0.0242772890625 0.133856125 0.033145045312499996 0.136821940625 0.048379115625 0.13437847812499998 0.0560096328125 0.122772853125 0.054212567187500005 0.1161042609375 0.0409470703125 0.114057875 0.034666509375 0.11388793281250001 0.020380589062500003 0.1116841328125
0 0 0.13782188281250002 0.0122625125 0.1359972859375 0.0220784203125 0.134315840625 0.018872609375 0.1242342453125 0.015811340625 0.123762003125 0.00254584375 0.12171561718749999 0 0.12279404687499999 0 0.13782188281250002
0 0.25661009218749997 0.4189600765625 0.26477347500000004 0.42021939062499997 0.269342725 0.4081415203125 0.2658208625 0.39960901249999997 0.2545962109375 0.39787745625 0.24893426875000002 0.40499323593750003 0.2508036046875 0.416466503125 0.25661009218749997 0.4189600765625
0 0.3528728484375 0.4114401390625 0.359455978125 0.42044489062499996 0.37208937343750004 0.42558945000000004 0.38183300781249996 0.419103328125 0.38467746406250003 0.40516154374999996 0.38233405 0.39601190625 0.371195153125 0.388701128125 0.35242573906249997 0.392995978125 0.3493509875 0.40290763125 0.3528728484375 0.4114401390625
0 0.46875 0.358980446875 0.46693852968750005 0.35793235624999997 0.4581430453125 0.3597712171875 0.454679971875 0.3664272796875 0.45922225625 0.37511720312499996 0.45882045156249995 0.382245509375 0.46875 0.383777278125 0.46875 0.358980446875
1 0.46875 0 0.14349556562500002 0 0.129009765625 0.01259810625 0.146659521875 0.024108959375 0.1444471671875 0.03495256875 0.1381531234375 0.045166521875 0.136789684375 0.0673259859375 0.158047053125 0.0817901265625 0.1503442640625 0.08859107656250001 0.138157978125 0.101890678125 0.1499877640625 0.1212918515625 0.1297238515625 0.12775291875 0.1322840796875 0.1513165828125 0.1614880171875 0.15262600625 0.181264371875 0.1588724671875 0.19891412656250002 0.17038331874999998 0.1986568640625 0.187120978125 0.18317901406249998 0.195918203125 0.1878793234375 0.20383358125 0.21826170937499997 0.2045258765625 0.235608896875 0.20720191875 0.2670839765625 0.2128563046875 0.27703094375 0.2311681078125 0.303864503125 0.2440956875 0.30721485625 0.263786634375 0.34269935625 0.2652660015625 0.3402432234375 0.2824633765625 0.3578072234375 0.29955344687499996 0.35103910312500003 0.31209103125 0.3564437859375 0.3217129109375 0.3752719875 0.33260663125 0.393323546875 0.3369891765625 0.408097025 0.32648545 0.43360759375 0.33042080625 0.4509682625 0.32271295312500003 0.4600663140625 0.3297089015625 0.4675118421875 0.3396456109375 0.46875 0.3400712859375 0.46875 0
0 0.46875 0.300018315625 0.4822041453125 0.29485347812499996 0.48457452500000003 0.28323532500000004 0.47720126875 0.2781032921875 0.4695842328125 0.27932502187499997 0.46875 0.280593846875 0.46875 0.300018315625
0 0.5703035187500001 0.286074228125 0.5736085671875 0.2801927078125 0.568045859375 0.2713453703125 0.5603430703125001 0.278146321875 0.5458991281250001 0.276717065625 0.5381963375 0.283518015625 0.542824375 0.2866287171875 0.5536472203125 0.2954885828125 0.5676170890625001 0.29924146875 0.5703035187500001 0.286074228125
0 0.661121146875 0.3000840984375 0.64847426875 0.305323434375 0.65788836875 0.3107702953125 0.6706797890624999 0.31514031249999996 0.6801073734375 0.3102032765625 0.6752490390625 0.3030624421875 0.661121146875 0.3000840984375
0 0.728494928125 0.109149290625 0.715459728125 0.1111330375 0.7077569390624999 0.11793398749999999 0.7199885296874999 0.13020685625 0.73553865 0.12621430625000002 0.7488176281250001 0.11787679531249999 0.7395615531249999 0.111655390625 0.728494928125 0.109149290625
0 0.76670739375 0.2468660875 0.7539882453125 0.2473007484375 0.7515321109374999 0.264498121875 0.7635334046875 0.27274085625 0.7724869140624999 0.270127453125 0.7765820875 0.2603732140625 0.76670739375 0.2468660875
0 0.8581350109375 0.3352697296875 0.851940203125 0.32952056875 0.8396951312500001 0.327631596875 0.8326244421875 0.33133437187500003 0.8250796781249999 0.3373607796875 0.8314325109375 0.3423353984375 0.8305566296875 0.3517873359375 0.8456326750000001 0.3501184171875 0.8541978640625001 0.344249425 0.8581350109375 0.3352697296875
0 0.8868109421875001 0.3804383671875 0.88053038125 0.3802684265625 0.8738480140625 0.3872267921875 0.876823528125 0.393278253125 0.8841245125 0.3936056109375 0.8952634093749999 0.40091638749999997 0.9003790046875 0.3913195625 0.8984239140625 0.3854255140625 0.8868109421875001 0.3804383671875
1 1 0 0.7581317453125 0 0.7569712984375 0.005687803125 0.764028503125 0.012368921875 0.8026465421874999 0.0191252078125 0.790315715625 0.022815456249999998 0.7898281562499999 0.0355229828125 0.8037122703125 0.0448550890625 0.7968583953125 0.06297189375 0.7929077640625 0.082335484375 0.7917158328125 0.0933365078125 0.7905692078125 0.12991000156250002 0.787151440625 0.16213853281249999 0.79065981875 0.1810549359375 0.7828577921875001 0.20381900156250002 0.7834629265624999 0.22148861874999998 0.7890256359375 0.23033595468749998 0.8092037937500001 0.2294541078125 0.8068334140625 0.2410722625 0.8105855734375 0.2536349015625 0.8068064484375 0.26184005312499997 0.7923355390625 0.2811785890625 0.8149293828124999 0.2942510546875 0.8357261609375 0.30065492968749996 0.8482284953124999 0.2858062421875 0.8642392078124999 0.28987395625 0.861868828125 0.3014921109375 0.8700187281249999 0.3131353203125 0.8753376562499999 0.328336421875 0.872407446875 0.347857425 0.8560537171875 0.36610658749999997 0.8353157281250001 0.3748912859375 0.8322274953125 0.3951868328125 0.8238656375 0.42585375000000003 0.8794376875000001 0.3753063359375 0.8934933109374998 0.37348000312499996 0.9105109625000001 0.388089028125 0.9502082140624999 0.41019130156249994 0.9872594843750001 0.41430912812500004 0.9947907656249999 0.41866661718750003 1 0.426871896875 1 0
0 0.06711621875 0.8519730703124999 0.05101975156250001 0.8534845749999999 0.047082603125 0.8624642687499999 0.052803334375 0.8705370609374998 0.06504840625 0.8724260328125 0.0744037203125 0.862684321875 0.06711621875 0.8519730703124999
0 0.1619384078125 0.8050837671875 0.151029809375 0.801803121875 0.1370464578125 0.80843413125 0.1393898703125 0.8175837687499999 0.1506867921875 0.8241200015625001 0.1646701421875 0.81748899375 0.1659343453125 0.8112926437500001 0.1619384078125 0.8050837671875
0 0.133627603125 0.660106303125 0.1217708515625 0.661472921875 0.1124155375 0.6712146328124999 0.12747809999999998 0.6799296109374999 0.1394071234375 0.6833676687500001 0.1496248328125 0.674557915625 0.14712339531250002 0.6661828234375 0.133627603125 0.660106303125
0 0.2530499765625 0.895036496875 0.254788253125 0.8865165171874999 0.2388632953125 0.8768695812499999 0.2207125 0.8884501515625001 0.22564310468749998 0.9003956625 0.22634747656249998 0.9021021640625001 0.244557059375 0.9057101640624999 0.2530499765625 0.895036496875
0 0.25523536562500004 0.9049606765625 0.23186973437499997 0.9421011874999999 0.2131321421875 0.9823523999999999 0.26295649375 0.944499984375 0.280244890625 0.9319874546874999 0.27344495 0.9085686781250001 0.25523536562500004 0.9049606765625
0 0.2948468625 0.93264216875 0.2869995296875 0.929833765625 0.277887996875 0.9332217140625 0.27372055156249997 0.9381712765625 0.271119875 0.9457592984375001 0.2839112953125 0.950129315625 0.2915283328125 0.9489075843750001 0.296643928125 0.9393107609375001 0.2948468625 0.93264216875
1 0.46875 1 0.46875 0.4390625 0.31270642656250003 0.4390625 0.30309759375 0.4433773421875 0.2895025640625 0.45326393906250007 0.273780934375 0.46841492812499996 0.255860434375 0.48402563125000003 0.2390461125 0.4942145296875 0.24468109062500001 0.5078665421874999 0.23562834531250001 0.5264430609375 0.21418598281249998 0.53352125625 0.2021577234375 0.5460463125 0.19446841875 0.5424633671875 0.170294321875 0.5371363375 0.1486216640625 0.5401844015625 0.1576339625 0.5527595703125 0.1664882328125 0.5661092812499999 0.1905177859375 0.561826959375 0.1738614875 0.5712413125 0.1749407 0.5865872984375 0.1873303140625 0.598085621875 0.18337968124999998 0.6174492140625001 0.1800611515625 0.633714628125 0.183971334375 0.645502725 0.1808831015625 0.6657982734375001 0.1748058703125 0.69042625625 0.1759573515625 0.71057691875 0.17695080937500002 0.731502121875 0.1857328109375 0.7400471578125 0.1884645453125 0.752452384375 0.1226294796875 0.786237084375 0.16535617656249998 0.7728552359374999 0.19614036875000002 0.766419225 0.185836903125 0.780808196875 0.20578476562499998 0.7758962171875 0.20222245625 0.7985153984375 0.2058300703125 0.8014686859375001 0.21169534531249998 0.8191508296875 0.196230978125 0.817564159375 0.1938605984375 0.8291823140625001 0.2052297921875 0.8405232218750001 0.2289432953125 0.8377899875000001 0.24134639375 0.838904415625 0.2510765453125 0.8428021890625 0.268121165625 0.8366434250000001 0.258923878125 0.8456105921875 0.2565534984375 0.8572287453125 0.2668165140625 0.8739914593750001 0.26954825 0.8863966859375001 0.27353070156250003 0.9029894578125 0.28270102656249996 0.9147900812499999 0.294932615625 0.9270629484375 0.3150115375 0.9421442171875001 0.3393301765625 0.9570806000000001 0.3793569609375 0.9672498890625001 0.3919903546875 0.972394446875 0.408172578125 0.9653037234374999 0.41413708906249996 0.9670227546875001 0.4039193765625 0.97583250625 0.40021252656249995 0.988842334375 0.392876534375 1 0.46875 1
0 0.55719360625 0.667213334375 0.5572070890624999 0.6568294390625 0.5474769375 0.6529316656249999 0.537272709375 0.6513575234375001 0.5303465640625 0.6646696515625 0.5353629234375 0.6710359421875 0.5484703953125 0.673856871875 0.55719360625 0.667213334375
0 0.46875 0.93672634375 0.47605814375 0.9359173328124999 0.4794354625 0.9348404875 0.4915494765625 0.9167362125 0.4870794625 0.9128509671875001 0.470120596875 0.9134305125000001 0.46875 0.9138464593750001 0.46875 0.93672634375
0 0.6221171984375 0.7307564140625 0.6285557859375001 0.7301518124999999 0.640814340625 0.7216568875 0.6394913499999999 0.712664665625 0.6280364031250001 0.7069029765625 0.6113078359374999 0.7115126546875 0.6136512484375001 0.7206622921875001 0.614585915625 0.7263989265624999 0.6221171984375 0.7307564140625
0 0.6548198015625 0.6375339328124999 0.6373868609375 0.6404371109375 0.6311785703125 0.6450718453125 0.6319552140625 0.6515830218750001 0.6382222921875 0.6621368609375 0.6645952578125 0.667004175 0.6707312796875 0.6575647640625 0.6719232093749999 0.6465637390625 0.6548198015625 0.6375339328124999
0 0.7795686421875001 0.6400008171875 0.776909178125 0.6324002671875 0.7635714109375 0.62554920625 0.7510102890624999 0.6252093203125 0.7487256625 0.6312482562499999 0.7517734468749999 0.6421043937500001 0.7601671265625 0.6473938421875 0.7735183765625 0.6438610078125 0.7795686421875001 0.6400008171875
1 1 0.4390625 0.46875 0.4390625 0.46875 0.4613115859375 0.48232681718750003 0.46152625 0.50461809375 0.46576390625 0.512952984375 0.45586478281250004 0.5186014453125 0.4591329 0.5335782531250001 0.4734270953125 0.5521038875000001 0.47548600937499996 0.5580684 0.4772050390625 0.5511422546875 0.49051716718750005 0.5653289359375 0.50868408125 0.5918599265625 0.512776853125 0.6108914609375 0.5484684984375 0.6333542453125001 0.5415477171875 0.632609425 0.5709929015624999 0.6376980546875 0.58216386875 0.6483040859375 0.5766097046875001 0.6742029796875 0.5838006515625 0.673011046875 0.5948016765624999 0.6865068390625 0.6008781937500001 0.6957763984375 0.596715703125 0.7276667671875 0.5848578875 0.742255253125 0.5958964953125 0.7683121703125 0.602312896875 0.7849415015625001 0.613666334375 0.798681071875 0.6133890875000001 0.8313346015625 0.6184263453125001 0.82903649375 0.634849175 0.8501493218749999 0.6397039625 0.8707427687500001 0.6213099125 0.8912234953125001 0.629262875 0.9019605859375 0.643701959375 0.8895440046874998 0.6529714265625 0.9034146359375 0.6726874281249999 0.9381224937500001 0.66765561875 0.9616057 0.6608922515625 0.9806458609375 0.629475846875 0.988750453125 0.6155465890625 1 0.6159245015625 1 0.4390625