0 0.0690535015625 0 0.0688512609375 0.002655275 0.0853969828125 0.008377939062500001 0.100650040625 0.00152400625 0.10027246249999999 0 0.0690535015625 0
0 0.9105102781250001 0 0.9056331203125 0.0040411140625 0.9099218921875 0.014097982812500002 0.9028247078125 0.028272437500000004 0.916624234375 0.0240689828125 0.9390552 0.013989671875000002 0.926318934375 0.00423333125 0.9215008781249999 0 0.9105102781250001 0
0 0.9545008718750001 0.130384709375 0.9646800437499999 0.12631005312500002 0.9678024531249999 0.1169176578125 0.9648909359375001 0.107739925 0.9580046484375 0.10334425625000002 0.9390370375 0.10587530625 0.937803303125 0.118913034375 0.9445056484375 0.1288840359375 0.9545008718750001 0.130384709375
0 0.310647784375 0.0446989625 0.3144116625 0.0584870265625 0.31905485625 0.0638906296875 0.33715662812499997 0.06324664375 0.341997240625 0.056577515625 0.336501684375 0.0465635828125 0.310647784375 0.0446989625
1 0.3 0.21875 0.759365475 0.21875 0.7602173 0.216187659375 0.72438165 0.2063249703125 0.7045751484375 0.1977482890625 0.709429234375 0.1845817640625 0.7067016671874999 0.16982870156250002 0.6886133703125 0.1639752875 0.6591525890625001 0.15574206875000002 0.6260445046875001 0.1606324390625 0.594865521875 0.1496759515625 0.5633455921875 0.13687533125 0.53337339375 0.1258759109375 0.5049489250000001 0.11667769218749999 0.4884218296875 0.1061280828125 0.4608632015625 0.095042796875 0.4367275046875 0.0959014453125 0.42157766875 0.08623096875 0.4053780484375 0.0840228890625 0.38382639375 0.08571773906249999 0.337627625 0.0855050375 0.3153940796875 0.08351161875 0.3097280484375 0.07257561875 0.3 0.07124964375000001 0.3 0.21875
0 0.820902178125 0.1304969375 0.8134775218750001 0.1363298625 0.8132801000000001 0.148402590625 0.8353431718749998 0.14947394218750001 0.842781303125 0.13714361875 0.8419289375 0.1325332859375 0.8298745640625 0.1264652125 0.820902178125 0.1304969375
0 0.5822985234375 0 0.5879077671875 0.013488192187500001 0.6030710765625 0.0166612703125 0.607400271875 0.007225942187499999 0.60654790625 0.0026156109375 0.60460018125 0 0.5822985234375 0
0 0.0840125328125 0.4996180359375 0.0750933390625 0.49046840468749997 0.057956554687499995 0.48713350312500003 0.0507532796875 0.49843452656250004 0.0524921046875 0.5078396046875 0.0548105359375 0.5203797078125 0.056839165625 0.5313523 0.0644542390625 0.533448121875 0.07574913125 0.5275239171875 0.07957385 0.5202876453125 0.0830973078125 0.51700665 0.08618606250000001 0.5113743828125 0.0840125328125 0.4996180359375
1 0.3 1 0.3 0.5166158875 0.2891086859375 0.519933475 0.2632967 0.53110760625 0.23648185625 0.53127265625 0.21921162343749998 0.5216312078125 0.197659059375 0.5279203390625 0.17935160781249998 0.523838171875 0.172640303125 0.5098765249999999 0.149047659375 0.510715853125 0.14914675 0.5335907609375 0.12876485625 0.5406271578125 0.10677758906249998 0.5445650171875001 0.0907771140625 0.5585457437500001 0.0614760296875 0.556432509375 0.04488449375 0.5728009953125 0.017165878125 0.5848318703125 0 0.599111096875 0 0.7991442875 0.037134490625 1 0.3 1
0 0.6727855390624999 0.5078812484374999 0.6644950453125 0.5156012390625 0.6653339359375 0.5267089687500001 0.6704885468749999 0.53487876875 0.6853109093749999 0.536207715625 0.696696865625 0.5320901250000001 0.696553340625 0.5181732625000001 0.6836466031249999 0.5074948562499999 0.6727855390624999 0.5078812484374999
0 0.7888969828125 0.5445882609374999 0.7780493953125001 0.5384772546875001 0.7682246421875 0.5378986453125 0.7640793968749999 0.5417586437499999 0.7659545984375 0.5519013734375 0.7757658765625 0.5589773796874999 0.788004196875 0.5594701234375 0.79009029375 0.5510427265625 0.7888969828125 0.5445882609374999
0 0.7904857296875 0.2772299546875 0.78638090625 0.26159775625 0.7805309281249999 0.2562370859375 0.7644883046875 0.261448471875 0.760172584375 0.26438640156250004 0.751855140625 0.2851011875 0.758400484375 0.287652725 0.77874535625 0.286000809375 0.7859860640624999 0.2857432140625 0.7904857296875 0.2772299546875
1 1 1 1 0.7759277906250001 0.97218415625 0.7738129953125 0.9489142984375001 0.7727845765625 0.9363485062500001 0.763950303125 0.950488978125 0.76159098125 0.9550021187500001 0.7465803249999999 0.9472634640625 0.737574321875 0.9320866828125001 0.740898640625 0.907453040625 0.7324936921874999 0.890715053125 0.7405142078125 0.873151646875 0.7309295984374999 0.8354273187499999 0.717421571875 0.7996051421875 0.7010614828125 0.767901265625 0.6938361937499999 0.7663535375 0.6920349921875 0.7648192796875 0.6837363953125 0.756385259375 0.6775395234375 0.7517824890625 0.6526437281249999 0.744882725 0.6547454546875 0.719015353125 0.6593782328125 0.711590696875 0.665211159375 0.6941708156249999 0.669543409375 0.6793484515625 0.668214465625 0.6818159171875 0.6421390109375 0.6882177359374999 0.630773684375 0.68945146875 0.6177359578124999 0.691183146875 0.6139618265625 0.68518964375 0.5946842953125 0.6719150109375001 0.5951565515625 0.6625612562500001 0.6168363359375 0.6566978046875 0.617973065625 0.66976154375 0.636070934375 0.6490218328124999 0.661868309375 0.631444953125 0.6587810968750001 0.61420901875 0.6575380171874999 0.6057615265624999 0.6578385453125 0.595595828125 0.655415803125 0.5740576484375 0.6506132546875001 0.5654396828125 0.6499917140625 0.538024578125 0.6528232921875 0.5180206546875 0.656319340625 0.51475471875 0.6517948734375001 0.5221793765625 0.6459619484375 0.516513346875 0.635025946875 0.4946207453125 0.6348766640625 0.4854644125 0.6444837203125 0.4947507953125 0.6552909234375 0.4711265203125 0.6589157703125 0.45373358750000004 0.6502532265625 0.43977706406249994 0.6470372156249999 0.43996101093749995 0.6414618859375001 0.43899206875 0.6099398953125 0.41694246875 0.602371146875 0.401384315625 0.6233435265625 0.38674590000000003 0.61643925 0.376880728125 0.6353528374999999 0.3838970671875 0.6601627671875 0.35956394999999997 0.67309414375 0.3624619890625 0.6887692750000001 0.3538440234375 0.6881477328125001 0.341776175 0.68857705625 0.33866723906249996 0.691472053125 0.32847459375 0.702044109375 0.3141367015625 0.716476159375 0.31241849843749997 0.7137528921875 0.3 0.7129447671875 0.3 0.7455818484375001 0.346403659375 1 1 1