0 0 0.29292258125 0.004249859375 0.302648378125 0.0118913078125 0.31069095468749997 0.01962895625 0.31245267656250003 0.025286503125 0.306387578125 0.0251889140625 0.295860759375 0.0167737015625 0.2876420109375 0.0120823171875 0.28132156875000003 0.0056984125 0.27566623125 0.0002820578125 0.2744330265625 0 0.27483365625 0 0.29292258125
0 0 0.441828209375 0.001988475 0.44184465 0.014368710937500001 0.44466340468750004 0.0225901359375 0.44863619374999997 0.035405353125 0.44840260781249996 0.0452217125 0.441183475 0.033131465625 0.43632982499999995 0.0184299328125 0.4329825546875 0.0050821453124999996 0.4257416671875 0 0.42324379062500006 0 0.441828209375
0 0.1485549078125 0.3102929765625 0.14739356406249998 0.30162487968749996 0.14255718906249998 0.2963218875 0.13578709375 0.2989822984375 0.1310483046875 0.3042061203125 0.12892079843749998 0.307923565625 0.1282920296875 0.3067299453125 0.133515984375 0.3205248625 0.1384973546875 0.324810409375 0.14604121406249998 0.3223261703125 0.1485549078125 0.3102929765625
0 0.20871060312499998 0.269365425 0.2156744859375 0.2709509734375 0.21930072812499998 0.26232246406250004 0.21876815624999998 0.2548479875 0.2126254421875 0.24189434843750002 0.201308959375 0.23721687187499998 0.1959414015625 0.2412470734375 0.194201471875 0.253456440625 0.197249125 0.26570539375 0.20871060312499998 0.269365425
0 0.21024284999999998 0.08483336875 0.2138216859375 0.08774912343749999 0.2233006515625 0.09410915 0.2301181515625 0.079904475 0.22474920312500002 0.067127003125 0.21469026093750002 0.064836765625 0.207775171875 0.0685146265625 0.20661522031250001 0.0766542046875 0.21024284999999998 0.08483336875
0 0.284680378125 0.2351898296875 0.28966174843750003 0.2394753765625 0.29957569687499996 0.24278306249999998 0.30711955468749996 0.240298821875 0.3073119546875 0.22773711093750001 0.30460308281250004 0.218716671875 0.2970104296875 0.21593750156249997 0.2893215765625 0.219439190625 0.28443779375 0.225680459375 0.2846315828125 0.22992642187499998 0.284680378125 0.2351898296875
0 0.3190132375 0.2072911640625 0.32336583750000003 0.2103830921875 0.33023352031250003 0.218249496875 0.34154861406250003 0.20611930312500001 0.3389847375 0.196081415625 0.33598587812499997 0.18909587187500002 0.3265069125 0.18273584375000002 0.3202693890625 0.19287072968750002 0.3190132375 0.2072911640625
0 0.41708201718750004 0.158188375 0.4170806296875 0.1413807046875 0.41113170468750004 0.1326730234375 0.40252409218749996 0.137015984375 0.4010741515625 0.147190459375 0.398609253125 0.1644870625 0.40620190625 0.16726623125 0.4100707296875 0.168147090625 0.41268201250000003 0.1666407140625 0.41708201718750004 0.158188375
0 0.5094012203125 0.1718545609375 0.5045160484375 0.1612881578125 0.4984221296875 0.153597925 0.4853657171875 0.1611298140625 0.482319453125 0.165688534375 0.482127053125 0.178250246875 0.484207153125 0.18607706562499998 0.4853197015625 0.1894817515625 0.492428578125 0.1900498546875 0.5013749734374999 0.18893540625 0.5079512796875 0.1820290328125 0.5094012203125 0.1718545609375
0 0.5069293734375 0.1051128 0.509441678125 0.0762719328125 0.50605663125 0.0776021375 0.5010292453125 0.101668528125 0.4943567375 0.11485575781249999 0.493390575 0.12724129687500002 0.49532568125000004 0.1360855640625 0.496099446875 0.1362617359375 0.5067383640625 0.13448218437499998 0.5124921125 0.12213623124999999 0.5099282328125 0.1120983453125 0.5069293734375 0.1051128
1 0.5890625 0.6 0.5890625 0.29844748125 0.5874635984375 0.29677484062500004 0.5650732140625 0.29692925625 0.5551104718750001 0.2883581625 0.5481452 0.269964940625 0.5383274515625 0.2603764 0.5303472203124999 0.2491053078125 0.51927193125 0.23712952812500002 0.512790434375 0.220947371875 0.4992976515625 0.21472393125 0.4914638046875 0.219243065625 0.4877413640625 0.2341524296875 0.4803424984375 0.2356192234375 0.47062233906250006 0.23655749843749999 0.4604658078125 0.22374044531249998 0.4454742890625 0.2224280671875 0.43024157656249995 0.2284139953125 0.415830034375 0.22303182968750002 0.3981784390625 0.21796242187499998 0.3817843828125 0.21528025468749998 0.3705641 0.20432192031250002 0.3600701765625 0.20508402499999998 0.34604620937499997 0.20819378125000002 0.338986128125 0.21288908750000002 0.33497369843749997 0.2298333484375 0.32699485625 0.23536992968749998 0.3228848390625 0.24178737031250003 0.31374465625000003 0.23865585781249998 0.3075071328125 0.2487907453125 0.297448190625 0.24650050625 0.28618050156249997 0.2470864390625 0.27723410625 0.2482008875 0.27070520625 0.24356299531249997 0.25755120468750003 0.24056806874999997 0.254504940625 0.24512678906250002 0.256053859375 0.26228680625 0.2654366265625 0.2749276875 0.25639403125000004 0.2823229921875 0.24590010625 0.28308509531250003 0.2347774109375 0.2826535796875 0.22960225156249997 0.27412207187500004 0.21736700937500003 0.2702858703125 0.2116132625 0.282631825 0.20527815 0.28223989375 0.1983142671875 0.2806543453125 0.19178675625 0.2928241265625 0.1849678671875 0.2902211296875 0.16823503125 0.284310446875 0.1600610109375 0.2687933953125 0.14390814999999998 0.2588129234375 0.1166325953125 0.24840093749999997 0.144054534375 0.27460315 0.1596762125 0.29391681875 0.1640302015625 0.31381641875 0.15406884999999998 0.322052996875 0.14367251406249998 0.3333419171875 0.132696203125 0.34870062812499997 0.123557409375 0.3623767875 0.114708603125 0.374018053125 0.11093875625 0.40047168125 0.11326144062500001 0.4178078703125 0.108667646875 0.4220142453125 0.10383265781249999 0.433518925 0.093773715625 0.4312286875 0.0934363234375 0.44480784531250006 0.09401768906249999 0.45754572812500005 0.084152534375 0.459501453125 0.0759311109375 0.4555286640625 0.0636958671875 0.45169246406249997 0.051703209375 0.4573656296875 0.0431931859375 0.47223540937499997 0.061136159375 0.49207759375000004 0.062830071875 0.5082201640624999 0.0691177796875 0.520156359375 0.068296609375 0.53152445 0.0707642875 0.5478431921875 0.067380628125 0.565981071875 0.0627380390625 0.5649240390625 0.05171154375 0.5582116671875 0.046102792187500005 0.5695401734375001 0.0483292765625 0.5931572187499999 0.047354128125 0.6 0.5890625 0.6
0 0.5890625 0 0.5890625 0.0105201265625 0.5932544125 0.01376994375 0.6013294515625 0.0019525078125 0.6008218921874999 0 0.5890625 0
0 0.67213518125 0.09370678593750001 0.6806465937499999 0.0956446796875 0.6836440625 0.0858225515625 0.6805002109375 0.07985445468749999 0.664442159375 0.046785453125 0.6515279640625 0.0196845515625 0.64320895 0.0051849484375 0.6478055234375 0.0345939171875 0.65656090625 0.062848853125 0.66429994375 0.081418246875 0.67213518125 0.09370678593750001
0 0.7761068703125 0.0816636140625 0.7826343828125 0.0694938328125 0.7836967453125 0.050827437499999996 0.785531484375 0.01552954375 0.7748953453125 0.05092443906250001 0.765176575 0.0686703859375 0.7761068703125 0.0816636140625
0 0.6333019484375 0.085915625 0.64282831875 0.0807313890625 0.642875725 0.0691871234375 0.6312204578125 0.06128113281250001 0.6266266640625 0.0654875078125 0.6215016875 0.07902708124999999 0.6261930703124999 0.08534752343749999 0.6333019484375 0.085915625
1 0.5890625 0.6 1 0.6 1 0.23756428281250003 0.9882229546874999 0.2244999671875 0.9726500703125 0.21044970625 0.9626385328125 0.1966152046875 0.9505482859375001 0.19176155625 0.9438255968749999 0.182877703125 0.9261739999999999 0.177808296875 0.9193063171875 0.169941890625 0.9111810921875 0.159688246875 0.9117596796875 0.13881078593750001 0.9118056953125 0.1104588484375 0.8982655062500001 0.115779671875 0.8841941343749999 0.1304336921875 0.8807602937500001 0.1265004890625 0.863301096875 0.1088693734375 0.8534847375 0.11608850468750001 0.8503422734375 0.1269280796875 0.8426046265625 0.12516635781250002 0.8385420124999999 0.12003953437499999 0.8356393531249999 0.106773134375 0.82195278125 0.0963037328125 0.8134915515625 0.1164369203125 0.8046901515625 0.116533921875 0.7964199328125 0.10729772500000001 0.7861672015625001 0.1007615265625 0.7676456421875 0.10179680312499999 0.754250446875 0.10610017812500001 0.73834016875 0.10562907656250001 0.7200598015625 0.09936605 0.7035207531250001 0.09770133125 0.6968482500000001 0.110888559375 0.68828943125 0.120494928125 0.67238054375 0.13683150156249999 0.65840259375 0.111589321875 0.6599515109375 0.1287493375 0.6554065125 0.13821912187500002 0.6442838171874999 0.13778760625 0.6374175234375 0.14672887343750002 0.6307924218750001 0.1483718390625 0.6261010390624999 0.14205139687499999 0.6272121984375 0.12864841093749999 0.6120268890625 0.12309007187500001 0.6036618609375 0.13694240468750002 0.5937005078125 0.14517898437500001 0.593846890625 0.160969209375 0.5942344671875001 0.16946113125 0.6053097578125 0.1814369109375 0.602989853125 0.1977160671875 0.5952034109375 0.1906909375 0.5890625 0.20348590312499998 0.5890625 0.6
0 0.3092151234375 0.672021990625 0.3113412390625 0.6514968734375 0.3048123390625 0.6468589828125 0.30002475624999997 0.646819396875 0.2946070140625 0.62877851875 0.289286859375 0.6212644578125001 0.2887096609375 0.6589495921874999 0.29306365156249997 0.67884919375 0.29669128125 0.6870283578125 0.304090146875 0.6855615640625 0.3092151234375 0.672021990625
0 0.0593390984375 1 0.07126491874999999 0.99075828125 0.07005478281250001 0.976826778125 0.0652184046875 0.971523784375 0.059657057812500004 0.9713080265624999 0.053515734375 0.9751620578125 0.051147035937499995 0.9861778046874999 0.0584282421875 1 0.0593390984375 1
0 0.2709227953125 0.7725513421875 0.26961785 0.78170836875 0.2759055578125 0.7936445609375 0.2879470125 0.7932348015625 0.289590740625 0.787306290625 0.2876068390625 0.7731986171875 0.28775183437499996 0.77218116875 0.2781278734375 0.7668385890625 0.273195296875 0.76781645 0.2709227953125 0.7725513421875
0 0.4558539671875 0.8314641593750001 0.46586411562499996 0.828490990625 0.47142407343750004 0.8118990765625 0.46291266093749994 0.8099611828125 0.45280492343749995 0.8024075343749999 0.4476297640625 0.7938760281249999 0.4395547234375 0.8056934640625 0.44042607812499995 0.8163964531250001 0.43854115312499997 0.82962326875 0.444490078125 0.838330946875 0.4558539671875 0.8314641593750001
0 0.574524409375 0.7891529140625 0.5733142734375 0.7752214125 0.5720079375 0.767570765625 0.5712327828125 0.75058691875 0.5715701765625 0.7370077625 0.5632539421875 0.7561235015625 0.5590477234375 0.7688218 0.5531489828125 0.7821852 0.5543591203125 0.7961167046875 0.569834415625 0.7996401484375 0.574524409375 0.7891529140625
0 0.554702071875 0.8497682359375001 0.5482219640625 0.8503937531249999 0.54561068125 0.8519001296875001 0.5419844406250001 0.860528640625 0.543339571875 0.8734426953125001 0.5491435015625 0.8831678234375 0.5615237375000001 0.885986578125 0.5644250093750001 0.88244530625 0.565246178125 0.8710772140625 0.5658735593750001 0.8554631609375001 0.5579421234375 0.8494554781250001 0.554702071875 0.8497682359375001
0 0.45720909687500005 0.844378215625 0.45561416250000003 0.8555701375 0.45798425312499996 0.8613620624999999 0.46156308749999997 0.864277815625 0.47283077812499996 0.8636918859375001 0.47437691718749997 0.8472365578125001 0.47336056875 0.837551015625 0.46900796875 0.8344590859375 0.4608353390625 0.8357497078125 0.45720909687500005 0.844378215625
0 0.3814331125 0.8827997734374999 0.3768881125 0.8922695562499999 0.3797907734375 0.9055359562499999 0.383708390625 0.9116802265625001 0.3948310859375 0.9121117406250001 0.39565225625 0.9007436500000001 0.39444212031250003 0.8868121453125 0.3902345140625 0.8827027718749999 0.3829806421875 0.8831521171875 0.3814331125 0.8827997734374999
0 0.262329078125 0.94497103125 0.2670204609375 0.951291475 0.27151805625000003 0.953365953125 0.27804695625 0.95800384375 0.2886370796875 0.9509608859375 0.2883457015625 0.9361881078125001 0.284428084375 0.9300438375000001 0.2749979125 0.92894721875 0.2645527828125 0.9349727328125 0.262329078125 0.94497103125
0 0.36219075 0.9393453031250001 0.361609384375 0.92660741875 0.3542579234375 0.9165299484375 0.3478252234375 0.9056112000000001 0.340475153125 0.9123414000000001 0.3430390296875 0.9223792875000001 0.34671545312499996 0.935821859375 0.353873125 0.9416533703125 0.36219075 0.9393453031250001
1 0.8887498171875 0.6 0.8885699984375 0.6031595281250001 0.889586346875 0.61284506875 0.8792862109375001 0.6178531328125 0.8769649156250001 0.6173246156250001 0.862214590625 0.6087139390625 0.8563144609375 0.6052696656250001 0.8386628640625 0.600200259375 0.83300531875 0.6062653578125 0.8323779375000001 0.6218794109375 0.8236253296875 0.62723981875 0.8102301359374999 0.6315431953124999 0.8058301296874999 0.6399955328125 0.806895271875 0.6549444828125 0.7936450718750001 0.6582304125 0.780346075 0.6562529328125 0.7671432796875 0.6479945984375 0.75887445 0.6555660750000001 0.740015496875 0.670180509375 0.7264265140624999 0.670237925 0.7029709875 0.655443390625 0.6630238187499999 0.6274398703124999 0.6873506968750001 0.65293739375 0.715788984375 0.6888251484375 0.7079551375 0.6933442828125 0.6891937734375 0.7184855359375 0.6781212609375 0.7401251 0.6619711796875001 0.7637599734375 0.6611513984374999 0.7919357390625 0.6471288234375 0.8118531687499999 0.641375075 0.8241991234375 0.6344125828125 0.8394212453125001 0.622226134375 0.840848453125 0.6156972328125 0.8362105625 0.60225324375 0.8352505296875 0.5936944265624999 0.8448569015625 0.6008046921875 0.8622326765625001 0.6095586875000001 0.8736799390625001 0.614347659375 0.890527196875 0.6172503203125 0.903793596875 0.6163817453125 0.926705953125 0.6103380109375001 0.9410868015625 0.60027906875 0.9387965625 0.5964590390625 0.9431791125 0.5943803265625001 0.9521599640625 0.5979117578124999 0.9666199843750001 0.5963168234375 0.9778119046875 0.5942381125 0.9867927578125 0.5958832296875001 0.9976719171875 0.5963926093749999 1 1 1 1 0.6006676890625 0.9988054312500001 0.6 0.9979864515625 0.6 0.9766328 0.6074529281250001 0.963962575 0.6066690671874999 0.9495510328125001 0.601286903125 0.9438988328125 0.6 0.8887498171875 0.6
0 0.6875946703125 0.6792544375 0.6800508109375001 0.6817386765625 0.6743932640625 0.6878037734375 0.6710570109375 0.6943973890625 0.6765221593749999 0.7008940031249999 0.68425980625 0.7026557234374999 0.6942699546875 0.6996825531249999 0.6995887187500001 0.690388940625 0.6961060828125 0.6811923296875 0.6875946703125 0.6792544375
0 0.7654493671875 0.631852028125 0.7633692671875 0.624025209375 0.7596454375 0.6221269 0.7539390953125 0.6229285906250001 0.750554046875 0.624258796875 0.7448965015625 0.63032389375 0.7445103140625 0.63863964375 0.7532643078125 0.6500869078125 0.7620657093750001 0.64998990625 0.7660307328125 0.6445899125000001 0.7654493671875 0.631852028125