0 0.3527260109375 0.1534769875 0.3569247078125 0.1509072578125 0.3653357796875 0.143441290625 0.354939365625 0.13280455625 0.34031689374999996 0.129390565625 0.3329646171875 0.1346630953125 0.331855659375 0.1453870609375 0.341220640625 0.1535642171875 0.3527260109375 0.1534769875
0 0.27566121093749996 0.0970996203125 0.2798143046875 0.10228491718749999 0.29025632031250004 0.1051666265625 0.3059649484375 0.1017341640625 0.30181641406250004 0.0957733640625 0.299753546875 0.09085420625 0.2893297734375 0.08487048750000001 0.2851356375 0.08666471406250001 0.27566121093749996 0.0970996203125
0 1 0.086640575 0.9895592046874999 0.0894063375 0.9884456890625 0.1009058078125 0.9967974765625 0.1035213765625 1 0.104524325 1 0.086640575
0 0.9183865875 0.0981941140625 0.9299147609375 0.0942293703125 0.93101915625 0.0842809046875 0.9300014031250001 0.07949481875 0.9237535234374998 0.0748188828125 0.90912193125 0.0729558984375 0.9027691640625001 0.08611652343750001 0.9183865875 0.0981941140625
0 0.8261612093749999 0.12991206875 0.8292463874999999 0.1388418078125 0.8449185328125001 0.141613365625 0.8522753703125 0.135565334375 0.8502398671875 0.1259931640625 0.8481770000000001 0.12107400625 0.8408612062499999 0.12014251406250001 0.8283198406250001 0.11854566875000001 0.8261612093749999 0.12991206875
0 0.88068579375 0.2843102984375 0.899548003125 0.27817503593750004 0.8953994703125 0.2722142359375 0.8933502843750001 0.264968571875 0.8849984953125001 0.262353003125 0.8693035468750001 0.2634589578125 0.8650455703125001 0.276110221875 0.88068579375 0.2843102984375
0 0.7125995125 0.054918190624999995 0.7188063515625001 0.06657365 0.7376092796875 0.070519921875 0.7502053656250001 0.062810734375 0.7481789796875 0.05168755781249999 0.7471749093750001 0.044574962499999995 0.7356923375 0.040784681249999996 0.7199837109375 0.04421714375 0.7125995125 0.054918190624999995
0 0.6824599421875 0.0223655515625 0.6867133609375 0.010489790625 0.67943860625 0.002578775 0.6689829109375001 0.0020235734375 0.660576396875 0.0087140375 0.660539915625 0.0149180578125 0.6678192296875001 0.022053571875 0.6824599421875 0.0223655515625
1 0.3796875 0 0.3796875 0.41875 0.8054228718750001 0.41875 0.8056527593750001 0.41600377968749996 0.835025390625 0.40111768750000004 0.8861858 0.41616866718749995 0.8873540375000001 0.39536316562499996 0.8508617031250001 0.37597115312499996 0.8509574687499999 0.359685596875 0.837480434375 0.33934361874999996 0.8397165906249999 0.314793675 0.8502498093749999 0.30216533125 0.8409942734375001 0.27537611093750003 0.837991178125 0.2524873234375 0.82763580625 0.23487106406249997 0.8308349921874999 0.2244132390625 0.818380271875 0.20808184375 0.8195257093750001 0.19115385625 0.838415278125 0.18036557656250002 0.885646046875 0.152231628125 0.8395379171874999 0.167315103125 0.82798694375 0.1751573625 0.8007592656250001 0.1810035625 0.7893086171875 0.17178476250000002 0.8092478609375 0.1603540515625 0.7925260421875 0.1582249265625 0.7852695265625 0.1472118984375 0.777013503125 0.12831077500000002 0.792726690625 0.124102809375 0.7855021 0.107661265625 0.7489641625 0.0960242765625 0.7363543937499999 0.1060599734375 0.7279980453125 0.10421990781249998 0.7155114031250001 0.09331703125 0.7010074968750001 0.0697399703125 0.6937920265624999 0.051747421875 0.70113974375 0.0472503953125 0.7127226390625 0.0339796203125 0.7211565125 0.022636140625000002 0.737964975 0.010030715625 0.7347810453125 0 0.705189690625 0 0.7045441374999999 0.00189495 0.691865965625 0.0235631859375 0.675071184375 0.0338421015625 0.6709317703125001 0.0263302953125 0.6814285109375 0.0199059734375 0.6825693890625001 0.0037534890624999996 0.671721578125 0 0.6644323906249999 0 0.66157135 0.0173776359375 0.6375884578125 0.0050109859375 0.6255214656250001 0 0.3796875 0
0 0.3796875 0.5361125671875 0.3753384859375 0.541432590625 0.369045003125 0.54451168125 0.37005819375 0.5500732703125 0.37419760625 0.557585075 0.3796875 0.5597688749999999 0.3796875 0.5361125671875
0 0.22045644687500002 0.55663579375 0.21419944531250001 0.5535108624999999 0.20690189062500003 0.549477359375 0.1974821859375 0.550606234375 0.19326525 0.5562779734375 0.193210528125 0.56558400625 0.1952551515625 0.5736051718749999 0.2036115 0.5754452375 0.21617110624999997 0.573940071875 0.222464590625 0.57086098125 0.22252843281249998 0.56000394375 0.22045644687500002 0.55663579375
0 0.1045263484375 0.5286814359375 0.0940524109375 0.5312282453125 0.08982179375 0.5392264921875001 0.093929284375 0.5521668171874999 0.10017260624999999 0.5576182546874999 0.1127185296875 0.5584395953125 0.1232015890625 0.55434178125 0.1284773203125 0.546476603125 0.12120712812500001 0.5377900859375 0.118099146875 0.532737859375 0.1045263484375 0.5286814359375
1 0.3796875 0.5942193015624999 0.37921340468750003 0.5939235484375 0.3572340953125 0.5965575890625 0.3488412640625 0.60092154375 0.3300064171875 0.602403790625 0.30802710625 0.60503783125 0.295490303125 0.602665484375 0.27558298125 0.6086676765625001 0.2620010640625 0.606162259375 0.265200246875 0.5957044312499999 0.26001115937499997 0.588835059375 0.2474561140625 0.589564721875 0.22865318750000002 0.5856184515625 0.21086345468749998 0.58723376875 0.203465575 0.6002613218749999 0.1899292578125 0.5900008781249999 0.1752885453125 0.589688896875 0.173111675 0.60415730625 0.1605566296875 0.604886971875 0.15224132343750002 0.5960673812499999 0.1344333453125 0.6007847078124999 0.13019361093749998 0.6103339625 0.1145351453125 0.6052358953125 0.10512912187500001 0.6040382609374999 0.08322733593750001 0.5934887578125 0.0789556765625 0.608466528125 0.061156823437499994 0.6116328515625 0.04644770625 0.622953409375 0.03910455 0.6266749328125 0.030666115625 0.638793915625 0.0264537390625 0.6436901515625 0.019142503124999998 0.6419831578125 0.0128535796875 0.6442867453125001 0.001311728125 0.650577996875 0 0.6502717406249999 0 0.8457291796875002 0.0125930171875 1 0.3796875 1 0.3796875 0.624639815625 0.37903555624999996 0.6241681515625 0.3796875 0.6182954171875 0.3796875 0.5942193015624999
0 0.9187283921875 0.919045228125 0.9135073828125 0.9176043734375 0.899911784375 0.9174254640624999 0.8966989187500001 0.930209796875 0.8935088546875001 0.93911661875 0.9070953328125 0.9408465328125001 0.9186189468750001 0.9376572921874999 0.9238809953124999 0.932118621875 0.9187283921875 0.919045228125
0 0.732012471875 0.6562377484375 0.7424818484375 0.654466440625 0.7487890125 0.6490608421875 0.7530561125 0.6348585734375 0.7405193078125001 0.6324862265625001 0.7352709390625 0.6356983875 0.72583299375 0.6399292734375 0.724728596875 0.6498777359375 0.732012471875 0.6562377484375
0 0.7190892703125 0.41875 0.7196982953125 0.438142596875 0.7311854234374999 0.4411573765625 0.7394467875 0.41875 0.7190892703125 0.41875
0 0.635031228125 0.607413578125 0.6349765046875 0.616719609375 0.6360033765625 0.619954690625 0.6485356203125 0.6231025406249999 0.6558514171875001 0.6240340328125 0.6580100468750001 0.6126676343749999 0.6570105374999999 0.6047795375 0.64656851875 0.601897828125 0.6392481625 0.6017418390625 0.635031228125 0.607413578125
0 0.6297235734375001 0.6207072734375 0.6265335109375 0.6296140937500001 0.6306546828125 0.6402279109375 0.6348305765625 0.6415356937500001 0.6494621687500001 0.6433986796875001 0.6599269875 0.6424028749999999 0.66100858125 0.636331925 0.658959396875 0.629086259375 0.6485356203125 0.6231025406249999 0.6360033765625 0.619954690625 0.6297235734375001 0.6207072734375
1 0.3796875 1 0.9062750625 1 0.9088709062500001 0.9946223546875 0.9037000593750001 0.984650971875 0.88590120625 0.98781729375 0.8870056015625 0.97786883125 0.8943487578125 0.9741473062499999 0.8996564109375 0.9608536109374999 0.8871834515625 0.947624228125 0.8724697734374999 0.9597202906250001 0.8714611421875 0.9533831984375001 0.8788362218749999 0.9442331562499999 0.8768098359375 0.9331099796875 0.8799862203124998 0.9265296656250002 0.87275250625 0.9116391265625001 0.8622968109375 0.911083925 0.85923899375 0.8975011687500001 0.8425627765625 0.8876170171875 0.83731440625 0.890829178125 0.826845028125 0.8926004843750001 0.81434470625 0.8840241171875001 0.820711153125 0.8685369828125001 0.8311668515624999 0.8690921843750001 0.8416453484375002 0.865769871875 0.8386057703125 0.8490851046875001 0.8218839531250002 0.8469559796875 0.8124414484375 0.8519623671875 0.806170765625 0.8511639453125 0.789421584375 0.8536878343750001 0.7852593703124999 0.85005354375 0.794710996875 0.84349615 0.780134128125 0.8323271328124999 0.7727408078125 0.8445791843750001 0.7602131234374999 0.8406558328125 0.7488263171874999 0.8205799953125 0.7520346234374999 0.8085711625 0.7593823421874999 0.8040741390624999 0.7583873890625 0.7954105390625 0.7406204562500001 0.7931483421875 0.7301693203124999 0.7918176390625 0.722899125 0.78313111875 0.7072634609375 0.774155540625 0.670748325 0.7586410390625 0.6707756859374999 0.7539880234374999 0.6728841546875 0.751152153125 0.6540994687499999 0.7441038718749999 0.6541587515625 0.7340223375 0.6605023984375 0.7224127171875001 0.6469569625 0.7137032781249999 0.627031396875 0.72280748125 0.6124636499999999 0.7100874578124999 0.6114914984375 0.6975463468750001 0.5948107203124999 0.6884376953125 0.5822328750000001 0.693044871875 0.573771640625 0.7090413671875 0.560180603125 0.7080869562500001 0.5538688781250001 0.71426805625 0.535111553125 0.7025667578125001 0.5235742609375 0.7080825078125 0.5068068390625 0.7137084078125 0.48175603124999994 0.7050862015625 0.49222541093750005 0.70331489375 0.49335716874999996 0.6887134140625 0.47771694374999996 0.6805133375000001 0.46719740468750004 0.6908151734375 0.4619763953125 0.68937431875 0.46200831718749996 0.6839458 0.4463772140625 0.67419471875 0.4107749453125 0.6813028640625 0.4034545875 0.6811468734374999 0.395029834375 0.6909393484375 0.4159001875 0.699029275 0.3970607796875 0.7012870234374999 0.3796875 0.6979526890625 0.3796875 1
0 1 0.850000565625 0.98813455625 0.854930625 0.9849718546874999 0.8591844312500001 0.994327715625 0.8689125921875 1 0.8680578499999999 1 0.850000565625
0 0.8227404515625001 0.5234383109375 0.818646640625 0.508171478125 0.8103085312499999 0.5032294015625001 0.79357303125 0.5034267828125 0.7872749875 0.5072813765624999 0.78301245 0.5207081421875 0.790273521875 0.5309456671875 0.8070044625000001 0.5315237890625 0.8216086921875 0.538039790625 0.8226994093750001 0.530417834375 0.8227404515625001 0.5234383109375