0 0.030982715625 0.43522149531250004 0.0274055765625 0.444176125 0.0269129 0.45360168125 0.0387438171875 0.45857490624999997 0.0515886203125 0.45736907968749996 0.0601797984375 0.44997170468750003 0.057066796875000006 0.436828721875 0.0420246796875 0.43215695312499997 0.030982715625 0.43522149531250004
0 0.127529403125 0.405624934375 0.13779668437499998 0.40085865312499996 0.1454864453125 0.39253192187499997 0.13723266875 0.378604065625 0.1283737484375 0.3812101734375 0.1200360421875 0.3870627859375 0.12134620625 0.3983470546875 0.127529403125 0.405624934375
0 0.25773410625 0.26082399375 0.25208638906249997 0.263128646875 0.24966413906249998 0.2714678703125 0.2508475671875 0.283524521875 0.264988265625 0.287266934375 0.2755232859375 0.2872919203125 0.276537171875 0.28111286562500004 0.27728332031249997 0.270142546875 0.270071965625 0.26270769375 0.25773410625 0.26082399375
0 0.2198426046875 0.09352567187500001 0.22382849062500002 0.09492595312499999 0.235405934375 0.1014439421875 0.24208180625 0.0992962671875 0.242292475 0.07874341562500001 0.23801031250000002 0.0598798109375 0.233995890625 0.045807471875 0.22869984375 0.0331229203125 0.211713884375 0.0210287921875 0.218052353125 0.0402063453125 0.223362671875 0.059226925 0.22057448281249997 0.0762193234375 0.2198426046875 0.09352567187500001
0 0.1475251265625 0.2709165578125 0.15729973125000002 0.275575834375 0.16796149062500002 0.2748284390625 0.1734682046875 0.2669601390625 0.16766521406249998 0.257365115625 0.16584810625 0.24917037187500002 0.152482090625 0.2471296984375 0.1496653671875 0.251450040625 0.1482712734375 0.2599462390625 0.1475251265625 0.2709165578125
0 0.300340009375 0.296622965625 0.3072550859375 0.28659449375 0.30259271875 0.27004803593750004 0.2871561265625 0.2613573828125 0.2725638765625 0.22825197031250002 0.2735366390625 0.2608614734375 0.2762551640625 0.269985571875 0.28681872343750003 0.282682615625 0.29456555624999997 0.2996999984375 0.300340009375 0.296622965625
0 0.453326115625 0.39836171875000004 0.460396465625 0.40023292499999996 0.47273432499999996 0.40211662343750004 0.47733961875 0.39331896718750003 0.4773253515625 0.38698293906250003 0.4702407328125 0.3787757046875 0.4632971203125 0.37613211562500004 0.45597329999999997 0.37580567343750004 0.4498186390625 0.381199853125 0.4491992265625 0.391397790625 0.453326115625 0.39836171875000004
1 0 0.51875 0.5 0.51875 0.5 0.4213901015625 0.49680490156249996 0.4224179890625 0.4940863765625 0.4132938890625 0.4800724140625 0.4087790953125 0.46594598437499996 0.41137271249999996 0.45359385625000004 0.40315298437499997 0.4432980390625 0.39524720625 0.43301648750000005 0.39367745625 0.40497429687500003 0.378311840625 0.3958761734375 0.3887987421875 0.3956369703125 0.396679534375 0.38059485312499997 0.392007765625 0.3620880640625 0.3891822171875 0.3496091984375 0.381734871875 0.330313459375 0.3708715546875 0.3122993421875 0.3586204515625 0.2990743328125 0.362143425 0.2925394640625 0.36985475 0.2933284140625 0.3778925171875 0.29169511875 0.3942695078125 0.26469535 0.3853968953125 0.22876531875 0.347450246875 0.23747064375 0.390741103125 0.23787938749999998 0.40109601718750004 0.214344290625 0.3903771828125 0.19545729375 0.3898687796875 0.1814576015625 0.39169001406250004 0.157190625 0.39827752968749996 0.13871237187500002 0.4081240390625 0.13024793125 0.41474903125000007 0.1205018609375 0.4227618140625 0.11499514687500001 0.4306301125 0.0964170140625 0.3961244203125 0.09003741875 0.415735421875 0.0956154734375 0.4395472671875 0.0760947984375 0.44290077187500004 0.07946127343750001 0.454498990625 0.059306917187499995 0.46171440625000004 0.058814240625 0.47113996093750005 0.0601386734375 0.48876025937499995 0.055786851562499996 0.49601315156250003 0.045251828125 0.49598816718750005 0.023407103125000002 0.49423645625 0.020731382812499997 0.5041204453125 0.006604953125 0.5067140609375 0 0.506939165625 0 0.51875
0 0.5369508109375001 0.3897412203125 0.5269084640624999 0.380290678125 0.5163877109375 0.386601721875 0.5147258765625 0.39030665625 0.5162895125 0.4000461609375 0.52747248125 0.40254526718749994 0.535176509375 0.4005545640625 0.5369508109375001 0.3897412203125
0 0.80768793125 0.2363104625 0.7939559765624999 0.2429229640625 0.7906323093750001 0.25033283125 0.8023507593750001 0.2624144671875 0.8134069921875 0.2656859546875 0.8167449281250001 0.264612115625 0.82032206875 0.255657484375 0.8146458140625 0.2452900796875 0.80768793125 0.2363104625
0 0.905814203125 0.28058607812499997 0.9132647609374999 0.28014014062500003 0.9207010484375001 0.273358171875 0.9242781875 0.2644035390625 0.923742709375 0.25482100937499996 0.91833419375 0.24924486875000001 0.898925984375 0.24548996406249998 0.8985600453125 0.2541431375 0.8966447390625 0.259392834375 0.8897296625 0.26942130625 0.8907720859375001 0.275914309375 0.905814203125 0.28058607812499997
0 0.8710642390625001 0.139102796875 0.8696827359375 0.0961383828125 0.866146721875 0.0663044578125 0.8639351375000001 0.0540908328125 0.8610756078125 0.0394030875 0.8469063734375 0.022988617187499998 0.8350897249999999 0.02435141875 0.841428196875 0.043528975 0.8561471796875001 0.075862003125 0.8597545359375001 0.1373760734375 0.8710642390625001 0.139102796875
0 0.073488196875 0.6762908234375 0.0868542109375 0.6783314953125 0.08529057500000001 0.668591990625 0.08436061875 0.6549905765624999 0.071248078125 0.6514051390625 0.065980565625 0.651392646875 0.05881201874999999 0.6629658796875 0.06293890625000001 0.6699298078125 0.073488196875 0.6762908234375
1 0.39842815 0.51875 0.39601327343750004 0.528391665625 0.379844803125 0.5370073609375 0.36221089375000004 0.5224391125000001 0.347704259375 0.5273498734375 0.351845415625 0.54064983125 0.35019785 0.5506907953125 0.3309306453125 0.5524995374999999 0.3324800125 0.5559030125 0.331719596875 0.560537303125 0.293959871875 0.5658565265625 0.277396925 0.5704533375 0.26893248125 0.57707833125 0.25865092968750003 0.5755085828125 0.2411722953125 0.5728400078125 0.23875004687499998 0.5811792328125 0.24505998125 0.58768473125 0.2461166734375 0.6005137625 0.231765309375 0.6173242 0.2190472421875 0.617757646875 0.214004665625 0.6035283328125 0.1980896671875 0.610599265625 0.206075703125 0.6197358562499999 0.201456140625 0.622197484375 0.185766075 0.6150515953125 0.17959714531249998 0.6141097453125 0.1713576375 0.6065179171875 0.1549071578125 0.60400631875 0.149161240625 0.6197554109375 0.158682375 0.6259594515625 0.1688371890625 0.62830158125 0.1723446671875 0.645463446875 0.1588661859375 0.650531184375 0.1490915765625 0.6458719078125 0.1445844828125 0.641225125 0.1268666453125 0.64643734375 0.12162767031249999 0.659096909375 0.11147285625 0.6567547796875 0.1019945265625 0.6695588265625 0.1039383703125 0.6769811859375 0.1001077578125 0.68748058125 0.105657278125 0.6986203671875 0.1036152359375 0.704642446875 0.09150230937500001 0.6885419265625 0.07726341406250001 0.6982439546875 0.0801229453125 0.7129317000000001 0.0865596140625 0.7186648140624999 0.0859402046875 0.728862753125 0.0693487203125 0.7207875078124999 0.06268711406250001 0.7292712140625 0.06527890625 0.73916769375 0.0693915265625 0.73979559375 0.0649700390625 0.773164984375 0.0526321796875 0.771281284375 0.051900303125000005 0.7885876328125001 0.040647671875 0.8122050250000001 0.030803403125 0.8336622468750001 0.0375078125 0.8441866265625 0.0099029015625 0.8518479796874999 0.028564964062499996 0.8665732046875 0.030678346875 0.8922312703124999 0.0357066546875 0.9001245546875 0.0354817203125 0.9143413765625 0.0542847859375 0.9346302484375 0.0508771875 0.9618205859375 0.060835603125000005 0.9910515953125 0.06667915625000001 1 0.5 1 0.5 0.5610505578125 0.4970687390625 0.56123853125 0.4818856171875 0.5510031140625 0.47171653593749996 0.5423249546875 0.45168891718750004 0.5487679859375 0.44666060781250005 0.5408747015625 0.433421328125 0.538061646875 0.427984278125 0.519813446875 0.4264906875 0.51875 0.39842815 0.51875
0 0 0.5798373140625 0.0017120656250000001 0.5806170578125001 0.0123595546875 0.57353363125 0.0100355046875 0.5684284171875 0 0.5606659656249999 0 0.5798373140625
0 0.6197982515625 0.666619596875 0.616460315625 0.6676934359375 0.610841134375 0.6826701453125 0.614968021875 0.6896340750000001 0.6249960999999999 0.6927485859375 0.6337282828124999 0.6909148593750001 0.6371644187500001 0.6763965796875 0.6278967546875001 0.6686477765625 0.6197982515625 0.666619596875
0 0.742471828125 0.65763835 0.7510630062500001 0.650240975 0.74692185 0.6369410171875 0.727640378125 0.63241373125 0.7218801921875 0.64182679375 0.7198381484375 0.6478488718750001 0.7224156703125 0.651409325 0.7328382265625001 0.6585427218750001 0.742471828125 0.65763835
0 0.7405582015625 0.720684690625 0.748121225 0.713130340625 0.7459096437499999 0.7009167140625 0.7348391421875 0.6913091984374999 0.7213606593749999 0.696376934375 0.7153470046875 0.707334759375 0.7175443171875 0.7132123578125 0.7232063046875 0.7172437328125 0.7319527546875 0.721746034375 0.7405582015625 0.720684690625
0 0.8300081640625001 0.7723446828125 0.8248531203125001 0.765223778125 0.80814916875 0.7642569437500001 0.8008396171874999 0.7702665296875 0.8035581437499999 0.7793906296875 0.8060089296875 0.7837234625 0.8164314828125001 0.7908568578125 0.8279803906250001 0.784702790625 0.8300081640625001 0.7723446828125
1 0.5 1 1 1 1 0.8004657671875 0.9797418562499999 0.7911372375 0.9573759171875 0.7861390265624999 0.9541932531249999 0.799112540625 0.9692496406250001 0.810120340625 0.96978511875 0.8197028703125 0.9555176859374999 0.8167328390625 0.94423651875 0.8276781734374999 0.9344619125000001 0.823018896875 0.93261626875 0.802152096875 0.9144896859374999 0.7970094046874999 0.9018983546874999 0.79667046875 0.8943496 0.8105608468749999 0.893983659375 0.8192140218749999 0.884603528125 0.818573628125 0.8823919468750001 0.8063600015624999 0.867983509375 0.797826325 0.8463922546875 0.794529853125 0.8399841203125 0.8014687953124999 0.8338294609375 0.8068629749999999 0.808646796875 0.806185103125 0.7978583031250001 0.8077048828125001 0.79671768125 0.8146563171875 0.7743517437499999 0.8096581046875 0.7614926734375 0.8045279046875 0.7388732609374999 0.8010744578125 0.7200844640625 0.7871216140625 0.701324203125 0.7858408296875 0.6856484078125 0.7850309687499999 0.6761843453124999 0.8041710453124999 0.664903178125 0.815116378125 0.6415518921875 0.8289692796875 0.6160032875 0.8369445828125001 0.6147359296875 0.8446684 0.5862296 0.851400396875 0.5653148296875 0.8632501015624999 0.53755464375 0.8590117781250001 0.523808421875 0.8592882515625 0.50310431875 0.85058510625 0.5 0.8506282046875 0.5 1