0 0.35245498125 0.6390625 0.34573465312499996 0.615799353125 0.3337662453125 0.613084821875 0.3298703890625 0.6215779640625 0.337261334375 0.6338540984375001 0.3427952453125 0.6390625 0.35245498125 0.6390625
0 0.3359408609375 0.527352684375 0.33107268749999996 0.5337907140625 0.323671878125 0.5465849656249999 0.32152685625 0.5571059484374999 0.330671921875 0.5630531296875 0.333882878125 0.56398524375 0.3405018859375 0.55957505625 0.3467365671875 0.5426433109375 0.34829688281250004 0.534231978125 0.3359408609375 0.527352684375
0 0.33382872343750003 0.45430571875 0.32049709531250004 0.45372810625 0.3155320171875 0.4591249484375 0.3201965203125 0.47567492031249997 0.331192609375 0.4763343390625 0.3380054234375 0.47400653437500007 0.3372301984375 0.4656770078125 0.33382872343750003 0.45430571875
0 0.277411171875 0.3936067875 0.2743973109375 0.3864002609375 0.266615465625 0.3783161609375 0.2559100875 0.3807803125 0.25327726093749997 0.39445213749999997 0.2605713015625 0.40568708124999997 0.262031425 0.40459135156250003 0.273806028125 0.40522350156250003 0.277411171875 0.3936067875
0 0.11984104843750001 0.4461324015625 0.12519045 0.45325711875 0.1365741515625 0.4580813 0.1404732953125 0.4412313640625 0.1362933078125 0.4298873453125 0.1258819265625 0.42711827343750003 0.12111065624999999 0.4345974953125 0.11984104843750001 0.4461324015625
0 0 0.4454924625 0.0012163203125000002 0.44715377500000003 0.0072506203125 0.4448532390625 0.011052859375 0.4269621109375 0.013976396875 0.41641385781249995 0.013007364062499999 0.4060019515625 0.0027897890625 0.40531526093750003 0 0.4039467890625 0 0.4454924625
0 0.3269913515625 0.27174284531250004 0.3177493828125 0.264754475 0.30685019687500004 0.265136246875 0.304802078125 0.276698421875 0.3058680125 0.28815151875 0.3171515234375 0.3002913046875 0.3248430390625 0.29062062499999997 0.32747257812499997 0.28530559375000003 0.3269913515625 0.27174284531250004
1 0 0 0 0.397043228125 0.016024515625 0.4048516828125 0.0292559515625 0.41274489843750006 0.045511115625 0.40277425625 0.06896341875 0.40299736406250003 0.07840576875000001 0.395354528125 0.090571271875 0.39179464531249997 0.09446055 0.40001509375 0.10924901406250001 0.40785376875 0.1204421984375 0.402238775 0.1328047953125 0.39240447968750003 0.1445826859375 0.38467983437500003 0.16443313125 0.3881628625 0.186428596875 0.38112490625 0.1989850015625 0.37337299062499996 0.2068604609375 0.39085507812500003 0.2225210546875 0.40806447187500006 0.2632813 0.44319721406249996 0.23167269531249998 0.3972980625 0.20589800625 0.36372958125 0.21086637343749998 0.3499759484375 0.22828108593750002 0.3608563890625 0.21709776718749998 0.341400996875 0.2294570765625 0.339923496875 0.247757071875 0.326747475 0.255926528125 0.33899633906250004 0.273150725 0.33943760312500004 0.277634575 0.3204780140625 0.2768626375 0.3037916953125 0.2671394421875 0.2832405734375 0.271229103125 0.2768298125 0.27804520625 0.26614521406249997 0.29050470625 0.2573521078125 0.3038396234375 0.249572925 0.31668344843749996 0.25330137656249996 0.32660702656249996 0.25922128906249997 0.34548186406250003 0.26900599999999997 0.3630903828125 0.281968821875 0.37622820625000003 0.2804640515625 0.392576984375 0.27989139375 0.38742467812500003 0.2664922625 0.3719578921875 0.25136525 0.35804155625 0.252897290625 0.34199006249999997 0.2398799296875 0.35279234531250003 0.23845696875 0.359023740625 0.2298820171875 0.356888584375 0.2153326171875 0.3416090265625 0.219001578125 0.33274809375 0.232891559375 0.3274988859375 0.21845123437499997 0.334802790625 0.20461579218749998 0.34347320468750003 0.1802866359375 0.3515589109375 0.15806712812499998 0.3492332375 0.133078553125 0.35585224531250004 0.12866836718750002 0.355858821875 0.1119547765625 0.346616853125 0.10496640312500001 0.3419490625 0.09677322499999999 0.3473050390625 0.0871843546875 0.3534329546875 0.0942818046875 0.3789235109375 0.1080131234375 0.40723740937499997 0.11851179062499999 0.409375 0.1115088375 0.409375 0.103293475 0.381268915625 0.0828609296875 0.36472961875 0.072994409375 0.3814692984375 0.06822972187500001 0.396351378125 0.08546638437500001 0.40910158750000003 0.07979685 0.40054780624999997 0.055026428125000006 0.400554384375 0.0383128390625 0.382458059375 0.028500857812500002 0.3792503921875 0.0192119484375 0.373319571875 0.0058400890625 0.3520993296875 0.02120756875 0.3515212 0.00660363125 0.35748121093749996 0 0 0
0 0.8332938796875 0.5589494921875 0.8320341375 0.5454140125 0.8247368093749999 0.542535865625 0.819093409375 0.54064436875 0.8130591093749999 0.5429449046875 0.8124711140624999 0.5534113515625 0.8157756859374998 0.56374145 0.8191804484375 0.5667559437499999 0.8240453328124999 0.5686747109375 0.8285226078125 0.5664287109374999 0.8307612437499999 0.5653057140625 0.8353387093750001 0.5557441125 0.8332938796875 0.5589494921875
0 0.7354688953125 0.6240065703125001 0.7412091984375 0.62693925625 0.749482134375 0.6235157203125 0.7542534062499999 0.6160365 0.7543535968749999 0.608720896875 0.750948834375 0.6057064015625 0.7419006734375 0.6008004109375 0.731292196875 0.6043057546874999 0.7303165875 0.6106074375 0.7354688953125 0.6240065703125001
0 0.720746325 0.6390625 0.7211583703125 0.6380874375000001 0.719410825 0.6277027984375 0.7173692828125 0.6225513859375 0.711435175 0.6175363171875 0.7029651421875001 0.6272342656250001 0.7023771484375001 0.6377007109374999 0.7029632578125 0.6390625 0.720746325 0.6390625
0 0.8661113578125 0.500347803125 0.8724363671875001 0.5011708406250001 0.8799307921875 0.4977745734375 0.8823665218750001 0.49037715937500004 0.8822729078125 0.480979175 0.8793559484374999 0.47481383906249996 0.87088920625 0.47615499375 0.8650487124999999 0.480537909375 0.8626129812500001 0.4879353234375 0.8661113578125 0.500347803125
0 1 0.458536546875 0.9918593390625 0.4499814265625 0.9868975515624999 0.44702147031250006 0.9797940281249999 0.446225703125 0.9767735890625 0.455732765625 0.9808566750000001 0.466035596875 0.9865969765625 0.4689682828125 0.9942819171874999 0.4760111921875 0.9968112640625 0.4780117671875 1 0.47790007343749996 1 0.458536546875
0 1 0.349416121875 0.9981269078124999 0.34948173125 0.9878124265625001 0.3477538515625 0.97720395 0.3512591953125 0.9783667890625001 0.36375348281250003 0.9836192859375 0.3698370125 0.9949060859374999 0.373620003125 1 0.3718795125 1 0.349416121875
0 1 0.33214310468749997 0.99083944375 0.3215332 0.9901611203125 0.3142448640625 0.984320628125 0.31862778281250004 0.9729369265625 0.3138036 0.9669995281249999 0.3171453265625 0.9349835796875 0.31722218281250003 0.9327416562499999 0.3267019765625 0.9532737109374999 0.32911654375 0.9682592703124999 0.33068080625 0.9732177703125 0.34199755625 0.9838262453125001 0.3384922125 0.9890820343750001 0.3362189453125 1 0.3372834453125 1 0.33214310468749997
0 0.9176313468749999 0.1475626390625 0.9170532156250001 0.1329587 0.908880471875 0.1290666296875 0.8996352140624999 0.13043505312499998 0.8944730421875 0.14210630625 0.8946635593749999 0.15254548125 0.8969958109375 0.16082046875 0.9018606968749999 0.1627392328125 0.91061815 0.164521653125 0.9151923265625002 0.1633168453125 0.915974128125 0.15493278125 0.9176313468749999 0.1475626390625
0 0.8983952046875 0.06675880625 0.904038603125 0.0686503 0.911045221875 0.06840487656250001 0.918539646875 0.065008609375 0.9220445999999999 0.060707500000000005 0.923802009375 0.046021753124999995 0.9150478453125 0.035882540625 0.903567240625 0.0300171671875 0.8926680546875 0.0303989390625 0.8887722015625 0.03889208125 0.8905164562500001 0.0576335125 0.8983952046875 0.06675880625
1 0.409375 0 0.409375 0.5906396468749999 0.434100503125 0.6000914515625 0.454726171875 0.6119040046875 0.472631978125 0.611276809375 0.49335455 0.6241305546875 0.508530628125 0.63613399375 0.5134396984375 0.6390625 0.6912019140625001 0.6390625 0.694789109375 0.6316989921875 0.69956366875 0.6158629765625 0.706182675 0.6114527875 0.716403540625 0.6037826828124999 0.7203962984375 0.5963307312499999 0.7284754296875 0.590824815625 0.7358729484375 0.5863873578125001 0.749789284375 0.5848553171875001 0.7564050046874999 0.5888019265625 0.770902759375 0.5935170296875001 0.7753833203125 0.5829142375 0.7638091 0.56765088125 0.7691650796875 0.5580620093750001 0.7630371640625 0.550964559375 0.7604142046875 0.5395660015625 0.773749121875 0.5317868171875 0.787177653125 0.5334056171875 0.7931084734375 0.54677748125 0.8069279078125 0.5442042515625001 0.809463828125 0.529491234375 0.8150136140625002 0.52198474375 0.8218264281250001 0.5196569390625 0.8239714499999999 0.5091359546875001 0.8453756312500001 0.5209212390625 0.907940828125 0.53857685 0.8774884828125 0.521885575 0.8513228937499999 0.49250912812500003 0.8568759671875 0.4766458421875 0.8636953578125001 0.457604446875 0.8679854015625 0.43656247812500004 0.8761647234375001 0.42374095624999997 0.8758838796875 0.3955469984375 0.8713195671874999 0.37168142187500003 0.8700598265625 0.3581459421875 0.8801837875 0.349434646875 0.8805779765625001 0.33688581875 0.8845740234375 0.3210770734375 0.8948885015624999 0.3228049515625 0.908704646875 0.3285885171875 0.9146453328125 0.3168899953125 0.9121225640624999 0.29817583281250004 0.9038562015625 0.2848857765625 0.9024995578125001 0.2703091078125 0.8919945625000001 0.25814205156250003 0.88684554375 0.23638612499999997 0.8832502640625 0.2229324546875 0.8838382593749999 0.21246600781249997 0.8892878515625 0.2122751234375 0.8966820828125 0.2161944609375 0.8925053843749999 0.19649364687499998 0.8912456437500001 0.1829581671875 0.8896951953125001 0.166299115625 0.8873662312499999 0.149667334375 0.8756918203125 0.14171957968749999 0.8783213578125 0.1364045484375 0.8801756703125001 0.1227599921875 0.873950853125 0.11462135312499999 0.8581867796874999 0.1130843609375 0.8651966890625001 0.10448213906249999 0.8628677249999999 0.0878503578125 0.8471069421875 0.07795656875 0.8491550609375 0.06639439375 0.8538327171875 0.0495171890625 0.8550054203125 0.0369410921875 0.8328227234375 0.025183078125 0.826795 0.010770024999999999 0.8159960046875 0.0038361906250000003 0.81525393125 0 0.409375 0
0 0.293439634375 0.9374141765624999 0.286048690625 0.9251380421875 0.28118380468750004 0.9232192781249999 0.28156483906249996 0.9440976296875 0.2845754125 0.9596609515625 0.2943018984375 0.9718552765625 0.302080453125 0.9882961734375 0.2986822671875 0.9685680874999999 0.304622953125 0.9568695671875 0.2963565921875 0.9435795125 0.293439634375 0.9374141765624999
0 0.25796476875 0.8247970109375 0.26136624375 0.8361683015624999 0.2694420859375 0.8390191781249999 0.278981340625 0.8324175328125 0.2836557078125 0.8238971218750001 0.279181721875 0.8177863234375 0.2659469953125 0.818249903125 0.25796476875 0.8247970109375
0 0.12762945781249999 0.9097953765625 0.1346360765625 0.9095499515625001 0.14670138906250002 0.9133056734375 0.154489809375 0.904676184375 0.156147028125 0.8973060390625001 0.1398015375 0.8895219031250001 0.130459378125 0.8898491359375 0.1256881078125 0.8973283562500001 0.12762945781249999 0.9097953765625
0 0.0941895578125 0.819043215625 0.0864110015625 0.80260231875 0.07862586875000001 0.8028750109375 0.0714188671875 0.8177516453125 0.08211766875 0.8320010812499999 0.088345775 0.8317829281250001 0.0941895578125 0.819043215625
0 0.011016675 0.9911793171875001 0.017732584375 0.9878103218750001 0.0242546890625 0.9823589453124999 0.0186178671875 0.9637538578125 0.0098604140625 0.9619714406250001 0.006352171875 0.9746293453125 0.0090720359375 0.9870690937500001 0.011016675 0.9911793171875001
0 0.15124771718750002 0.7355669828125 0.15620621875000001 0.7468837328125 0.16554837656250002 0.7465565 0.1732398953125 0.7368858203124999 0.170423128125 0.72340488125 0.166046046875 0.7183352734375 0.1532958359375 0.7240048078125 0.15124771718750002 0.7355669828125
0 0.821893996875 0.9536454015625001 0.8225788953125001 0.944220146875 0.817326396875 0.9381366203124999 0.8110013875 0.9373135828125001 0.801074521875 0.939750465625 0.79912659375 0.9439970375 0.7993171109375 0.9544362140625001 0.8088497875 0.96454815625 0.8163442125 0.961151890625 0.821893996875 0.9536454015625001
0 0.6955511328125 0.6390625 0.695722515625 0.6400809234375 0.7027038203125 0.645981003125 0.7067094234375 0.6495274671875 0.716442290625 0.645499778125 0.7161645437499999 0.6390625 0.6955511328125 0.6390625
0 0.7200763453125 0.6390625 0.7217096703125 0.642857428125 0.73304245625 0.6461472390624999 0.741171534375 0.6446335750000001 0.743691221875 0.64208746875 0.742882846875 0.6390625 0.7200763453125 0.6390625
1 0.409375 0.6390625 0.409375 1 0.6652297453125 1 0.6708578656249999 0.9850504453125 0.6832282921875 0.9698700578124999 0.6830118921875 0.9379256281250001 0.68543691875 0.884996975 0.6880860828124999 0.84434970625 0.6955350078125 0.8256549375000001 0.7027520562499999 0.8143418296875 0.6823820312500001 0.79293471875 0.6766663734374999 0.7710143 0.6971620062499999 0.764151771875 0.692708128125 0.7360425421875 0.6759978265625 0.7243386265625 0.680585053125 0.704515171875 0.693521628125 0.7052909578125 0.7051964265625 0.7122555609375001 0.719512653125 0.6982359406249999 0.7176885937499999 0.67863705625 0.7071654374999999 0.6544271875 0.6859857796875 0.653940134375 0.673968971875 0.643300740625 0.667917809375 0.6390625 0.409375 0.6390625
0 0.7165929234374999 0.8445801078125001 0.7273595609375001 0.83191374375 0.7226699359375 0.821017696875 0.7162625171875 0.8114107453124999 0.7027520562499999 0.8143418296875 0.707893828125 0.8399691203125 0.7165929234374999 0.8445801078125001