0 0.0081611671875 0.351260990625 0.026930139062500004 0.35019473125 0.036478581249999996 0.3356827640625 0.03241295625 0.326945640625 0.0209318953125 0.328546425 0.01358933125 0.3326715140625 0.0103852640625 0.3393209078125 0.0081611671875 0.351260990625
0 0.025555345312499998 0.023196259375 0.022323953125 0.0321754609375 0.0201454015625 0.0402325328125 0.0378250953125 0.0431948109375 0.0504500828125 0.032905878124999996 0.051594012499999994 0.024217728124999997 0.042291504687499995 0.017761440625 0.0318632859375 0.01844009375 0.025555345312499998 0.023196259375
0 0.0689093578125 0.0582440921875 0.0813794984375 0.061157395312499994 0.09188058593750001 0.054265923437499995 0.0929971875 0.0479075796875 0.083712896875 0.0398980875 0.07428286875 0.044314225 0.0689913359375 0.051254671875000005 0.0689093578125 0.0582440921875
0 0.3821287375 0.4503091375 0.3936097984375 0.4487083546875 0.40721475781249994 0.4437101109375 0.410409715625 0.43783731875000004 0.41368665312499997 0.4249751078125 0.4044023640625 0.4169656125 0.388746371875 0.41914850000000003 0.378217959375 0.428369778125 0.3770558140625 0.43861113124999995 0.3821287375 0.4503091375
0 0.38557497343749997 0.5118552046875 0.3939885953125 0.505254784375 0.4034914921875 0.4946258265625 0.3931816890625 0.4852086546875 0.37647285625000004 0.48831366875000004 0.3701467 0.4946230390625 0.3720702078125 0.508310825 0.3782779515625 0.5120972828125 0.38557497343749997 0.5118552046875
0 0.29315641718749996 0.4844236859375 0.2963969203125 0.4746678828125 0.296497115625 0.46612525937499993 0.2882110140625 0.46185325 0.2767390625 0.4626774328125 0.2724821546875 0.47024895312500004 0.276511346875 0.48209248593750004 0.285859396875 0.48466576406249995 0.29315641718749996 0.4844236859375
0 0.4995733203125 0.387414125 0.51112725 0.37960052499999997 0.5164643265625 0.36877706875 0.5133695640625 0.36610723749999996 0.48934549218749995 0.371007534375 0.48301022656250003 0.37809350625000004 0.48398109062500005 0.384160796875 0.4995733203125 0.387414125
1 0.559375 0 0.11923753906250001 0 0.11735827812499999 0.014273004687499998 0.10458755156249999 0.036987571875 0.10108289687500001 0.0692648359375 0.0977422 0.0875632625 0.1039590515625 0.09057311875 0.099529078125 0.11290008124999999 0.0877565390625 0.13935213125 0.0916764265625 0.1605148890625 0.0956874 0.173911625 0.1028204640625 0.1876483859375 0.1203726375 0.2014830921875 0.11391895781250001 0.2186648921875 0.1179663671875 0.22895521875 0.09694597499999999 0.2442913671875 0.1019551390625 0.2614255890625 0.1582620515625 0.2582268109375 0.1831841140625 0.265606621875 0.1778470359375 0.276430078125 0.1684534421875 0.277739809375 0.15788859375 0.290067496875 0.16607449999999999 0.3028821296875 0.19219514375 0.2969141796875 0.2120351703125 0.29337258906249997 0.2279006609375 0.2733278546875 0.23290982656249998 0.29046207343749997 0.2569338953125 0.2855617765625 0.26619085937500003 0.295901078125 0.27025648593749996 0.30463819999999997 0.2878997453125 0.3107068859375 0.3243028671875 0.3164859140625 0.338742059375 0.32920399375 0.3583999140625 0.341194446875 0.3603689671875 0.350999221875 0.360195903125 0.3657546625 0.3799630609375 0.3684258875 0.441725465625 0.34430782656250003 0.46890805625 0.336641146875 0.47296457500000005 0.34615487031250003 0.4948829625 0.34309883124999996 0.5019795890625 0.35994199843749997 0.5270838265625 0.35178976875 0.546914746875 0.3490247796875 0.556444971875 0.336066015625 0.559375 0.33725055 0.559375 0
0 0.13328156875 0.34467033125 0.15313070625 0.3403521375 0.1595024078125 0.3301597578125 0.1502727703125 0.3174906515625 0.1419411265625 0.3171016515625 0.12933435625 0.3258373796875 0.126048309375 0.33947619375000004 0.13328156875 0.34467033125
0 0.6232290828125 0.3076920109375 0.608717021875 0.301186746875 0.59621955625 0.3006032515625 0.5856364890625 0.3144841421875 0.60013033125 0.322542609375 0.6105130078125 0.325746965625 0.6210323140625 0.3173022875 0.6232290828125 0.3076920109375
0 0.6785651328125 0.2984259421875 0.680534184375 0.30823071875 0.688838503125 0.31094952343750004 0.7035509546875 0.30036953906249997 0.696399675 0.2881859828125 0.6776033781249999 0.2915820484375 0.6785651328125 0.2984259421875
0 0.746999821875 0.23848762968749998 0.7541966453125 0.246788175 0.76886355625 0.2400912015625 0.7731477906249999 0.2301898734375 0.7669855890624999 0.2225204046875 0.7440052546875 0.227275175 0.746999821875 0.23848762968749998
0 0.71411423125 0.11049101406249999 0.7213657062500001 0.11413194687499999 0.733954259375 0.1069494234375 0.73308359375 0.0923395078125 0.7226827 0.0906883578125 0.709077740625 0.0956866 0.7027789109375 0.09966616406249999 0.7047843984375 0.10636453125 0.71411423125 0.11049101406249999
0 0.8685791343750001 0.26728064375 0.85704341875 0.273541040625 0.856943225 0.2820836625 0.861017959375 0.2900441828125 0.873542753125 0.2882978734375 0.88297278125 0.2838817328125 0.8851877671875 0.2727182515625 0.8685791343750001 0.26728064375
0 0.923222921875 0.3170363359375 0.93470398125 0.315435553125 0.9358205828124999 0.309077209375 0.9358934515625 0.30286439375 0.92656361875 0.298737909375 0.9161262921875 0.3001931671875 0.9118693828125 0.3077646890625 0.9138839796875 0.3136864546875 0.923222921875 0.3170363359375
1 1 0 0.75396621875 0 0.7517379171874999 0.012205357812500001 0.76309145625 0.021477003124999998 0.767120646875 0.033320534375 0.7720751578125 0.0551143671875 0.7574082484375 0.06181134218749999 0.75833356875 0.07176164375 0.76228078125 0.09059459375 0.77143755 0.1094765171875 0.77858883125 0.1216600734375 0.7700385781250001 0.139909525 0.7845233140625 0.1487445953125 0.7885069625 0.1644711375 0.767523003125 0.176700878125 0.75381785 0.1902417453125 0.7043069765625 0.23591156249999998 0.7610419984375 0.196212484375 0.77674353125 0.1901465875 0.796756628125 0.17184955468750002 0.811277796875 0.177578215625 0.796492475 0.194371015625 0.8194272687499999 0.1934992578125 0.8245001921874999 0.20519726249999998 0.8253708609375 0.219807178125 0.8148606624999999 0.22747525156249998 0.8188625296875 0.24164858906250003 0.8397280734375 0.23951467656249997 0.8573804421875 0.244806759375 0.8690163515625 0.230003740625 0.880406321875 0.2361689796875 0.8928035921875 0.24529510000000002 0.902994984375 0.2648081 0.9007708875 0.2767481828125 0.8838889921874999 0.2946086375 0.8785063718749999 0.30931510625 0.8604623296874999 0.33741691406249996 0.8655443625 0.34833831718749997 0.8664787921875 0.35751201718750003 0.8768887921875 0.3583865640625 0.9021752015625001 0.334702290625 0.905570553125 0.311744253125 0.9214542609375 0.2901463125 0.9276984390624999 0.2908263625 0.9422196093749999 0.2965550234375 0.960888384375 0.30403138749999997 0.9816628421875 0.309663496875 1 0.30955553125 1 0
0 0.0065772828125 0.9307339296875 0.012803243750000002 0.9329671843749999 0.0253280359375 0.931220875 0.038960320312500005 0.923892825 0.038107871875 0.9077297062499999 0.027761631250000002 0.9014189421874998 0.0214992359375 0.9022920953125 0.0026118515625000002 0.9134541828125 0.0025298734375 0.9204436031250001 0.0025207640625 0.9212202046875 0.0065772828125 0.9307339296875
0 0.16571651874999999 0.8666775 0.1542536765625 0.8667250796874999 0.144796321875 0.8734710265625001 0.143752590625 0.8736165515625001 0.13537540312500002 0.8771105640625001 0.1425266828125 0.8892941203125 0.16232117031249998 0.8896355390625 0.1665143171875 0.8875002328124999 0.169827690625 0.8715316125000001 0.16571651874999999 0.8666775
0 0.136167859375 0.809546178125 0.1205847390625 0.805516246875 0.10800529375000001 0.8119221703124999 0.10168824531250001 0.8174549375 0.099500584375 0.8262886125 0.09941860625 0.8332780312500001 0.1076591625 0.8414330515625 0.124331559375 0.8414344453125 0.133852675 0.8292522828125 0.1371113953125 0.8179432765625 0.136167859375 0.809546178125
1 0.559375 0.659375 0.2370598765625 0.659375 0.2336304390625 0.673454671875 0.22316578593749997 0.6772397375 0.2230382640625 0.6881121671875 0.236497484375 0.69553955625 0.2322041421875 0.7062174875 0.230950909375 0.7242248625000001 0.24233177343749998 0.731166703125 0.26523013125 0.7334013515625 0.2660643625 0.7511176749999999 0.2576416328125 0.7584946968749999 0.25955603125 0.7729590875 0.2510968671875 0.78344251875 0.2530021578125 0.798683509375 0.28835243906249997 0.8053846671875 0.292326978125 0.821887809375 0.2973816859375 0.8351390203125 0.315125140625 0.8326650828125001 0.32653333125 0.837277115625 0.3662589328125 0.826310921875 0.37764890625 0.8324761609375001 0.37863798593750003 0.8369902484375 0.3953377109375 0.8346618359375 0.4243162890625 0.8515553734375001 0.4492656765625 0.856605378125 0.45219648437500004 0.8732540484375001 0.475103953125 0.87471209375 0.5073048171875 0.8834030328125 0.5375912828125 0.8776295812499999 0.53322506875 0.894520328125 0.559375 0.8973683031250002 0.559375 0.659375
0 0.559375 1 0.5721207578125 1 0.5734695578125 0.9996118984375 0.57978660625 0.99407913125 0.57990501875 0.983983303125 0.576910453125 0.9727708484375001 0.5727446296875 0.97257635 0.5612635703125 0.9741771328125001 0.559375 0.9760430640625 0.559375 1
1 1 1 1 0.659375 0.559375 0.659375 0.559375 0.9521202531250001 0.5656662171875 0.9541799765625001 0.5760580015625 0.9566077296875001 0.5896629609375 0.9516094875000001 0.5926848546875 0.960492134375 0.584280340625 0.9663159546875001 0.579977890625 0.9777704859374999 0.5881911203125 0.9882553125 0.6059983359375 0.9803451593750001 0.6090020125 0.9907810125000001 0.5974480828125001 0.9985946125 0.601631634375 1 0.624652796875 1 0.63406070625 0.9865117921875001 0.6507259375000001 1 1 1