0 0.7253998171875 0.41674591562499996 0.7166213625 0.407845875 0.700266396875 0.4158572109375 0.7102696359375 0.4286073328125 0.7188295546875 0.4328143875 0.7301896906249999 0.42979974218750006 0.7253998171875 0.41674591562499996
0 0.6717870671874999 0.2308562171875 0.6711814625 0.24030292812499998 0.6829058203125 0.245109925 0.7033586359374999 0.2352912953125 0.7019517375000001 0.2275303953125 0.701806046875 0.22440173749999998 0.6973803984375 0.21916955312500003 0.6806976296875 0.2201414125 0.6717870671874999 0.2308562171875
0 0.6772010749999999 0.14505364999999998 0.6818088343750001 0.1541966546875 0.7024801859375 0.1490710109375 0.70502544375 0.13637416093750002 0.7006362171875 0.131924140625 0.687008621875 0.13114944687500002 0.676800428125 0.13644984375 0.6772010749999999 0.14505364999999998
0 0.6049053484375 0.3437681796875 0.6103372499999999 0.3481574578125 0.6247525578124999 0.3433962609375 0.6263644140625 0.3331066453125 0.6197077281250001 0.3248672859375 0.6112570749999999 0.3230067234375 0.603024959375 0.32583914375 0.6013038390625 0.33378226718750004 0.6049053484375 0.3437681796875
1 0 0 0 0.5281217671875 0.013367726562500001 0.5280269703125 0.0364522234375 0.5298193203125 0.063694825 0.5390625 0.21252689687499998 0.5390625 0.21245900624999997 0.53760458125 0.21870954843749998 0.5390625 0.33846228125 0.5390625 0.344163609375 0.536990671875 0.352429096875 0.5390625 0.3767294734375 0.5390625 0.38989553125 0.531189403125 0.38057074218750003 0.5105568984375 0.3802065171875 0.5027352578125 0.38840220937500003 0.499120671875 0.4348490046875 0.486219184375 0.4384733609375 0.47424375625000004 0.4656557015625 0.4742288140625 0.47668803593750003 0.464174690625 0.4637981578125 0.4343384421875 0.48302618593749996 0.42066973125 0.49950399843750004 0.43774839062500004 0.5149255578124999 0.43214428906249996 0.5088744765625 0.41445821875 0.5348684578125 0.411375359375 0.5291315984375 0.377985265625 0.5435104859375001 0.37244190312500003 0.5668863625 0.38049156875 0.5680975703125 0.36159814375 0.5809602921875 0.345947390625 0.581274515625 0.330243365625 0.5663492906250001 0.32405426406250004 0.581224515625 0.3067176984375 0.6119355234375 0.3151243390625 0.618724321875 0.303748853125 0.6202997515625001 0.29267707187499997 0.5885824937499999 0.2851133375 0.5848717156250001 0.27278093281250004 0.6104786265625 0.283837771875 0.6192799234375 0.2707764734375 0.6071549171874999 0.25736567187500003 0.6093359515625 0.23684717812499997 0.6149363859375 0.2224037765625 0.6142443609375 0.2075426578125 0.6215294921875001 0.18437396718750002 0.618642853125 0.16728783593750002 0.6279040625000001 0.14165117031250002 0.624375396875 0.1332295890625 0.615742634375 0.1274582046875 0.6129652609375 0.1127185671875 0.6020286171875 0.10237568125 0.603421934375 0.0873930796875 0.58601071875 0.0727216546875 0.5797546796875 0.0730861 0.57866200625 0.049621175000000003 0.5703798890625 0.0289279296875 0.5531507828125 0.018167325 0.543001853125 0.0022885484375000003 0.5411319812500001 0 0 0
0 0.5600382984375 0.41304622812499997 0.5627292484375 0.4034780359375 0.5538779500000001 0.393013665625 0.5329880671875 0.393446325 0.5371723359375 0.41594686249999996 0.5530309671875 0.4197287296875 0.5592505828125 0.41858211875 0.5600382984375 0.41304622812499997
1 1 0 0.759375 0 0.759375 0.3760080578125 0.7698564453125 0.373409090625 0.8041604703124999 0.37048801249999996 0.7950326750000001 0.3857827859375 0.823846078125 0.3970219046875 0.8278957765625 0.3783322 0.8298349281249999 0.3671469609375 0.8487063859375 0.376197184375 0.86723505 0.3778858609375 0.882710465625 0.36683475312499997 0.9009820265625 0.3630022703125 0.9205231125000001 0.360018521875 0.9571519374999999 0.3541939421875 0.9844387171874999 0.35906317187500003 1 0.3483685203125 1 0
0 0.71144330625 0.685147040625 0.7098542984375 0.67347531875 0.7108241234375 0.67185025 0.6990633421875 0.6662610890625 0.6856907046875 0.6709615453125 0.6841152734375 0.6820333265625 0.692784459375 0.688586875 0.7001924390625 0.690508178125 0.71144330625 0.685147040625
0 0.7229589234375 0.5390625 0.7247344734375 0.5439855687499999 0.736349565625 0.5464460734375 0.752777378125 0.539999065625 0.752273909375 0.5390625 0.7229589234375 0.5390625
0 0.5966443203125 0.75693041875 0.6017119953125001 0.7534980578124999 0.6106954046874999 0.74434758125 0.5977098359374999 0.734908340625 0.5862404328124999 0.73557649375 0.5749167203125001 0.739373303125 0.5754266343750001 0.7503236015625 0.5831259921874999 0.75850221875 0.5966443203125 0.75693041875
0 0.4353571625 0.9529863062499999 0.44146750937499996 0.9494932046875 0.44404919375 0.9375785171875 0.43739250781249994 0.9293391578125 0.423837759375 0.93012879375 0.41895219531250005 0.9374719765625 0.419279996875 0.9445114546875001 0.4269065109375 0.9511257437499999 0.4353571625 0.9529863062499999
0 0.2027639234375 0.897518915625 0.2137234125 0.8859004640624999 0.21630509375 0.873985778125 0.20928418437500002 0.857924778125 0.1915951671875 0.8597395421874999 0.183654428125 0.8688292765625001 0.18740162968750002 0.8819438453125 0.194131159375 0.8917475312500001 0.2027639234375 0.897518915625
0 0.096556965625 0.9068431718750001 0.1033957625 0.9189933515625001 0.12104835781250001 0.9163964234374999 0.127873578125 0.9058031 0.12473197968750001 0.883241821875 0.1150201203125 0.876749015625 0.10768498906249999 0.8763920374999999 0.0925548078125 0.8882534546875 0.0950772234375 0.8975179421874999 0.096556965625 0.9068431718750001
1 0 0.5390625 0 0.788937825 0.008358204687499999 0.7864954546874999 0.0113041109375 0.7824024093749999 0.031806925 0.796109446875 0.0422336546875 0.795502034375 0.0562618953125 0.8048805343750001 0.0718427234375 0.8251485921875 0.08748281875 0.8242374734375 0.09508648750000001 0.8528131015625 0.104543390625 0.853830759375 0.10783994374999999 0.8348158531250001 0.1273593515625 0.8274044578125 0.1427809125 0.82180035625 0.16403501874999998 0.8291893375000001 0.1777354578125 0.8315283609375002 0.1845378328125 0.8428963749999999 0.2064339671875 0.8416208109374999 0.2193831125 0.8502778875000001 0.2403822625 0.8521917203125 0.25501610625 0.8521235078125 0.2779549140625 0.8507872031249999 0.2708247359375 0.832379709375 0.2936906984375 0.8294790750000001 0.3136835953125 0.8322358140624999 0.321624334375 0.823146078125 0.336185334375 0.8215135390625001 0.3226441640625 0.8450466765625 0.33641744687499997 0.8489500249999999 0.3459107703125 0.8507498484375 0.3571387953125 0.8673500484375 0.3737487203125 0.8648138624999999 0.399064253125 0.8696133875000001 0.40365843437500004 0.8560128890625001 0.3853138125 0.8437486984374999 0.388683209375 0.826298121875 0.3998383890625 0.84133399375 0.42408840468750003 0.8681555984375 0.4373881953125 0.861890815625 0.42464400625 0.8351832218749999 0.40891748906250003 0.81178650625 0.40136382031249995 0.806736546875 0.410456496875 0.7999325609375 0.41897999375 0.8033574531250001 0.42667935312500005 0.8115360718750001 0.443289275 0.8089998843749999 0.4471321640625 0.8017174421875 0.4721563171875 0.8002596546875 0.493578959375 0.78881595625 0.5170505249999999 0.776468609375 0.530204625 0.76707516875 0.5449841609375 0.7701356140625 0.531902903125 0.7810933828125 0.529503334375 0.796918890625 0.544137178125 0.796850678125 0.5521507609375 0.7893252703125 0.55268351875 0.7783142296875 0.5669302953125 0.7923857156249999 0.566543225 0.8065254124999999 0.582838925 0.8196932484375001 0.5965757859374999 0.8228144359374999 0.595810915625 0.8063889875000001 0.59623440625 0.7930314562499999 0.5819147859375 0.77739564375 0.5706503390625 0.760013278125 0.5639572312500001 0.7509917546875 0.55920378125 0.7387200921875 0.5658468875 0.7242159484374999 0.573569090625 0.7104332281250001 0.5836315937500001 0.702004175 0.589669096875 0.6969467421875 0.610886784375 0.7035535609375 0.627533128125 0.7017995390625 0.6460098624999999 0.6944488843750001 0.6441658968749999 0.6773020125 0.63132601875 0.670991428125 0.6429275328124999 0.65070843125 0.643387446875 0.6381330625 0.663635303125 0.6463649499999999 0.651401028125 0.6306076546874999 0.6646643984375 0.6235607062499999 0.700128859375 0.644239009375 0.7483239296875001 0.6688814046875 0.7100820984375 0.6334634625 0.691701053125 0.6204171078125 0.6736842296875001 0.61519239375 0.6803637609375001 0.6014704140625 0.685563546875 0.57842320625 0.68048229375 0.559112065625 0.6871982453125 0.5461722499999999 0.6916997265625 0.5390625 0 0.5390625
0 0.8642795953125001 0.6227721234375 0.8646073984375 0.6298116015625 0.8679539515625001 0.6343223640625 0.8650808890625001 0.6399797359375 0.8719196874999999 0.652129915625 0.8991384531250001 0.6528971390625 0.9072248796875 0.6469360609375 0.9069699234374999 0.6414609109375 0.9015380234375 0.63707163125 0.8947720703125001 0.62648578125 0.8912434046875 0.618064196875 0.884732409375 0.6129534953125 0.875166240625 0.60958934375 0.8679403734375001 0.6115788609375 0.8642795953125001 0.6227721234375
0 0.7619322296875 0.6438344203125 0.7634115218749999 0.66691845 0.7686586359375001 0.657361128125 0.7683672546875 0.651103815625 0.7639416078125 0.6458716296875 0.7619322296875 0.6438344203125