0 0.5 0.1668577671875 0.4858392828125 0.168013696875 0.47472431249999997 0.1762669625 0.46727155 0.18544560937500001 0.46717173125 0.194024040625 0.47627734843749997 0.200626709375 0.49012115468750006 0.194599346875 0.5 0.192971284375 0.5 0.1668577671875
0 0.5 0.296323 0.49074730000000005 0.298615959375 0.483323059375 0.30534362656249997 0.4823896828125 0.30664414375 0.5 0.30325430625 0.5 0.296323
1 0 0 0 0.3296875 0.20009691406250002 0.3296875 0.3748529171875 0.3154222921875 0.3888108015625 0.29959100625 0.3898297375 0.290937546875 0.402996840625 0.2641518765625 0.41768846406250004 0.2641769375 0.42514122343749994 0.2549982890625 0.41054942031249997 0.24639479999999997 0.42923123125 0.2191589671875 0.44423657031249997 0.1922232421875 0.4501220328125 0.159910334375 0.4633176578125 0.1306736828125 0.470984315625 0.10311268437500001 0.48040364999999996 0.082754571875 0.4723882671875 0.061370990624999996 0.45954914062499996 0.0599703859375 0.47340720625 0.0527175328125 0.47989806875 0.047290384375 0.47183990781249996 0.029583271875 0.4608532765625 0.026807124999999998 0.46751525781250003 0.00667409375 0.46808995624999994 0 0 0
0 0.9961136125 0.19807835625 0.997161521875 0.175097915625 0.9885314093750001 0.17892441718750002 0.9830020562499999 0.1845791609375 0.9805492171874999 0.1941454796875 0.9890096374999999 0.20490231093750003 0.9961136125 0.19807835625
0 0.8421357328125 0.082644159375 0.8507173609375001 0.082984321875 0.8608736109375 0.082155275 0.8657308046875001 0.06718930468749999 0.8635325046875 0.0548806234375 0.8557200046875 0.055518353124999996 0.8502148921874999 0.0590897625 0.8430987953125 0.0669553859375 0.8391076999999999 0.074565915625 0.8421357328125 0.082644159375
0 0.8987791140624999 0.11132207187500001 0.8909787343750001 0.1109181328125 0.8784666140624999 0.11298016562499999 0.8830813890625 0.11884752968750001 0.888416809375 0.1298594515625 0.8961323421875 0.1375550578125 0.9032120750000001 0.132814434375 0.9056649125 0.123248115625 0.904223621875 0.11295899375 0.8987791140624999 0.11132207187500001
1 0.524487190625 0 0.5237923296875 0.00664393125 0.511928128125 0.020100525 0.5 0.027091621875 0.5 0.3296875 0.9520292109374999 0.3296875 0.9479659203124999 0.31127972812500004 0.955118378125 0.3002891046875 0.9684481125 0.2950383 0.9802880703125 0.283665040625 0.9812268921874999 0.2700596 0.9837282140625 0.2563266140625 0.9625981015625001 0.26117348281249997 0.9541619234375001 0.24833331875 0.9692480906250001 0.2262883 0.974129525 0.209238996875 0.9505586953125 0.222610515625 0.9169043406250001 0.23056108281249998 0.9098730906250001 0.2311350375 0.9076141875000001 0.224034690625 0.907317771875 0.182431796875 0.8990512859375 0.1550082984375 0.8875749546874999 0.13513155937500002 0.8783332843749999 0.12443849843749999 0.8768919937499999 0.11414937968750001 0.8996452109374999 0.10396663125000001 0.905320015625 0.08581188906250001 0.9320522078125 0.069060278125 0.9329667875000001 0.057538170312500005 0.907100690625 0.0669343421875 0.8897798609375001 0.079795678125 0.8757658453125 0.076776925 0.85370903125 0.094187565625 0.83964653125 0.0953354765625 0.824887628125 0.0892554953125 0.8124845953125 0.081942528125 0.8015470953125 0.0828353484375 0.8119215203125 0.06325630156249999 0.8081970843749999 0.047950165625 0.80288590625 0.0348549078125 0.80459385625 0.0222273625 0.7875033234375 0.0152970328125 0.7811078734375 0.028307215625 0.7748578734375 0.028817398437500003 0.7664095734374999 0.0170189015625 0.7524561625 0.0087918125 0.739907678125 0.01397884375 0.7289130937499999 0 0.524487190625 0
0 0.4553277171875 0.376394159375 0.458367871875 0.3834307328125 0.46382450000000003 0.3840259890625 0.47164912187499997 0.38234659375 0.47404135468749997 0.377988609375 0.474174684375 0.366530275 0.467179796875 0.36397923125 0.464054796875 0.364234321875 0.460148546875 0.3645531875 0.45620593437499996 0.3679970515625 0.4553277171875 0.376394159375
0 0.4516683046875 0.5567300375 0.4531095953125 0.5670191593749999 0.45851774062499995 0.5717810812499999 0.4671357328125 0.5689962468750001 0.47426395 0.56008895625 0.47591129531250004 0.5526697453125 0.47443364218750006 0.5455056234375 0.46983098749999996 0.53859659375 0.460468109375 0.5383202031250001 0.45811223749999996 0.5395531874999999 0.45573212500000004 0.54286950625 0.45175314999999994 0.5494383703125 0.4516683046875 0.5567300375
0 0.37207225781250003 0.48829864375 0.3751245328125 0.4942935515625 0.3844874125 0.4945699453125 0.3876608953125 0.4901481859375 0.3900773703125 0.48370686718750006 0.3893688453125 0.477520640625 0.385535321875 0.47158950468749994 0.37934592500000003 0.46689135468750004 0.37153342500000003 0.467529084375 0.3691533125 0.47084540312499995 0.3690805875 0.477095403125 0.3697891125 0.48328162968750005 0.37207225781250003 0.48829864375
0 0.2743983734375 0.4307090265625 0.2760820828125 0.4201648140625 0.2746650328125 0.407792359375 0.271637 0.39971411875 0.2645572671875 0.40445474062500003 0.2628856796875 0.4139572875 0.2627644703125 0.42437395312500004 0.2665858734375 0.43134675468749994 0.2743983734375 0.4307090265625
0 0.5 0.5982526296875 0.49564199374999995 0.60101165 0.49317703437500005 0.611619634375 0.4992937046875 0.6225677859375001 0.5 0.62251013125 0.5 0.5982526296875
0 0.6788082281250001 0.9041157359374999 0.6788567109375 0.89994906875 0.6727642828125 0.8869175859375 0.6688701531250001 0.8861947828125001 0.662620153125 0.8867049671875 0.656297428125 0.8934651500000002 0.647594590625 0.9035416515625 0.6458623984375 0.9182525296874999 0.6504408093749999 0.9272448921875001 0.6683974390625 0.9268197828125 0.6739146734375 0.9222067062499999 0.6788082281250001 0.9041157359374999
0 0.642374865625 0.8155101671875 0.6485400203125 0.8222916515625001 0.6617849078125 0.8243325125000001 0.6681803578125 0.8113223296874998 0.6675203171875 0.8009694343749999 0.66366255 0.797121634375 0.654299671875 0.796845240625 0.6464386875 0.8016496375 0.642374865625 0.8155101671875
0 0.7388035828125 0.5776490890625 0.7349458156249999 0.5738012859375 0.7216524453125001 0.5759270921875 0.7106179781249999 0.5851532453124999 0.71592915625 0.5982485015625001 0.72292404375 0.600799546875 0.72921040625 0.5971643640625001 0.7339221484375 0.5946983937500001 0.7394757453125 0.5869603156250001 0.7388035828125 0.5776490890625
0 0.70090359375 0.6150851875 0.6953621171875 0.621781596875 0.674219884375 0.62767013125 0.670168184375 0.640488996875 0.684230684375 0.639341084375 0.7007339015625 0.6296685203125 0.7069839015625 0.6291583375 0.7264666671875 0.63173068125 0.7296280296875001 0.628350590625 0.728162496875 0.620144803125 0.7219731015624999 0.6154466515625 0.7079712062500001 0.61138623125 0.70090359375 0.6150851875
0 0.8855154984375 0.5125985609375 0.86276228125 0.52278130625 0.85580375625 0.5171052625 0.8472342484375 0.51572343125 0.8260556515624999 0.524736965625 0.8266429671875001 0.5413398593750001 0.8398878546875 0.5433807203125001 0.857172321875 0.5336443843750001 0.8634344421875 0.532092534375 0.868854709375 0.535812790625 0.89397591875 0.5233553921875 0.86975716875 0.5253323515625 0.8855154984375 0.5125985609375
0 0.7149793093750001 0.478648153125 0.712587075 0.48300613906249995 0.7054831 0.4898300953125 0.7022611328125 0.49841852031249995 0.706851665625 0.5063692171875 0.7138707953125 0.5068369265625 0.7186552625 0.49812095625 0.7257834796875 0.4892136671875 0.732899575 0.4813480453125 0.7227433249999999 0.48217709218750004 0.736999759375 0.4643625125 0.7299200265625 0.46910313593749997 0.726770784375 0.4714415609375 0.7149793093750001 0.478648153125
0 0.5934194515625 0.46151339062499996 0.58477721875 0.466381559375 0.5830692671875 0.4790091046875 0.5899550671875 0.49093514843749997 0.5985488171875 0.490233646875 0.6017465421875 0.48372855625 0.6057133968749999 0.47820135624999993 0.60657949375 0.47084591875 0.601171346875 0.46608399375000004 0.5934194515625 0.46151339062499996
0 0.5387264390625 0.399374596875 0.530108446875 0.40215943281249994 0.5268622374999999 0.41283119062499996 0.5282914078125 0.42416197968749997 0.5367760703125 0.4328354765625 0.5485917875 0.42354555000000005 0.549457884375 0.4161901109375 0.5487857218750001 0.406878884375 0.5457092046875001 0.40296730781249995 0.5387264390625 0.399374596875