0 0.5561087812500001 0.1735467203125 0.5508869375 0.17209324374999999 0.5445805484374999 0.18635518125 0.5501186625 0.19520555 0.5605623484375 0.1981125 0.562909259375 0.1888132609375 0.55919275 0.173783096875 0.5561087812500001 0.1735467203125
0 0.50057699375 0.294625446875 0.511407534375 0.3091476453125 0.5267567953125 0.306111178125 0.5296290109374999 0.29369249218750004 0.5290670546875 0.2831170609375 0.526612909375 0.2745030703125 0.5222665765625 0.2678505203125 0.5166945296875001 0.268476675 0.511718371875 0.2702017375 0.505445915625 0.274987153125 0.500610928125 0.285148925 0.50057699375 0.294625446875
0 0.5870299203125 0.2728144453125 0.5800909890625 0.2722825953125 0.5716806609375 0.2758509140625 0.5739936375 0.276028196875 0.564848965625 0.29323229375 0.567653315625 0.2997666546875 0.5828274718750001 0.297770003125 0.5869620515625 0.29176749062499996 0.5906758437499999 0.28362625625 0.5870299203125 0.2728144453125
0 0.4409757765625 0.37958224218750003 0.44865176562500003 0.38964970781249997 0.45513597343749995 0.3975193546875 0.4682767734375 0.3890474359375 0.4738827546875 0.378944759375 0.46936132031250005 0.37333202499999996 0.4512077109375 0.36983413125000003 0.4409757765625 0.37958224218750003
1 0.06034235 0 0.0345176265625 0.0061266953125 0 0.0130512875 0 0.6 0.3819016875 0.6 0.3837377703125 0.59426819375 0.380933421875 0.5877338328125 0.3828256109375 0.5857723921875 0.392848509375 0.58654061875 0.41243958437500006 0.5954148703125 0.42109560156250003 0.5950250921875 0.4289100390625 0.59035786875 0.42550980000000005 0.582724596875 0.421897809375 0.5624362656249999 0.43265505 0.549568709375 0.43005973593749997 0.5325180109375001 0.419966253125 0.5275314296875 0.41183554375 0.5248017625 0.4081896171875 0.5139899515625 0.4021967828125 0.5124773828125 0.4041568375 0.4915628953125 0.4045070421875 0.4894832671875 0.40846652031249997 0.4845205703125 0.41579230625 0.496667665625 0.426865815625 0.4911970015625 0.434889290625 0.4760134390625 0.431768671875 0.462082184375 0.41659451406250003 0.4640788359375 0.4064304484375 0.45487390312500003 0.4026800046875 0.4493202625 0.43386989531250003 0.44960440625000003 0.4250727125 0.44155747500000003 0.4362140890625 0.41713376718750006 0.4329183671875 0.40424232812499994 0.42538354843750004 0.4026115703125 0.42180820781249995 0.3960181140625 0.42401123281249997 0.355110765625 0.4096080671875 0.3571665125 0.4272675859375 0.3311359296875 0.42950726250000004 0.30392345781249996 0.4434190546875 0.29551063437499997 0.4463957890625 0.27783378124999997 0.44029571875 0.25840798125000003 0.42473470625000004 0.24878938593750002 0.4080864328125 0.23171480312499998 0.3955388046875 0.21811423125 0.39564060625 0.1896846640625 0.37867877656250004 0.1883845890625 0.3776933171875 0.1524990328125 0.37208461875 0.139430309375 0.3740080234375 0.1048209453125 0.3846240953125 0.08351668281249999 0.3878098640625 0.055323490625000006 0.3707435203125 0.059281584374999995 0.365312640625 0.0683444453125 0.356060734375 0.0676353140625 0.3505226203125 0.058784946875 0.3441429296875 0.045657128125 0.34466552031250003 0.019366284375 0.3460435515625 0 0.3177893703125 0 0.31722335468749996 0.0014643812500000001 0.30804203124999996 0.0049736046875 0.3088795734375 0 0.2973825796875 0 0.2968273546875 0.0020075593749999997 0.2896148765625 0 0.06034235 0
0 0.6420594671875001 0.052693040625 0.6302149640625 0.058104609375000005 0.62604645 0.0735836453125 0.633968125 0.08682965000000001 0.6394356546875 0.0914616640625 0.647704815625 0.07945664062499999 0.6508227171875001 0.0702164953125 0.6495942859375 0.0543238 0.6420594671875001 0.052693040625
0 0.7496414437500001 0.11552087656250001 0.7433689890624999 0.1203062921875 0.74119718125 0.12856571562500002 0.7419342390625 0.1381013328125 0.74740176875 0.14273334843750002 0.7559872015625 0.13812521718749998 0.7614180796875 0.129062353125 0.760681021875 0.1195267359375 0.75580938125 0.11599363124999999 0.7496414437500001 0.11552087656250001
0 0.7495654265625 0.064959725 0.7410505796875 0.0737862078125 0.7369865812499999 0.084007075 0.74150801875 0.0896198109375 0.7484469468749999 0.090151659375 0.7559111828125 0.0875640625 0.7603959671875 0.079481921875 0.7642848625 0.0703008703125 0.758046340625 0.0656097609375 0.7495654265625 0.064959725
0 0.752477984375 0 0.7499441296875 0.007060771875000001 0.7601081984375 0.0162657078125 0.767431265625 0.0052414046875 0.7683139031249999 0 0.752477984375 0
0 0.673674290625 0.20027650624999999 0.6937200875 0.201812959375 0.6920708671875 0.1837815390625 0.6868123734375 0.1686331875 0.6761596515625 0.1762425734375 0.669432475 0.1883657859375 0.673674290625 0.20027650624999999
0 0.718928009375 0.2932701296875 0.7133926125000001 0.30759116406250003 0.726990853125 0.3149528453125 0.7376096421875 0.31681997968750003 0.7460539046875 0.3037751421875 0.7399199000000001 0.293825865625 0.7321393953124999 0.289016565625 0.718928009375 0.2932701296875
0 0.7554863468749999 0.3497872578125 0.7502305703125 0.35781030625 0.7475334546875 0.369189175 0.7541221796875 0.371800653125 0.765020590625 0.36736980625000004 0.7676131859375 0.3612491046875 0.7661051343749999 0.35165439374999996 0.7606376046875 0.3470223796875 0.7554863468749999 0.3497872578125
0 0.8752494046875 0.4779824203125 0.8679263374999999 0.48900672187499994 0.8743060281249999 0.5021345390625 0.879878075 0.501508384375 0.8909515859375 0.49603772187499995 0.8970828718749999 0.4828156 0.8890566796874999 0.4748277640625 0.8752494046875 0.4779824203125
0 0.799147846875 0.31311082031250004 0.7941011062500001 0.31061753125 0.7819063984375 0.318108728125 0.762351975 0.32292935312500004 0.75120788125 0.3241816609375 0.7422016593749999 0.32665106875 0.727518875 0.3350048 0.7284310359375 0.34350060312499997 0.735686234375 0.35142934375 0.740557875 0.3549624484375 0.755765965625 0.3434892734375 0.7692569703125 0.3329377265625 0.7850270187499999 0.33203998281249997 0.799147846875 0.31311082031250004
0 0.7948598984374999 0.50552434375 0.8017648953125001 0.515532715625 0.8125587859374999 0.5163600374999999 0.8202320578125001 0.503256103125 0.8174616406249999 0.48724521875000004 0.8047755640625001 0.488379340625 0.7948598984374999 0.50552434375
0 0.36024128437499997 1 0.3682708328125 0.9909613640625 0.3835834421875 0.974230021875 0.401593165625 0.9461198078124999 0.3915363328125 0.9548281031249999 0.374715671875 0.9619647375 0.3646588421875 0.970673034375 0.355022796875 0.9815200531249999 0.3479454171875 0.9957228953125 0.3498506515625 1 0.36024128437499997 1
0 0.250235728125 0.9545301765625 0.2578411328125 0.9603792890625 0.2657261546875 0.95993041875 0.2707362453125 0.9487288312500001 0.27231216406250003 0.9393704968750001 0.27080411249999997 0.9297757843750001 0.2646361765625 0.9293030296874999 0.2604310109375 0.9310871890625 0.2568217359375 0.93397025625 0.251986746875 0.9441320281250001 0.250235728125 0.9545301765625
0 0.2097151953125 0.8798043484375 0.21062735625 0.8883001500000001 0.22030005 0.8911480062500001 0.2293062703125 0.8886785984374999 0.23344084999999998 0.8826760859375 0.23589227968749998 0.868118678125 0.2287782484375 0.8686266453125 0.22415229375 0.868272078125 0.22012223125000002 0.8690164203125 0.21462076875 0.8738609296875 0.2097151953125 0.8798043484375
0 0.1602278109375 0.8444142031249999 0.1662206453125 0.8459267703125001 0.17361429687500002 0.839120821875 0.178553803125 0.8237008812500001 0.17564493750000001 0.8224246890625 0.16828522031249998 0.8197541171875 0.16485104687500002 0.82159736875 0.158298971875 0.832680765625 0.1602278109375 0.8444142031249999
0 0.13422039531250002 0.8087172562500001 0.1407046015625 0.8165869046875001 0.149956509375 0.8172960375 0.15633348281249998 0.807252453125 0.15682213750000001 0.7904381328125 0.1497081046875 0.7909460984375001 0.1464490359375 0.7917495359375 0.1405267828125 0.7944553187500001 0.1375133984375 0.798437296875 0.13422039531250002 0.8087172562500001
0 0.2570375359375 0.6822633984375 0.2501691921875 0.6859499046875001 0.24771776406249998 0.7005073109375 0.248454821875 0.710042928125 0.2588279234375 0.7087315265624999 0.264750175 0.7060257421875 0.2707063609375 0.693843434375 0.268252215625 0.6852294453125001 0.2570375359375 0.6822633984375
0 0.25199696718750003 0.6 0.2518414765625 0.6018192015625 0.24918101250000002 0.6268929484375 0.25832568437500003 0.6096888500000001 0.2699245015625 0.601098740625 0.2728333671875 0.602374934375 0.272770828125 0.6 0.25199696718750003 0.6
0 0.069341665625 0.7163259015625 0.070776415625 0.698530859375 0.066884803125 0.6845405109375 0.059070364062500005 0.6892077359375 0.0541647921875 0.6951511531250001 0.0502419625 0.713808728125 0.0584432578125 0.72075675 0.069341665625 0.7163259015625
0 0.913059715625 0.834861259375 0.9189539390625001 0.821682921875 0.9060891640625 0.8107840625 0.8966066625 0.812535459375 0.8890213015625001 0.8193886703125 0.8914134859375 0.8270066328125001 0.9035772156250002 0.8366126546875 0.913059715625 0.834861259375
0 0.7871192062500001 0.6 0.784645103125 0.6044586421875 0.7834921296874999 0.61676128125 0.7907485249999999 0.6173174625 0.8020451265625 0.6157051124999999 0.806008728125 0.6 0.7871192062500001 0.6
0 0.9201596203125 0.9072733124999999 0.9318251078124999 0.8871027171874999 0.9213525171875 0.8838218203124999 0.9107569640625 0.8867270062499999 0.9054807468749999 0.8962354093750001 0.9065538765625 0.9062304703125001 0.9201596203125 0.9072733124999999
0 0.9357623328125 1 0.9360840984374998 0.9927527546875 0.9321668578125 0.98873520625 0.9233023640625 0.9868166671875 0.9151389171875 0.9861909609375001 0.9116767984375 0.995838409375 0.9113210984375 1 0.9357623328125 1
1 0.66875 1 0.791524765625 1 0.7936773078125 0.98183768125 0.7841516875 0.9674774578124999 0.7766860921875 0.9408841171875 0.773097815625 0.9294571749999999 0.7729716578125 0.9083827859374999 0.7663731874999999 0.8930078187499999 0.7664131109375 0.8818589687499999 0.761093775 0.87525575 0.7530532890625 0.8684439656249999 0.7538341828124999 0.8474390984374999 0.7461226609375 0.833217921875 0.738577221875 0.82892228125 0.747398596875 0.8147292 0.76001105625 0.7834792796875 0.750568478125 0.774081825 0.754193478125 0.7470994453124999 0.7392255624999999 0.7323220859374999 0.7276399203125 0.730194978125 0.71646628125 0.7256212468750001 0.7143631390625 0.7217427437499999 0.71695813125 0.7008769234375001 0.714276903125 0.689519503125 0.7008771609375 0.68725335 0.690776653125 0.69267468125 0.6852545109375 0.714555246875 0.6835234515625 0.7193789703125 0.6765129796875 0.706450625 0.66875 0.70261540625 0.66875 1