0 0.6043497890625 0.17624928281250002 0.5864405828125 0.1822809921875 0.5866620265625 0.19249420625 0.5791951156249999 0.2054230421875 0.5909490859375001 0.21156282656249997 0.6047415546875 0.20963156875000002 0.6101699671875 0.204773778125 0.6211176421875 0.194143984375 0.622207875 0.1831734296875 0.6176879921875 0.1788890890625 0.6043497890625 0.17624928281250002
0 0.5836185453125 0.1235874671875 0.5646304890625 0.11559223593750001 0.5539553734375 0.12347939062499999 0.553995109375 0.1355210328125 0.5669699031250001 0.141817690625 0.5797232546875 0.13790113125 0.581307490625 0.134401153125 0.5836185453125 0.1235874671875
1 0 0 0 0.56875 0.3259775203125 0.56875 0.36000302500000003 0.5448348015625 0.37262578749999997 0.5297908171875 0.3947936953125 0.505788590625 0.398740103125 0.478519071875 0.4225717171875 0.47510015 0.4324802734375 0.46248505937499995 0.44031059531250005 0.44589937187500006 0.46401162031250004 0.431353021875 0.459048853125 0.4066422515625 0.45539776249999997 0.3811741390625 0.46512461250000003 0.370387475 0.45898076093749995 0.357561475 0.462421790625 0.3478188734375 0.4610703765625 0.336534575 0.4632508421875 0.31459346250000003 0.482199165625 0.3105470515625 0.4835619578125 0.29683385625 0.480989721875 0.285392684375 0.48280677812499995 0.26710842343749996 0.46400042499999994 0.25728476875 0.451570746875 0.24550283125 0.452933540625 0.2317896375 0.46040044843750005 0.21886080156249998 0.45484145 0.2125911640625 0.4738806234375 0.2076305390625 0.48162009218749996 0.191959065625 0.44495565312499996 0.1752112640625 0.434967621875 0.1637430734375 0.43687553125 0.1445446 0.42932914687499996 0.133390153125 0.40224958906249997 0.11972575156250001 0.3743523546875 0.1142892703125 0.350339034375 0.1195366171875 0.3355585609375 0.106526725 0.2981275625 0.0850509875 0.265943265625 0.06054588281249999 0.223356415625 0.041185295312499995 0.211381003125 0.0248322953125 0.1860162671875 0.0187953421875 0.173768296875 0.0051849828125 0.1546382703125 0.01105981875 0.134520240625 0.0019935031249999997 0.119006225 0 0 0
0 0.4517976078125 0.5418159234375 0.44755028281250003 0.53478894375 0.4365628703125 0.533377096875 0.43280954843749997 0.53382069375 0.4243035203125 0.5447642296875 0.42077163906250004 0.5554210421875 0.42425240468750003 0.5577200859375 0.44116222812499994 0.56174471875 0.4488505796875 0.5590290984374999 0.45125249062500006 0.5473012015625 0.4517976078125 0.5418159234375
0 0.5295840593750001 0.41848346718749996 0.517466675 0.416000534375 0.5029473828125 0.42524549843750004 0.5010905890624999 0.4314881171875 0.4990520921875 0.4395591625 0.5176767359375 0.4512112453125 0.5293909718750001 0.44530938906250006 0.5354553531249999 0.43405210937499994 0.5377664109375 0.4232384234375 0.5295840593750001 0.41848346718749996
1 0.8132338203125 0 0.809103353125 0.0008169375 0.7977996546874999 0.008808496875 0.7855017046875 0.005654240625 0.7533667828125 0.0117560578125 0.7462573328125 0.0092685078125 0.7191564609375 0.01759119375 0.6547756140625001 0.0203365109375 0.65526306875 0.047157290625 0.65 0.05342989218750001 0.65 0.56875 1 0.56875 1 0.0058921546875 0.9947840906250001 0.0042142265625 0.9829398171874999 0.0176453546875 0.97048741875 0.016045259375000002 0.9606075453124999 0.020284757812500002 0.954337896875 0.030497184375000003 0.934742271875 0.0161741453125 0.90717805 0.029159315624999998 0.8954979 0.0197884109375 0.8980028734375001 0.0051572125 0.8918538984375001 0.0035800828125000005 0.8665629750000001 0.0042653000000000005 0.8627811296875001 0 0.8132338203125 0
0 0.6092574078124999 0.711756603125 0.604411584375 0.7182169671875 0.6016411609375 0.7249440140625 0.6063663125 0.7302732078125 0.6199336343749999 0.7312295609375 0.6264687343750001 0.7289212843749999 0.6292826078125 0.7111817625000001 0.6182540328125 0.705829603125 0.6092574078124999 0.711756603125
0 0.59287605625 0.8977456578125 0.57865715625 0.89277055625 0.5626283078125 0.895432925 0.5666584359375 0.9077558453125001 0.579916859375 0.9118205249999999 0.5926009328124999 0.9110893765625001 0.5972923078125 0.906183175 0.59287605625 0.8977456578125
0 0.5740960484375 1 0.5741925453125 0.9905723953125001 0.57592526875 0.98371200625 0.56570271875 0.9808244328125 0.5517492703125 0.9837534828125001 0.544982496875 0.9883930015625001 0.543978571875 0.99849505625 0.5459728953125 1 0.5740960484375 1
0 0.49997542812500007 0.8173388484374999 0.5178480015625 0.8172744046875 0.5235770765625001 0.81250154375 0.523620525 0.8014890687499999 0.5074806749999999 0.7946931234375001 0.4998306515625 0.7976451390625 0.494598703125 0.8079909078125 0.49997542812500007 0.8173388484374999
0 0.4622514515625 0.7739282281250001 0.4591721265625 0.7837635984375 0.45847710468749997 0.790757328125 0.46973735312500003 0.7937782437500001 0.476924028125 0.7954887140625 0.48680390156250003 0.791249215625 0.4895743265625 0.7845221703125 0.4824311 0.7717992234375 0.469901475 0.7709762109375 0.4622514515625 0.7739282281250001
1 0 0.56875 0 1 0.49443431093749995 1 0.4945888765625 0.9984446671875 0.5027022484375 0.9908301640625 0.4957134734375 0.9765530546875001 0.51063706875 0.9532865578124999 0.49477234374999995 0.9331468921875 0.5010082140625001 0.9126990687500001 0.49697808906249996 0.9003761453125 0.5004097609375 0.8764199749999999 0.515246459375 0.875178428125 0.5148700078124999 0.8578159624999999 0.4943476828125 0.8528178953125 0.51156868125 0.8487347062499999 0.5043144546875 0.8265534453125 0.4887489546875 0.8245533281250002 0.46826040625000004 0.8297906546875 0.45285903125000004 0.8049885031249999 0.450904303125 0.7929322640625001 0.465354878125 0.7955761203125 0.48507117656250004 0.7981096062499999 0.4904238 0.775974278125 0.4572174015625 0.7717073593749999 0.4467294 0.7609156328125 0.4289340515625 0.76020299375 0.4206759 0.7481237890625 0.43682542187499995 0.7336718640625 0.45085609531250004 0.7299657328125 0.45094299375 0.7079407796874999 0.4241510203125 0.713155140625 0.40339702187500004 0.7104883171875 0.41620177031249994 0.6979676109375 0.40467606875 0.68704254375 0.38860377343749997 0.7007173859375 0.376967071875 0.6803340062500001 0.36959217031249997 0.669942303125 0.3657164921875 0.65606521875 0.3706395421875 0.6488277734375 0.360537665625 0.6341506421875 0.3451603921875 0.64083175625 0.3373993671875 0.6343254593750001 0.28663896875 0.6057667875 0.291451015625 0.589071028125 0.2997622875 0.5688898859375 0.299675871875 0.56875 0.2836985109375 0.56875 0.26177761718750003 0.591554121875 0.2506718171875 0.58697904375 0.25198464062500003 0.5737686656250001 0.2373791 0.56875 0.17505471875 0.56875 0.1702717953125 0.5711388609375 0.1675404375 0.56875 0 0.56875
0 0.906396846875 0.773373115625 0.92359176875 0.7711374984375 0.9278712484374999 0.7603897109375 0.9272608515625 0.7496061421875 0.9121900890625 0.74892905 0.902499515625 0.7533512124999999 0.898189309375 0.7628727921875 0.906396846875 0.773373115625
0 0.87383029375 0.8302704593750001 0.8788398562499999 0.8391004500000001 0.891666621875 0.8369703375 0.9020027265625 0.8297497015624999 0.89991634375 0.8216578999999999 0.8945360953125 0.8165585906249999 0.8843241453124999 0.81776524375 0.8765415718749999 0.8199137671875001 0.87383029375 0.8302704593750001
0 0.8895039515625001 0.8587323625 0.9006698671875 0.8563888859375 0.9015349359375 0.8476840687500001 0.901507821875 0.83949435625 0.8924970109375 0.8370770406249999 0.881728940625 0.843879653125 0.8775422562500002 0.8521576546875 0.8895039515625001 0.8587323625
0 0.671811496875 0.8370566765625 0.6882959328125 0.8404343296875 0.6968199984375 0.8308245124999999 0.691474365625 0.8169136734375 0.677913690625 0.80950375 0.6678252546875 0.8094668703125001 0.6628081828125 0.8176381687500001 0.668462765625 0.8284401484374999 0.671811496875 0.8370566765625
1 0.65 1 1 1 1 0.9388314203125001 0.9913542359375 0.9322722000000001 0.976592396875 0.9284861937500001 0.9654339843749999 0.91382843125 0.945349871875 0.9093585296875 0.9229908296874999 0.9058557593749998 0.918811696875 0.8971324781250001 0.9025126296874999 0.8918895375 0.8958965375 0.8992256671875 0.88912975625 0.8996155609375001 0.8824865546874999 0.8987619296875 0.8735103859375 0.8875331375 0.8826176703125 0.88051716875 0.8841006453125001 0.8655946296874999 0.8723514234374999 0.8653442921875 0.8610965859374999 0.8601198203125 0.8618380718750001 0.8526585734375001 0.86242881875 0.8382510890624999 0.8465276562499999 0.8374672437499999 0.845415425 0.8486591593749999 0.8386757515625 0.8572388125 0.8053708078125 0.8454027046875 0.7874998359375 0.8475143046875001 0.7743023359375 0.8533749921875 0.7626420609375 0.8606926625 0.74698800625 0.857421759375 0.744716865625 0.846424790625 0.727985259375 0.8455342859374999 0.7285413765625 0.8399383265625 0.7068273515625 0.8384075453125 0.6989483390625 0.8499893578125001 0.6680381203125 0.8479066453125 0.6510247078125 0.858314715625 0.65 0.8576950140624999 0.65 1