0 0.44017990625000003 0.187545409375 0.44330788906249996 0.17388275625 0.4281986890625 0.1648564171875 0.41910507187499996 0.16778685468750001 0.4129693 0.1754711203125 0.416946390625 0.1826259328125 0.431086290625 0.1904758453125 0.44017990625000003 0.187545409375
0 0.462383240625 0.2575589203125 0.4698082921875 0.2363082640625 0.4586761828125 0.2344367390625 0.4487131640625 0.23863986406249998 0.4454353390625 0.24862884687500003 0.44859297500000006 0.258280903125 0.462383240625 0.2575589203125
1 0 0.26875 0.309753971875 0.26875 0.3059936515625 0.2632922828125 0.3037054203125 0.25236753749999996 0.2970202234375 0.24658168125 0.287576975 0.24094021875 0.2839698140625 0.2202671515625 0.2733075265625 0.207326484375 0.264883525 0.20408600312499997 0.2707196125 0.189054396875 0.27677578281250004 0.1568308671875 0.2653939375 0.1488365578125 0.2633757375 0.12194444062500001 0.24535864375 0.1093888328125 0.23335713125000002 0.10878999375000001 0.22125572343750002 0.10574204218750001 0.21834782656249999 0.1022127703125 0.21657936718749998 0.08144343750000001 0.2115330828125 0.0706630875 0.19769286875 0.0701605140625 0.1887490953125 0.0767646203125 0.1878094484375 0.09890290625 0.1870898875 0.103849265625 0.17739690156250001 0.09208501875 0.16432619531249998 0.0878606453125 0.16487561875 0.1013307671875 0.15001615625 0.0984272125 0.142411609375 0.09268948906249999 0.14477008281249998 0.08274863593750001 0.1348773046875 0.066086165625 0.12185654531250001 0.063086346875 0.109435159375 0.074781209375 0.10051167968750001 0.0592951609375 0.089379571875 0.057423634375 0.0846626265625 0.077305334375 0.08486241718750001 0.0822035609375 0.065456146875 0.080765225 0.05054673750000001 0.0766371140625 0.0360868578125 0.0835300125 0.0238356078125 0.07680839218749999 0.010245131250000001 0.08242860156250001 0 0.082247271875 0 0.26875
0 0.6120402796875 0.0594333921875 0.621799759375 0.0683103015625 0.62991143125 0.0751872890625 0.6412510593749999 0.06520574375 0.6447337484375 0.054592453124999996 0.6390513312499999 0.049674471875 0.6202116578125001 0.0485746234375 0.6120402796875 0.0594333921875
1 0.4796875 0 0.4796875 0.26875 0.598719040625 0.26875 0.60724674375 0.2683035359375 0.608792115625 0.26875 0.642391246875 0.26875 0.644017278125 0.267421528125 0.6390314 0.2603808890625 0.631191709375 0.2409725109375 0.639235721875 0.2269911234375 0.6330862953125 0.21062353906250003 0.6219761953124999 0.20703281875 0.61329535 0.20540110937499997 0.6074006578125 0.1952787640625 0.6011066140625 0.194565190625 0.5986946078125 0.1738295515625 0.598609696875 0.17174780625 0.6015232125 0.166379790625 0.61136760625 0.177338446875 0.6212717015625 0.1705613453125 0.626105009375 0.1546618609375 0.62008295 0.141416896875 0.6053627953125 0.14531685156250002 0.593301425 0.137603553125 0.5884004578125 0.1326446609375 0.6195734843749999 0.12892641875 0.6091174671874999 0.12217216875 0.615131571875 0.0968230015625 0.6091519671875 0.084618909375 0.6012950265625 0.0839871609375 0.596351603125 0.0779873953125 0.59000715 0.037638815625 0.57606844375 0.0414978578125 0.588249228125 0.013739645312500002 0.58649061875 0 0.4796875 0
0 0.029073117187500004 0.2897606875 0.0303640296875 0.302210253125 0.034653371875 0.31137355 0.042382945312499996 0.3088826796875 0.0536376640625 0.2968193890625 0.0493483203125 0.2876560921875 0.0476156015625 0.28357442499999996 0.04362345 0.2816972390625 0.037414317187500004 0.2830654125 0.029073117187500004 0.2897606875
0 0.011343896874999999 0.4502825671875 0.016983859375 0.454159671875 0.027057778124999998 0.451546065625 0.0298863828125 0.444096303125 0.0285530140625 0.43060586562500003 0.0206111625 0.42789236875 0.017570279687500003 0.43013776562499995 0.0122699625 0.43458764375000003 0.008659907812500001 0.44207832031249994 0.011343896874999999 0.4502825671875
0 0.0054889765625 0.6331308828125 0.01286165625 0.6410896562499999 0.0251100984375 0.63418981875 0.027072345312500003 0.6246992234375 0.0208804640625 0.607290765625 0.0176273046875 0.6043317968749999 0.011418171874999999 0.60569996875 0.0076382953125 0.6090271484375 0.0028474421875 0.6259675078125 0.0054889765625 0.6331308828125
0 0.2214141921875 0.6854550625 0.21955410625 0.6782507765625 0.21478050468749998 0.676414503125 0.207008475 0.6778645015625 0.2047914953125 0.6811098578125 0.201266353125 0.6906822781249999 0.2055132390625 0.6988047015625 0.2126311859375 0.7005182359375 0.2164535171875 0.698231928125 0.2201484828125 0.6928230015625 0.22149910312499999 0.687536809375 0.2214141921875 0.6854550625
0 0.3109570296875 0.7496114171875 0.3139979140625 0.747366021875 0.31917086562499997 0.739793521875 0.3189161328125 0.7335482843750001 0.3161896875 0.7243031625 0.3035591453125 0.721835140625 0.2966534765625 0.725325971875 0.284320121875 0.7301440625 0.28387831874999997 0.738511959375 0.28825256875 0.7497570046875001 0.293722709375 0.7494706171875001 0.3038815390625 0.7489387562500001 0.3109570296875 0.7496114171875
0 0.25899003593750003 0.8003145374999999 0.2697180375 0.7945373984375 0.2848799984375 0.782269546875 0.27636897656250003 0.7848013296875 0.2592195640625 0.786742275 0.25349469375 0.780783421875 0.2425544140625 0.7813561953125 0.23742391875000002 0.7899695671875 0.23372895312500003 0.7953784953125 0.23719439062499997 0.8035418312499999 0.246571771875 0.8030508812499999 0.25899003593750003 0.8003145374999999
0 0.2064207125 0.7978513031250001 0.20775408125 0.8113417406250001 0.2136063203125 0.8204232125 0.22615195 0.8208094875 0.23518968906249998 0.8119915546875 0.23620066562500003 0.798378378125 0.2216675828125 0.787665196875 0.21541599531250002 0.7879924953125 0.211551209375 0.7892379296875001 0.2100307671875 0.790360628125 0.2064207125 0.7978513031250001
0 0.7891045796875 0.30485620625 0.7905573609375001 0.282875134375 0.7830148609375 0.2707528671875 0.7764912890625 0.28361155625 0.7709189890625 0.3005928265625 0.7768136828125 0.310715171875 0.7891045796875 0.30485620625
0 0.77745846875 0.36492240000000004 0.7678515578124999 0.3789856125 0.77457015625 0.39010791874999995 0.7881095124999999 0.395657646875 0.788211675 0.3789627640625 0.77745846875 0.36492240000000004
0 0.7802008218750001 0.45135578593750003 0.7777291109375 0.44835590312499995 0.77540996875 0.46829614374999995 0.7830373828124999 0.48250015625 0.7952009140625 0.47351857187499996 0.7938675453125 0.4600281328125 0.7913958328125 0.45702825156250004 0.7802008218750001 0.45135578593750003
0 0.7411867640625001 0.5316305421875 0.7340688156249999 0.529917009375 0.7293376703125001 0.529121609375 0.7237401640625001 0.5262853749999999 0.7127826359375 0.5456347796875 0.7243172890625 0.55963423125 0.7359965625 0.5579796703125 0.7412119671875 0.5514480453124999 0.7424776765625 0.5440801093750001 0.7411867640625001 0.5316305421875
0 0.5890338390625 0.5260361953125 0.599761840625 0.52025905625 0.602208346875 0.5034414359375 0.5931454031250001 0.49244186718749994 0.5831563953125001 0.4971372203125 0.581024328125 0.5024643234375 0.5799708953125 0.5150366265625 0.5810495328125 0.5222818265625 0.5890338390625 0.5260361953125
0 0.804125853125 0.6347311765625 0.795445009375 0.6330994671875001 0.78657709375 0.6460808953124999 0.7904670859375 0.6646529609374999 0.803879075 0.6670800703124999 0.808967115625 0.657425825 0.808330284375 0.6418127281249999 0.804125853125 0.6347311765625
0 0.8266339468750001 0.706569490625 0.830880834375 0.7146919125 0.842645015625 0.7151191 0.8444798953125 0.7025058843750001 0.83936665 0.6923426265625 0.8322911578125 0.6916699671875 0.8262518484375001 0.6972016296875 0.8266339468750001 0.706569490625
0 1 0.8040238234375 0.9939050328124999 0.7948200062499999 0.9812744921875 0.7923519828125001 0.9737571953125 0.8000472203125 0.9776471875 0.8186192875 0.9871943906249999 0.8222918312499999 1 0.8206126921875001 1 0.8040238234375
1 0.4796875 1 0.898316753125 1 0.8992621749999999 0.9896184453124999 0.8945058249999999 0.96900554375 0.8750969796875001 0.9731509734374999 0.8755135781250001 0.9449655734375 0.87926825 0.9218208875 0.87576035625 0.9126166796875002 0.8915591468749999 0.9159619250000001 0.8923153906250001 0.8961035093749998 0.9222824171875 0.882017446875 0.9151392640625 0.8604864093749999 0.9111643624999999 0.8398325968750001 0.8934033234375001 0.8459779468749999 0.885189490625 0.8557958421875 0.87103850625 0.85445051875 0.8968435578125 0.83432378125 0.9216548812500001 0.8090335890624999 0.9359504812499999 0.794724903125 0.971956815625 0.7751071765625 0.964711503125 0.770271021875 0.9438671265625 0.7776208953125 0.9583073437500002 0.7476581999999999 0.9534063749999999 0.7426993078125 0.931151675 0.7730711265625 0.9128639203125001 0.7855026296875 0.9054739906249999 0.7963204859374999 0.8860054390624998 0.8182016703125001 0.8662821546874999 0.83383761875 0.8555116984375001 0.8385738828125 0.84913274375 0.8357785625 0.8555289484374999 0.8197972531249998 0.8580603671875 0.80506138125 0.850475409375 0.7918982406249999 0.8476813046875 0.76179474375 0.831475209375 0.7292641375 0.8169593765625001 0.699774325 0.8356889359374999 0.6789749265625 0.868909121875 0.6678478343750001 0.8837738921875001 0.6482938703125 0.867151196875 0.6439486640625001 0.8490080609374999 0.6407261578125001 0.8331071078125 0.6540757953125 0.813171546875 0.664507375 0.795750153125 0.6789797109375 0.7811149078125 0.6849614125000001 0.7718396890625 0.6687574781250001 0.7568648015624999 0.66641219375 0.7485408515625 0.654330840625 0.7587593859374999 0.6360632234375 0.7498410609375 0.6094096437500001 0.741602021875 0.5994100359375001 0.7270516890625001 0.607473484375 0.704007584375 0.5992920843749999 0.694587746875 0.5987421609375 0.6984273296875 0.577679221875 0.6804367640625 0.5973968375 0.67532351875 0.5872335796874999 0.6862385921875 0.566843303125 0.6918108921874999 0.5498620328125 0.7243862921875 0.4845277140625 0.68200895625 0.5399442515625 0.6714932328125001 0.5509257546875 0.6637888625 0.573234128125 0.6471237125 0.5678480484375 0.641271475 0.5587665765625001 0.6350198859375 0.5590938765625 0.6239522421875 0.5565440296874999 0.607626734375 0.5594849390625 0.5851518015625 0.546058259375 0.5680873015625 0.5500809515625 0.5577161937499999 0.545408446875 0.552670609375 0.5561035656250001 0.53300703125 0.55400375625 0.5244110984375 0.5544537921874999 0.515730253125 0.55282208125 0.5021059875 0.5451906078125 0.48877890781250005 0.5448452453125 0.48472704687499996 0.5607038156249999 0.4796875 0.55985656875 0.4796875 1