0 0.31562903750000004 0.37613825625 0.328248390625 0.38098695312499997 0.33642471406249996 0.3740300765625 0.34136430156249997 0.362333946875 0.3318906875 0.358305525 0.320477634375 0.3605231484375 0.3144227359375 0.3690719359375 0.31562903750000004 0.37613825625
0 0.16047650468750002 0.3821643140625 0.1612824359375 0.371987134375 0.157900115625 0.3609775140625 0.146305075 0.35535718125 0.13284339218750002 0.359118075 0.1311223375 0.3747696640625 0.138638315625 0.3842603328125 0.1533244984375 0.38834955625 0.16047650468750002 0.3821643140625
0 0.2330806703125 0.2772274703125 0.2269165828125 0.28107348593750003 0.2230195078125 0.2927817765625 0.22640182812499998 0.30379139374999997 0.24000910000000003 0.30630086562500003 0.247197503125 0.301683215625 0.2491005453125 0.29386958124999996 0.24458471718750002 0.2789288265625 0.2330806703125 0.2772274703125
0 0.29509591562500004 0.1651148640625 0.2847617734375 0.1689122375 0.286077265625 0.1806813296875 0.2975631140625 0.181598890625 0.321504528125 0.18031098750000002 0.313091625 0.1770785234375 0.3348206234375 0.17027973125 0.323298378125 0.16779458125 0.3128004484375 0.16453779531249998 0.29509591562500004 0.1651148640625
1 0 0 0 0.4248600234375 0.0009667343749999999 0.42496795781249996 0.0363030046875 0.4206786375 0.065256803125 0.4108297875 0.083785465625 0.4008593328125 0.090882875 0.3923227046875 0.09839885312499999 0.40181337343749995 0.106005825 0.41522301875 0.1219893 0.4302975390625 0.1317813171875 0.4390625 0.152918765625 0.4390625 0.15236778281250002 0.4369205546875 0.1425665921875 0.4187838140625 0.1337715203125 0.3990916453125 0.1260917546875 0.3825468171875 0.1196728875 0.3754196953125 0.1129992375 0.3573194375 0.12300580624999999 0.33941374375 0.12990303125 0.322255365625 0.13290318125 0.31680527812500003 0.15706298125 0.3249229234375 0.17171276562499999 0.3274445546875 0.1789375671875 0.32439449531250003 0.198690728125 0.3222741546875 0.203575721875 0.30822663906250003 0.18881674375 0.301002234375 0.18151915000000002 0.3009171125 0.19470785468750001 0.2853992875 0.20385389375 0.2753193890625 0.21718818906249998 0.266071928125 0.21693340781249998 0.255098790625 0.230012921875 0.23487819375000002 0.2293031765625 0.20431016875000002 0.23610940937499997 0.1832328140625 0.2417821359375 0.158224321875 0.24110878906250002 0.12922388906249999 0.240380846875 0.09787206875 0.240035071875 0.0829799546875 0.259915625 0.0863461828125 0.277510965625 0.0810663421875 0.27094650625 0.06766885624999999 0.2562421265625 0.0627958390625 0.241519546875 0.057139024999999996 0.270709925 0.0574795140625 0.2915601984375 0.0577227234375 0.280516309375 0.030952071874999997 0.27104269531249997 0.0269236515625 0.24726506874999998 0.035265712500000004 0.2316819609375 0.03743469375 0.21032212968750003 0.015245212499999999 0.204818384375 0.0026436828125 0.20475700156249999 0 0 0
0 0.09527131250000001 0.40177689218749996 0.0881011078125 0.4071783375 0.0778397609375 0.4141108921875 0.0832707109375 0.42357724062499996 0.09585366875 0.42685834843750003 0.10304207031249998 0.422240696875 0.10178117499999999 0.41282299062499994 0.09527131250000001 0.40177689218749996
0 0.8056659234375001 0.34912226875 0.8023382 0.3404640375 0.79184026875 0.33720725156250003 0.7836639468750001 0.34416412812499997 0.7848520499999999 0.3504466515625 0.7870644671875 0.3559575421875 0.7943620625 0.35604266406249996 0.8026839718750001 0.3553561515625 0.8056659234375001 0.34912226875
0 0.92103915625 0.33557995625000003 0.916832703125 0.333963725 0.9073226921875002 0.3283677125 0.8873147515625 0.319514915625 0.8863268312500001 0.321854140625 0.8812052578125 0.3257123171875 0.865585753125 0.32631370625 0.8750775671875001 0.3311259234375 0.8888304265624999 0.3399057578125 0.8909518500000001 0.3414976703125 0.8889942125000001 0.34695991875 0.9034802124999999 0.342427390625 0.9463506578124999 0.348412534375 0.92103915625 0.33557995625000003
0 0.7552820796875 0.1542059328125 0.7679014343749999 0.1590546296875 0.7772112625 0.156028890625 0.7864846921875 0.1514355609375 0.7874180140625 0.14674495 0.778950515625 0.141161096875 0.764337128125 0.14020705625000002 0.7551000953125 0.1463679765625 0.7552820796875 0.1542059328125
0 0.7598525015625001 0.1714980734375 0.7786541437500001 0.1732845515625 0.7563791890625 0.156569478125 0.74152921875 0.1454260953125 0.7228185703125 0.14755859531249998 0.7177151953124999 0.1522005671875 0.7210065234374999 0.1592912078125 0.7378505265624999 0.16653993281249999 0.7420387796875 0.16737237031250002 0.7598525015625001 0.1714980734375
0 0.760195659375 0.0516138453125 0.75798324375 0.0461029578125 0.744284978125 0.039674507812499996 0.73702378125 0.041156976562499996 0.7236530906249999 0.0488368453125 0.7228107609375 0.0574464359375 0.733308690625 0.060703221875000005 0.7448309359375 0.06318837187500001 0.7541953593749999 0.0625140203125 0.760195659375 0.0516138453125
0 0.718385928125 0.0464246578125 0.7306777078125 0.0371650359375 0.7336960578125 0.032498743749999996 0.73248975625 0.025432424999999998 0.7332774890625 0.014471448437500001 0.7165062796875 0.01035790625 0.7072146515625001 0.0141674390625 0.6991475218750001 0.025827089062500003 0.702639034375 0.041539479687500006 0.718385928125 0.0464246578125
0 0.70023685625 0.2522953421875 0.696945528125 0.2452047015625 0.6895751390625 0.241984396875 0.6801743171875 0.24109115781249998 0.6729859140625 0.24570880781249999 0.675252928125 0.253571084375 0.678562453125 0.2614455203125 0.6869571578125 0.26389419062499997 0.6961941921875 0.25773327031250004 0.70023685625 0.2522953421875
0 0.6253838734375 0.35015370625000003 0.6262080046875 0.34076031875 0.6239227921875 0.33211424843750004 0.61335206875 0.3257222796875 0.6049937609375 0.324841203125 0.5926655843749999 0.3325332328125 0.5971814125 0.3474739875 0.5993756296875 0.3522010828125 0.6119585875 0.3554821890625 0.6213048125 0.35402404062500004 0.6253838734375 0.35015370625000003
0 0.566064596875 0.39882751875 0.5658644140625 0.3902057671875 0.561530571875 0.38310296718750003 0.5447775609375001 0.37977321875 0.5428745187499999 0.387586853125 0.5430201078125 0.3938572171875 0.545250725 0.4001519015625 0.5547061421875 0.40339652656249997 0.566064596875 0.39882751875
1 0.4 0 0.4 0.43905795000000003 0.4188648078125 0.4331553375 0.41851903437500004 0.41826322187500004 0.4307744171875 0.407436009375 0.44526041562499996 0.40290348125 0.47022614531249995 0.4008439453125 0.4982466234375 0.3956857078125 0.528224734375 0.3850652203125 0.5467351984375 0.3743109703125 0.5622091140625 0.3674392171875 0.5846660546875 0.391992246875 0.603043934375 0.420415609375 0.6216639796875001 0.4390625 0.6249096359375 0.4390625 0.6034131 0.3914273375 0.5923328140625 0.3630890953125 0.5794768796875001 0.3480510578125 0.584398271875 0.33557113125 0.5945322281250001 0.3231520078125 0.6036600703125 0.3122883140625 0.5990896484375 0.294996171875 0.60920540625 0.281793253125 0.634207534375 0.28130130625 0.6433717718749999 0.272005203125 0.64114115625 0.2657105203125 0.6513115125000001 0.2548589859375 0.6605667453125 0.24948186093750002 0.67382824375 0.23709921875 0.683652825 0.21135557187499998 0.6906046484375 0.1965485796875 0.699259328125 0.165306203125 0.70158613125 0.13085568281249998 0.7006034078125 0.088530728125 0.7042457015625001 0.0658493 0.7078516 0.041600281249999996 0.699953453125 0.0156499078125 0.6874796875 0.0170715734375 0.6819213453125 0.0021186578125 0.679783534375 0 0.4 0
0 0.642274665625 0.26964165625000003 0.6382683968749999 0.276647175 0.6467722921875 0.2837986171875 0.6603795640625 0.2863080890625 0.6674223796875 0.275420075 0.6631613328125 0.2714524546875 0.6516208906250001 0.268183509375 0.642274665625 0.26964165625000003
0 0.4 0.8488331078125 0.3965904 0.848009009375 0.3874079625 0.8565213171875001 0.3928753125 0.8675552546875 0.4 0.8687056578125001 0.4 0.8488331078125
0 0.34008148125000004 0.793282621875 0.333771803125 0.790858271875 0.32228595625 0.7899407125 0.3150611546875 0.792990771875 0.3142734203125 0.8039517484375001 0.3249351390625 0.8142626921874999 0.33011130781250003 0.812755903125 0.336293596875 0.8096936843750001 0.342457684375 0.80584766875 0.3454214390625 0.798829990625 0.34008148125000004 0.793282621875
0 0.35595315156249996 0.668878025 0.372669765625 0.6706401828125 0.38490695 0.659029175 0.3743544234375 0.653421003125 0.36290497187500004 0.6540710328125 0.3557347671875 0.6594724796875 0.35595315156249996 0.668878025
0 0.31725014375 0.5281651796875 0.323869196875 0.5439140531250001 0.3385553796875 0.5480032749999999 0.361235896875 0.5372976656249999 0.367563771875 0.5405058109375 0.3495316671875 0.5269745609375 0.33588799687500004 0.5228974984375 0.31811067187500003 0.5203393859375 0.31725014375 0.5281651796875
0 0.23640728437499997 0.8618122203125 0.225709171875 0.8499336828124999 0.210016871875 0.8473998921875001 0.205077284375 0.859096021875 0.2096477046875 0.8763881640625 0.225285409375 0.8765705703125001 0.23640728437499997 0.8618122203125
0 0.050460317187500006 0.977964309375 0.0673771171875 0.9883482171875 0.0776384640625 0.9814156624999999 0.07538965 0.9743371812500001 0.06053968125 0.9631937984375 0.05327848281250001 0.9646762671874999 0.050460317187500006 0.977964309375
1 0 0.4390625 0 0.96975645 0.007517078125 0.9688439828125001 0.0359197234375 0.98014545 0.0396348140625 0.9605992046875 0.017505446875 0.950154496875 0.0049224890625 0.9468733890625 0.012898628125 0.9312947625 0.0236695359375 0.94630848125 0.05093867656249999 0.9536788093750002 0.0409737 0.9284879109374999 0.0312089078125 0.9119187625 0.04143385625 0.9034186140625 0.048968034375000004 0.9136930796874999 0.06149639531249999 0.9146228000000001 0.068702996875 0.9107889437499999 0.0936141328125 0.906378021875 0.119476784375 0.8980602812499999 0.14422413125 0.8865951984375 0.1591832953125 0.902441353125 0.1769060234375 0.9026480781250001 0.18407622968749998 0.8972466328125 0.19182878750000001 0.9169266421875001 0.2101702703125 0.9437824156249999 0.2290265078125 0.9479202796875 0.22549859843750003 0.9306402984375 0.2187157578125 0.9078372671875 0.213048225 0.8881815781250001 0.20114381093749997 0.869236721875 0.19348224375 0.8534756890625002 0.1900089296875 0.8385470937499999 0.2012036015625 0.8269239265625 0.21539842187499997 0.8098506703125 0.22708445312499997 0.81938998125 0.24480718437500001 0.8195967062499999 0.2594023734375 0.819766953125 0.273797378125 0.811315446875 0.264050784375 0.7955300953125001 0.267784075 0.7767676453125001 0.2716083546875 0.7619241718750001 0.29887749375 0.7692945015625 0.29026440937500003 0.7574402859375 0.294252475 0.7496509734375 0.333298640625 0.7704795890625 0.3849459609375 0.7953731078125 0.341329371875 0.75725235 0.3095990015625 0.7372926515625 0.30394966874999996 0.7184207578125 0.3204479 0.7107773671875 0.3148349625 0.693473065625 0.32272010624999997 0.6739754609374999 0.3284110328125 0.6497507625 0.333423415625 0.641189815625 0.317494534375 0.62846668125 0.32430076875 0.6073893265625 0.33037386406249997 0.599624334375 0.3248519203125 0.5862390078125 0.33694351562499997 0.5683576374999999 0.3240875796875 0.5533195984375 0.3122741578125 0.5382937203125 0.3044852 0.51704611875 0.2917566546875 0.5074946484375 0.2851376015625 0.49174577499999994 0.283767515625 0.477625296875 0.27628793281249997 0.46970221875 0.2750088375 0.4595007171875 0.2590253671875 0.4390625 0 0.4390625
0 0.9632547531250001 0.6242390359375001 0.963018171875 0.6140496953125 0.9377612640624999 0.603568503125 0.925160109375 0.599503603125 0.9157046921875001 0.5962589765625 0.90544334375 0.6031915328124999 0.9077103578125 0.6110538078125 0.9203661078125001 0.617470096875 0.9254512859374999 0.6120443296875 0.9411435859375 0.6145781234375 0.9632547531250001 0.6242390359375001
0 0.8420138046875 0.6095039078125 0.8448501687500001 0.5969996609375 0.8509232624999999 0.58923466875 0.8478321203124999 0.5907657796875 0.8299456031249999 0.5835048921875 0.81966605625 0.589653653125 0.8240908906249999 0.60067543125 0.830491559375 0.6070187578125 0.835867915625 0.61413371875 0.8420138046875 0.6095039078125
0 0.8078110421875 0.617724365625 0.805544028125 0.6098620890625 0.790857846875 0.60577286875 0.783796834375 0.6158770859375 0.7891731875 0.6229920468750001 0.8017379453124999 0.6254893578124999 0.806859521875 0.621631184375 0.8078110421875 0.617724365625
0 0.7437861437500001 0.553507309375 0.7383915906249999 0.5456085515625 0.7310939953125001 0.5455234296875 0.723941990625 0.5517086703125 0.719056996875 0.5657561875 0.7285306109375 0.5697846078125 0.7368889187500001 0.5706656875 0.74411371875 0.5676156265625 0.7439681296874999 0.5613452624999999 0.7437861437500001 0.553507309375
0 0.7546532406249999 0.5277758218749999 0.7409185781250001 0.5197797828125 0.7303296546875 0.5126040203125 0.7188438078124999 0.511686459375 0.7274932921875 0.525108265625 0.7380822140625 0.5322840281250001 0.7560779234374999 0.5442476875000001 0.7866201921875 0.5579248609375 0.769503209375 0.5389192046875 0.7546532406249999 0.5277758218749999
0 0.6348083890625 0.6180571296874999 0.6263408890625 0.612473278125 0.617964384375 0.610808403125 0.607557446875 0.6114705953125 0.60881834375 0.6208883015625 0.6153828 0.6342857875 0.6289536765625 0.6352276671875 0.6339842578124999 0.6274505140625 0.6348083890625 0.6180571296874999
0 0.581453015625 0.6542631765625 0.5657607171875 0.651729384375 0.557420609375 0.6516321015625 0.554493253125 0.6602173718750001 0.5608939234375 0.666560696875 0.5661974843750001 0.6705404765624999 0.5775923374999999 0.667539059375 0.5837200296875 0.662125453125 0.581453015625 0.6542631765625
0 0.597660071875 0.6340790593750001 0.59014409375 0.6245883921875001 0.577743121875 0.629145240625 0.5726943421875 0.6361385984375 0.5740098328125 0.6479076906250001 0.5897567265625 0.6527928703125 0.6204445859375 0.6727404078125 0.6021031015625 0.645884634375 0.597660071875 0.6340790593750001
0 0.5984426093749999 0.6677822671875 0.6017703359375 0.6764404984375 0.6176628171875 0.687596040625 0.62503320625 0.69081634375 0.6247420296875 0.6782756171875001 0.613074196875 0.669520103125 0.6035277859375 0.6623565 0.5984426093749999 0.6677822671875
0 0.649684365625 0.7200964671875 0.6328403625 0.7128477421875 0.6181905765625 0.710326109375 0.608989940625 0.7180546203125 0.6217366859375 0.7283898875 0.640556525 0.730960159375 0.6615705828125 0.7382575265625 0.663491821875 0.7312276875 0.649684365625 0.7200964671875
0 0.47138596093749996 0.8065616109375 0.4649124953125 0.7970831015625001 0.45227494375 0.791450609375 0.438922453125 0.799914275 0.4432744921875 0.8078008703125 0.447517340625 0.8109846953125001 0.4581244640625 0.818944253125 0.4684586046875 0.8151468796875001 0.47138596093749996 0.8065616109375
0 0.42369550624999996 0.7276470046875 0.42815673906249996 0.7402363750000001 0.442824721875 0.7435418015625 0.4488978171875 0.735776809375 0.44875222812500004 0.7295064453125001 0.44240615468750005 0.7255145046875 0.42369550624999996 0.7276470046875
0 0.45676476250000003 0.715495409375 0.4460848484375 0.70440066875 0.434617196875 0.7042669046875 0.4233497328125 0.7127548906250001 0.42247100781249997 0.719796890625 0.4298959921875 0.72536858125 0.4496491546875 0.7232482421875 0.45789826875 0.7194265468750001 0.45676476250000003 0.715495409375