0 0.0922400734375 0 0.09228457031250001 0.0019036500000000002 0.09761824687500001 0.006252078125 0.10808497187499999 0.006365659375000001 0.1111465609375 0.0030444546875 0.11136525156249999 0 0.0922400734375 0
0 0.2028177359375 0 0.20224900468749998 0.0058272937499999995 0.202431396875 0.013630271874999999 0.20890112031250002 0.021813515625 0.2192766484375 0.0180256078125 0.2285890875 0.013524075 0.2282729640625 0 0.2028177359375 0
0 0.3103738875 0.065352090625 0.31510566562500003 0.043950695312499996 0.313841946875 0.03465379375 0.3033752234375 0.034540210937499996 0.29408102343750003 0.03982204375 0.29211900156250004 0.045417471875 0.28803080468750003 0.049585646875 0.29547241875 0.054581028125 0.2966814203125 0.0615370359375 0.30419599218750004 0.06965360937500001 0.3103738875 0.065352090625
0 0.42420764687499996 0.0557439859375 0.42512481874999997 0.050215229687499995 0.41662011718749997 0.044506221875 0.40721648125 0.0451062671875 0.3937428875 0.0506547859375 0.3907360171875 0.056316884375 0.390900171875 0.06333956406249999 0.3951525234375 0.06619406875 0.410734053125 0.061292503124999995 0.42420764687499996 0.0557439859375
0 0.926693453125 0.31625759531250003 0.9246949546875 0.32029242812500003 0.9248955859375 0.328875703125 0.93543526875 0.332110475 0.9479734484375001 0.3313104140625 0.9519339703125 0.3216801546875 0.9464726156250001 0.3118696421875 0.93600589375 0.3117560625 0.926693453125 0.31625759531250003
0 0.9956456234375001 0.2219896828125 0.995572665625 0.2188684921875 0.9911014421875001 0.2066504140625 0.9836780671875001 0.20243532968750003 0.980543521875 0.2026353453125 0.9733390203125 0.20778383281249999 0.9705145421875001 0.221248909375 0.9729143078125 0.234380628125 0.9834357499999999 0.2368351015625 0.9927664281249999 0.23311386562499997 0.9957915374999999 0.22823206406250002 0.9956456234375001 0.2219896828125
0 0.8706025328125 0.15494835625 0.8580643515625 0.15574841718750002 0.8538849578125 0.156015103125 0.849778521875 0.15940298125000002 0.8488066296875001 0.16259084375 0.849080221875 0.1742953109375 0.85767611875 0.18390580781250002 0.8795632171874999 0.18016480937499998 0.8836696546875 0.17677693125 0.8845138703125001 0.168126984375 0.876926340625 0.15688921875 0.8706025328125 0.15494835625
0 0.10566162500000001 0.6645189171875 0.0974305109375 0.670514375 0.0913985328125 0.681058275 0.094715471875 0.6886612390625 0.10626352343750001 0.6902687421875 0.11233198124999999 0.6812854375 0.1120219125 0.6680203765625 0.10566162500000001 0.6645189171875
0 0.041594976562500004 0.8334953984375 0.048781240625 0.8275666125000001 0.04856236875 0.8182030390625 0.039838793750000004 0.803130459375 0.032579573437499995 0.805938053125 0.0244214203125 0.8150547015625002 0.028874401562500002 0.8264924812500001 0.029038556250000003 0.8335151609375 0.041594976562500004 0.8334953984375
0 0.138432365625 0.8577932171875 0.12156887499999999 0.85261758125 0.1091948484375 0.8604403218750001 0.1093407640625 0.8666827031250002 0.12418751406249999 0.8751128734375001 0.138614759375 0.8655961937499999 0.138432365625 0.8577932171875
0 0.12262155156250001 0.94241849375 0.116498375 0.94906090625 0.11354622343750001 0.957063896875 0.132681803125 0.9699091656250001 0.146191875 0.9659212437499999 0.1522968109375 0.9584985343749999 0.15090541562499998 0.9437395500000001 0.13620458124999998 0.9415517625 0.12262155156250001 0.94241849375
0 0.21257229687499998 0.76163135 0.1989527890625 0.7609374859375 0.1897497859375 0.77012080625 0.1899686578125 0.7794843796875 0.2015531875 0.7826524796875 0.2129735625 0.7787979 0.21788773749999998 0.76519948125 0.21257229687499998 0.76163135
0 0.454479425 0.45627303281250003 0.447512034375 0.471565390625 0.44774914531250004 0.4817092609375 0.4551725203125 0.48592434687499997 0.46433904375 0.47518043125 0.47575942031249996 0.4713258515625 0.454479425 0.45627303281250003
0 0.45436999062499994 0.4515912453125 0.4651103046875 0.46340929375 0.4788027671875 0.46722434843750005 0.4825626578125 0.4490108140625 0.455748353125 0.42102629062499997 0.45436999062499994 0.4515912453125
0 0.48129373124999997 0.48425755468750004 0.47302614062500004 0.488692415625 0.47121003437500003 0.5005302265625 0.47344564375 0.5066392640624999 0.48695571875 0.5026513421875001 0.4889542171875 0.49861650937499996 0.48864414843750004 0.4853514484375 0.48129373124999997 0.48425755468750004
1 0.66875 1 0.66875 0.537574596875 0.6531178875 0.5381547859375 0.6460593 0.5495456546875 0.636655665625 0.5501457000000001 0.6312307875000001 0.5418957828125001 0.6176477593749999 0.5427625140625001 0.6168582625 0.5537533546875 0.614896240625 0.5593487828125 0.589655725 0.5539262234375 0.56764095 0.5522051375 0.559501034375 0.5621020828125001 0.5477523515625 0.551911303125 0.5392841296875 0.5477628890624999 0.533676859375 0.531709996875 0.51373354375 0.52907526875 0.503522171875 0.53988585625 0.49226595156249997 0.5507631140625 0.47980072656250006 0.554684365625 0.4685992234375 0.56790251875 0.485553909375 0.5769796421875 0.4836648453125 0.5856962609374999 0.474060578125 0.5777130296874999 0.461340003125 0.5707101124999999 0.4503261 0.5471876 0.438577415625 0.5369968203125 0.42732119375 0.5478740796875 0.4211615390625 0.5529558953125 0.4287125890625 0.5626330640624999 0.44931252187500004 0.5933585109375 0.4315683390625 0.595272225 0.41277930625000003 0.5972526140625 0.3878853375 0.6066557109375 0.378755290625 0.618960221875 0.3554950375 0.6087225328125 0.3475010375 0.6248618609375 0.358113675 0.6312178234375001 0.35318126250000004 0.6440359453125 0.3523917640625 0.6550267859375 0.33900936718749997 0.6644767921875 0.333876321875 0.6687116390625001 0.322145878125 0.6593011578125 0.3066555453125 0.6681042093749999 0.319449078125 0.6782283171875 0.310154878125 0.68351015 0.2995969578125 0.67949508125 0.293437303125 0.684576896875 0.273220396875 0.670237703125 0.2640721109375 0.681761915625 0.264436896875 0.6973678703124999 0.2791924515625 0.7018965515625 0.2894950203125 0.694987453125 0.2961106578125 0.7094130796875 0.2943310296875 0.7228114859375 0.2713808421875 0.7258388578125 0.25490038125000003 0.7370494750000001 0.22773432031250002 0.7387829390625 0.2270725 0.7552358625 0.24186453125 0.7613251390625 0.25755549843750003 0.7611053609375 0.2680587 0.7627795390625 0.250624584375 0.7779583156250001 0.23852414687499998 0.7974855203125 0.2248681609375 0.7952310625 0.2131012375 0.784259984375 0.1996823640625 0.7921493953125001 0.198030409375 0.811009884375 0.192034909375 0.8231143812500001 0.19767865625 0.8407278703125 0.2050290734375 0.841821765625 0.209427340625 0.85091865 0.209682690625 0.8618428187500001 0.2005526453125 0.8741473296875 0.2028612140625 0.8833775593750002 0.20423437031249997 0.897356246875 0.1962403703125 0.913495575 0.201865878125 0.9303287671875001 0.20232185937499997 0.949836209375 0.19550038281249998 0.9713709515625 0.20757737656250003 0.995607090625 0.21206612656249998 1 0.66875 1
0 0.35493602343749997 0.4063596515625 0.3471296234375 0.3857583140625 0.3324470265625 0.384350825 0.32425239375000003 0.391906878125 0.32463542031250003 0.4082931296875 0.3477862390625 0.4138490328125 0.35493602343749997 0.4063596515625
0 0.7773204640625 0.6514272171875 0.7722421359375 0.6580029578125 0.7672732453125 0.669260484375 0.7641751796875 0.6710210953125 0.7718903828125 0.6877209453124999 0.7865729796875 0.6891284328125 0.792550240625 0.6762436390625 0.7933032578125 0.6636922046875 0.7825994234375 0.653434753125 0.7773204640625 0.6514272171875
0 0.8655984328124999 0.667675134375 0.8727117390625001 0.6586251578125 0.8838950015625 0.6446267078125001 0.8793690625 0.6300677374999999 0.8709737953125 0.629040515625 0.8605800296874999 0.6320481265625 0.8462075015625 0.643905696875 0.84743474375 0.651642003125 0.8477265734374999 0.6641267671875 0.852234275 0.6779054390624999 0.8605565828125 0.6758114703125 0.8655984328124999 0.667675134375
1 0.66875 1 0.9684432765625001 1 0.9806734578124999 0.8501741031249999 0.9772044078125 0.741825575 0.9679649250000001 0.7494482984374999 0.96713895 0.7588785437500001 0.9599526859375 0.764807328125 0.9481492843750001 0.7522756562499999 0.9333572515625 0.7461863796875 0.9226898968749999 0.7374895234375 0.9067618203125001 0.7275654296875 0.8877721562499999 0.7209625421875 0.8794732921874999 0.679293165625 0.8675005296875 0.7042824578125 0.8352014249999999 0.7102507671875 0.8270432703124999 0.7193674156250001 0.8016750796875 0.7084827718750001 0.7815676078125 0.6988253656250001 0.76389638125 0.7038602734375 0.7467593015625 0.6869801703125 0.7269436625 0.689807528125 0.7050200859375 0.69198793125 0.693782103125 0.7036454875 0.70017886875 0.7087075421875 0.66875 0.71527803125 0.66875 1