0 0.23091533437499998 0.07302701874999999 0.2246971625 0.06971208749999999 0.212971940625 0.0672818484375 0.2110752265625 0.0860320734375 0.2242409375 0.0958173609375 0.2337233109375 0.09191396874999999 0.23392405 0.08042764687500001 0.23091533437499998 0.07302701874999999
0 0.28536658125000003 0.0098354890625 0.26975728125 0.0052028953125 0.2657819609375 0.0082215921875 0.2669669609375 0.0301955984375 0.27630334218749997 0.034645890624999995 0.288138059375 0.0308108625 0.290636396875 0.0225255359375 0.28536658125000003 0.0098354890625
0 0.29827680624999997 0.034239734375000004 0.2872627 0.036009128125 0.2801509203125 0.0389366734375 0.2838160078125 0.053669565625000006 0.29306114375000003 0.06334091562500001 0.300227671875 0.057280739062499995 0.30442198125000003 0.0417315109375 0.29827680624999997 0.034239734375000004
0 0.5296875 0.08591484375 0.52568775625 0.0847277828125 0.5198887171875 0.10231985625 0.5282949921875 0.11510105156249999 0.5296875 0.115310546875 0.5296875 0.08591484375
0 0.5129770828125 0.138684940625 0.5067954109375 0.1332815859375 0.4997383765625 0.1330764984375 0.49481469999999994 0.1454703046875 0.5001210125 0.15607192812499998 0.5063756828125 0.15729843906250002 0.5159493015625001 0.148173990625 0.5129770828125 0.138684940625
0 0.0763122265625 0.43523823906250003 0.0661369828125 0.43389778906250004 0.053499901562499994 0.4387542421875 0.0532991609375 0.45024056406249996 0.0561983828125 0.46390645625 0.06163244062499999 0.4671986046875 0.0741235296875 0.4706958375 0.08369714843750001 0.46157139062499997 0.083970884375 0.445908225 0.0763122265625 0.43523823906250003
0 0 0.4537632875 0.0052856671875 0.45929263125 0.016445765625 0.44916954843749995 0.015953634375 0.43243938281250005 0.0105743265625 0.42601460468749996 0 0.4272687109375 0 0.4537632875
0 0.038092528125000004 0.3327876015625 0.034007712499999995 0.34207156250000004 0.033095854687499995 0.3493582546875 0.042450484375 0.35276433749999997 0.05107574687500001 0.3530150015625 0.056710542187500004 0.344820825 0.057695396875000006 0.3333572921875 0.050711359375 0.328975359375 0.038092528125000004 0.3327876015625
0 0.11055660468749999 0.5407075703124999 0.10426543749999999 0.54156948125 0.0985028984375 0.5570731328125 0.10457507656250001 0.5687417546875 0.11467732343749999 0.57425905 0.11786852968749999 0.571217565625 0.116720028125 0.5471551359375 0.11055660468749999 0.5407075703124999
1 0.5296875 0.5796875 0.5296875 0.1779068453125 0.5155843203125 0.1690582125 0.483490359375 0.1649912890625 0.4655104671875 0.1613345421875 0.46148039843750005 0.16748586875 0.43959818124999994 0.1626709734375 0.41470724531250003 0.15045545 0.392679034375 0.1539942390625 0.37849197343749996 0.15776090781250002 0.363466046875 0.164637421875 0.34668940312499996 0.18191047031250002 0.3303324859375 0.175166665625 0.319281884375 0.1790244828125 0.3071010265625 0.1577756609375 0.28897514062499996 0.1624726015625 0.2832850046875 0.21872327187499999 0.2718694203125 0.2434653109375 0.2617671734375 0.237948015625 0.261931415625 0.2285501171875 0.25113629843749996 0.21778898125 0.23687623906250002 0.22573249374999999 0.2387723578125 0.25190613281249996 0.239209740625 0.2717689296875 0.25697064687500004 0.28795620781250003 0.238844759375 0.29265315 0.2399932625 0.316715578125 0.22806730000000003 0.3257716640625 0.21858492499999999 0.3296750578125 0.209649428125 0.34717598125000004 0.19803310624999998 0.38340433906250004 0.1828794375 0.39759033125 0.16763452343750002 0.4169973765625 0.157404534375 0.4187895609375 0.14250635312499998 0.418356596875 0.13667081718750002 0.43803709218750003 0.1512764203125 0.5001012953124999 0.15472251875 0.5273647203125 0.14445603125 0.531245325 0.1440728015625 0.5531737578125 0.1259104171875 0.5599591203125 0.1292510015625 0.5796875 0.5296875 0.5796875
0 0.2194803140625 0.18866099375 0.206205109375 0.185140971875 0.1998044484375 0.192268146875 0.20102594687500003 0.2121537328125 0.2103258296875 0.2186924484375 0.2246041375 0.2097047265625 0.226318359375 0.2013966140625 0.2194803140625 0.18866099375
0 0.9415515124999999 0.054468873437499996 0.9445967265625 0.0597810765625 0.9571243140625001 0.061189890625 0.9610813859375 0.059215406250000005 0.9644003343750001 0.048864446875 0.963707465625 0.043620604687499995 0.9606075046874999 0.0414410296875 0.9551916968749999 0.037104675 0.9481346625 0.0368995875 0.9433387296875001 0.041983915625 0.9415515124999999 0.054468873437499996
0 0.767894190625 0.2949363484375 0.7630435109375 0.30315330937499996 0.7668728390625 0.308488303125 0.7738568765625 0.3128702359375 0.7793456796875 0.31302975 0.7849439765625 0.306923996875 0.7858558359375 0.2996373046875 0.784342353125 0.296459096875 0.7797471578125 0.29005710625000003 0.76949891875 0.29289350000000003 0.767894190625 0.2949363484375
0 0.706421815625 0.40075822656250004 0.7062575734375 0.41015612656249995 0.713989228125 0.41664926874999997 0.7209915140625001 0.419986990625 0.7273191796875 0.4170366578125 0.7305286359375 0.4129509640625 0.7307293749999999 0.4014646421875 0.7253135671875001 0.3971282859375 0.7206818734375 0.39281471562500003 0.71913189375 0.3917249296875 0.711272496875 0.3925412640625 0.706421815625 0.40075822656250004
0 0.777010396875 0.40176489843749996 0.7722509625 0.4047608078125 0.76738203125 0.41402198125 0.77184948125 0.42773344843750005 0.77412883125 0.43197865625 0.7803470015625 0.4352935890625 0.788972265625 0.43554425312499995 0.7969046578125 0.4305510734375 0.798545884375 0.4264198046875 0.7987283734374999 0.41597769375000004 0.7972878875 0.4086226421875 0.7927109421875 0.4011764390625 0.7895744828125 0.4010852890625 0.7864380234375 0.40099413906250003 0.777010396875 0.40176489843749996
0 0.539971675 0.3186100703125 0.5554532328125 0.3305521421875 0.5765695859375 0.33430004062499996 0.596920071875 0.336980940625 0.5993454125 0.3328724578125 0.595625578125 0.3212721984375 0.576806821875 0.32072529843750003 0.5558182140625 0.309667921875 0.5479223171875 0.3125726796875 0.539971675 0.3186100703125
0 0.8418899984374999 0.5049903125 0.83641944375 0.5037865890625 0.82615295625 0.5076671937499999 0.8260252125 0.514976671875 0.82673633125 0.5191763046875 0.8313132781250001 0.5266225062500001 0.8367108359375 0.532003075 0.8454455921875 0.5259884718750001 0.8472693078125 0.511415090625 0.8418899984374999 0.5049903125
0 0.3435520609375 0.689633384375 0.350682090625 0.6856616296875 0.3556422640625 0.6711794015625 0.3542930234375 0.6586032921875 0.3480383546875 0.65737678125 0.3377536171875 0.662301596875 0.3336688015625 0.671585559375 0.3389386171875 0.6842756031249999 0.3435520609375 0.689633384375
0 0.3282488390625 0.9817162343749999 0.35175403437499997 0.9834440734375001 0.352684140625 0.9751131718749999 0.348198440625 0.9624459156249999 0.335652603125 0.9620813140625 0.3316772828125 0.965100009375 0.3275377203125 0.9775166046875 0.3282488390625 0.9817162343749999
1 0.5296875 0.5796875 0.37260805 0.5796875 0.369611528125 0.5900955406249999 0.3749543375 0.5986087421875 0.3909097765625 0.628325190625 0.3819925296875 0.6447819031249999 0.379165709375 0.671863028125 0.3702119640625 0.6904081625 0.3723270703125 0.70405126875 0.371743103125 0.7374660234375 0.35525844218749997 0.73803169375 0.3533069828125 0.7599145500000001 0.3741860984375 0.777237190625 0.3690981796875 0.799028896875 0.35631510624999996 0.812239040625 0.3455199890625 0.8014779031250001 0.3279592296875 0.8187281640625 0.337568753125 0.85243915625 0.347379015625 0.8746638265625 0.3808769640625 0.8881742234375001 0.3956838984375 0.8938282421875 0.3976895125 0.9137366171875 0.39579280156249996 0.9324868390625 0.417547275 0.9446112124999999 0.4314241046875 0.9585961328125 0.42498694375 0.96781173125 0.42314497968750003 0.983429321875 0.509022315625 0.9862860265624999 0.5296875 0.9847201125 0.5296875 0.5796875
0 0.5824592203125001 0.6848135984375 0.5911757296875 0.6798432062499999 0.58745589375 0.668242946875 0.58435593125 0.666063375 0.5781377609375 0.6627484421875 0.5725759609375001 0.6667657734375 0.5692935109375 0.675028309375 0.573888703125 0.6814303015625 0.5824592203125001 0.6848135984375
0 0.5296875 0.7915760421875 0.5303779734375 0.791953140625 0.5358667765625 0.792112653125 0.541465075 0.7860069000000001 0.5440181578125001 0.7745889421875 0.53637775 0.7628747453125 0.5340071562500001 0.7638505921875 0.5296875 0.76372505625 0.5296875 0.7915760421875
0 0.5712614375 0.786872828125 0.5758383828125 0.79431903125 0.58898584375 0.8051485312500001 0.6007293171875 0.8065345546875001 0.6062911171875001 0.8025172234374999 0.608825953125 0.7921434765625 0.6052156125 0.7742779515625 0.6005474203125 0.772052803125 0.5769509796875 0.7755460203125 0.5712614375 0.786872828125
0 0.64325281875 0.887170696875 0.6535375578125 0.8822458828125 0.6482677421874999 0.8695558359375 0.637308384375 0.8681925984374999 0.6293394921875001 0.8752742015624999 0.639332246875 0.887056759375 0.64325281875 0.887170696875
1 1 1 1 0.5796875 0.7735968078125 0.5796875 0.77239868125 0.590038359375 0.7743860437500001 0.610990940625 0.767383165625 0.6525770828125 0.7467041953125 0.6686919812500001 0.7398473078125 0.701924434375 0.728814953125 0.704738040625 0.7213381921875 0.72854980625 0.7086281140625 0.7375831046875 0.6872380265625 0.7494983718749999 0.679159640625 0.762845240625 0.669586021875 0.7719696875000001 0.666996440625 0.7854760703125001 0.6775725687499999 0.8087677375 0.6763504765625 0.8338060140625 0.6831520234374999 0.8486300578125 0.688294096875 0.8686295796875001 0.67332291875 0.8723734593750001 0.672192071875 0.89219068125 0.6657001640625 0.9045389140625 0.6602296109375001 0.9033351890624999 0.6482306515625 0.9165681203125 0.657876671875 0.9481906906249999 0.6710971296875 0.95484334375 0.6655170796875 0.9599048859374999 0.649123665625 0.955249503125 0.6433063796875 0.9738857875000001 0.6478103281250001 0.9855088343750001 0.6641125 0.995385275 0.6661695890624999 1 1 1