0 0.2965017734375 0.3911721875 0.291694321875 0.39603250624999997 0.29180900468750004 0.40759999843749994 0.299654221875 0.4181249453125 0.3067626859375 0.4182192890625 0.31313439375 0.4078830328125 0.3094745546875 0.393634653125 0.306080378125 0.391986403125 0.2965017734375 0.3911721875
0 0.431568365625 0.436136790625 0.44262048125 0.457812209375 0.4533104 0.45005258281250005 0.4578340390625 0.4378595640625 0.45015795000000003 0.42309982343749997 0.4408813078125 0.424350878125 0.431568365625 0.436136790625
0 0.2229956546875 0.33053452499999997 0.2314992453125 0.329387725 0.2360410328125 0.31192727656249997 0.22649872656249997 0.30057820468749996 0.2110376546875 0.3026632953125 0.20992634062499999 0.3112371375 0.21311508906249998 0.327655040625 0.2229956546875 0.33053452499999997
0 0.0328376125 0.172958028125 0.028084609375000003 0.1620160625 0.0185423015625 0.150666990625 0.0163378234375 0.1625472453125 0.0084200078125 0.1730920125 0.015323043750000001 0.18795600625 0.025523721875 0.1876333328125 0.0328376125 0.172958028125
0 0.059048839062500004 0.1904830875 0.0621047546875 0.2006009265625 0.058354170312499995 0.21268969062499998 0.0633909875 0.2309643515625 0.0702700859375 0.20792371406250001 0.0781879 0.197378946875 0.0695696265625 0.1869582546875 0.059048839062500004 0.1904830875
1 0.0924856046875 0 0.0990734921875 0.01134096875 0.10388094375000001 0.00648065 0.11185899531250001 0.023305659375000003 0.10545098906249999 0.044176775 0.1168776625 0.04684775 0.10988388281249999 0.05832089687499999 0.097835134375 0.0567868109375 0.10134399375 0.0700025546875 0.0887334109375 0.09697513437500001 0.090206921875 0.1178363375 0.1075160640625 0.1176080078125 0.1080836875 0.13227340468749998 0.10122273906249998 0.1500466140625 0.1113871203125 0.1602587984375 0.1307497578125 0.1471175796875 0.145135815625 0.14307147343749999 0.1447794046875 0.1568084890625 0.1489103375 0.16888734375 0.155136853125 0.20069051249999997 0.17450527968750001 0.23072135624999998 0.1880275359375 0.253116646875 0.191367265625 0.270567184375 0.1655908328125 0.2614074546875 0.1643103890625 0.274216090625 0.17077863124999998 0.280714753125 0.1626372390625 0.31129660000000003 0.1299454109375 0.3357123671875 0.1684652578125 0.3241995796875 0.1850194953125 0.318808075 0.1890901921875 0.303517153125 0.2037782109375 0.301536315625 0.22238594374999998 0.2832319234375 0.24863346874999998 0.2902221265625 0.2706956140625 0.30093576093749996 0.2847252609375 0.3106266734375 0.273546103125 0.3258232515625 0.26964453593750004 0.33687938125 0.2782265109375 0.35783492968749997 0.2973655703125 0.364730790625 0.30296422500000003 0.3544987859375 0.3140889390625 0.3551044921875 0.319162053125 0.3628443 0.3344902953125 0.3544591453125 0.33364464531250004 0.3756331125 0.3455787078125 0.3655997078125 0.3467502578125 0.38439564375 0.342305003125 0.4186910109375 0.35446264375 0.3886205265625 0.3651344140625 0.386128328125 0.388627984375 0.3850659640625 0.407936175 0.387727028125 0.43141159531250006 0.39193209218749997 0.46078763437500003 0.387970421875 0.485827309375 0.3866995453125 0.5097919734375 0.38346765625 0.5195034093750001 0.390581934375 0.53396785 0.40863817812500003 0.5408288 0.39086496875 0.5538197312500001 0.3880600078125 0.547749984375 0.40046153437500004 0.554012796875 0.42172984687500004 0.574867096875 0.424182403125 0.5746558796875 0.3957799921875 0.568996990625 0.37864221875 0.57861189375 0.36892157812500004 0.5805507078125001 0.3444411953125 0.5950877453125 0.3414277265625 0.6060614765625 0.3410007984375 0.6260280375 0.3319901171875 0.6404503921875 0.31740915468750003 0.6630743765625 0.299616125 0.6814345953125 0.2634441765625 0.687806303125 0.25310791875 0.7139935921875 0.23272834531250003 0.71875 0.2183419921875 0.71875 0.0495974625 0.711498384375 0 0.0924856046875 0
0 0.8423695046875 0.466362628125 0.8402376234375 0.4571731703125 0.8280378953125 0.4546064484375 0.8226265203124999 0.4553362296875 0.8195161562500001 0.46102067812499997 0.819159746875 0.47475769218749997 0.8222156640625 0.48487553125 0.8284000921875 0.48404149687500003 0.8307192546875001 0.4837287328125 0.8372237921875 0.47969253749999996 0.8414091718750001 0.47596910625 0.8423695046875 0.466362628125
0 0.7243942640625 0.4843788359375 0.7307296734375 0.48457743750000004 0.737536175 0.48260650937499994 0.737554325 0.4773390828125 0.7369685500000001 0.46794111562499996 0.7318954343749999 0.46020130937500003 0.72682231875 0.452461503125 0.719526578125 0.4618693828125 0.7190554859375 0.4640389046875 0.7190373359375 0.46930633437499997 0.720396165625 0.478600046875 0.7243942640625 0.4843788359375
0 0.9513642749999999 0.40849068125 0.9606227703125001 0.41250705625000006 0.9698994125 0.41125600156250003 0.9667106656250001 0.39483809999999997 0.963032675 0.38585715 0.957844878125 0.3665498546875 0.9527354656250001 0.36934490468750003 0.9443828546875 0.371524340625 0.9357101359375001 0.37690593125 0.9433680765625001 0.3969331 0.9513642749999999 0.40849068125
1 0.71875 0 0.71875 0.44842031875000005 0.7267076375 0.4408940109375 0.748069325 0.4306421875 0.7660186890625 0.4240095421875 0.7784840796875 0.4391763875 0.78872105625 0.4283188578125 0.8018629671875 0.42654653124999997 0.7924592796875001 0.464669584375 0.7984564296875 0.473337771875 0.8054502093749999 0.4618646234375 0.820005396875 0.453583725 0.8249819781250001 0.44448861093750003 0.8386494296875 0.42474447499999995 0.8487354249999999 0.412854309375 0.861762653125 0.399514490625 0.873847696875 0.3905137203125 0.8830278078125 0.372427746875 0.8952819828124999 0.3591921828125 0.91585246875 0.3543120421875 0.9394004859375 0.337447390625 0.96032738125 0.318830234375 0.9704496734375001 0.2964052109375 0.9779326953125 0.2774951109375 0.9905069812499999 0.261057390625 1 0.2621518046875 1 0.0779732234375 0.9885995812499999 0 0.71875 0
0 0.36931668281249996 0.866348475 0.3686401625 0.88328765 0.371714228125 0.888138059375 0.3814438140625 0.8899849109375001 0.38704246875 0.8797529078125 0.38368459062500004 0.8675697984375 0.36931668281249996 0.866348475
0 0.44766654843750003 0.911590959375 0.43593791406250004 0.9068547140625001 0.42928239375 0.909858275 0.4236655890625 0.92535770625 0.4262504140625 0.93764506875 0.4359618515625 0.9447593484375 0.446162528125 0.9444366734375 0.45130824062499997 0.9311067656249999 0.44766654843750003 0.911590959375
0 0.444459653125 0.9004404859375 0.45803635781249996 0.9070334921875001 0.45890015625 0.8805920953124999 0.4488504578125 0.8819474046875 0.4441939875 0.887840359375 0.4434027859375 0.89321204375 0.444459653125 0.9004404859375
0 0.6699198546875 0.8142259828124999 0.6681864671875 0.8239367140624999 0.669696278125 0.8342630625 0.6809538203125001 0.8411688312500001 0.6862142140625 0.8394064140624999 0.693340828125 0.8342333312499999 0.691057965625 0.8240112374999999 0.68042249375 0.8159685796874999 0.6699198546875 0.8142259828124999
0 0.70543745 0.9115766859375001 0.705775709375 0.9031070968750001 0.7022487015625 0.8951587828124999 0.69329216875 0.893207678125 0.690030825 0.8978594906249999 0.6862983875 0.9046808265624999 0.6885812515625 0.91490291875 0.6939926265625 0.9141731359375 0.70543745 0.9115766859375001
0 0.10446939687500001 0.5429942578125 0.1122964671875 0.5587866328125 0.121893221875 0.55433341875 0.1263987109375 0.5474078296875 0.120721671875 0.535537484375 0.11221808281250001 0.5366842843749999 0.10446939687500001 0.5429942578125
0 0.18724057968750002 0.5160367406249999 0.1737967078125 0.5157437984375 0.16697205625 0.5229821515624999 0.1634871359375 0.5476710421875 0.17182159531250002 0.5507590359375 0.1851144859375 0.5500193437500001 0.18884692187500002 0.5431980078125 0.19152249375 0.529148228125 0.18724057968750002 0.5160367406249999
0 0.1827887546875 0.641943659375 0.1786396734375 0.635132234375 0.1618379203125 0.6226561828125 0.1590295203125 0.6304058984375 0.1566559125 0.6465209484375001 0.163426115625 0.6550848796875 0.17579497187499998 0.6534168078125 0.1827887546875 0.641943659375
1 0.71875 0.4890625 0.2524677015625 0.4890625 0.2589654375 0.510575865625 0.2439391578125 0.5210262875 0.249296084375 0.5360987921875 0.26328943437499996 0.556324559375 0.27579112499999997 0.56095655 0.2865957265625 0.5647644140625 0.3043215125 0.5781688468749999 0.32050119062500004 0.5917817875 0.337417625 0.61582533125 0.3483550578125 0.625933259375 0.357577253125 0.640484490625 0.3638400671875 0.661752803125 0.3778152671875 0.687246 0.37125628125 0.70708448125 0.3682424515625 0.729603846875 0.3796328265625 0.7428096796875 0.39235809375 0.7274045906250001 0.39318559531249997 0.7114980515625 0.4024622390625 0.710246996875 0.407819165625 0.7253195015625 0.4187384515625 0.740694859375 0.4242282109375 0.762067425 0.4324900734375 0.7862251328125 0.4524203375 0.787749309375 0.46480734375 0.7808138093749999 0.457620496875 0.7586171171875 0.4748388921875 0.7847259296875 0.48337878125 0.7730442734375 0.4897323390625 0.7679754421875 0.50102618125 0.76434635625 0.5030070828125 0.7725031796875 0.5077419375 0.788712571875 0.5296894 0.787858715625 0.5325341 0.7695741437500001 0.5336272656250001 0.7662677296875 0.54068128125 0.7821643593750001 0.5527300265624999 0.783698446875 0.5678891375 0.7795480859375 0.586442425 0.7770459781250001 0.594191109375 0.7707360046874999 0.6045246203125 0.7767133953125 0.6173827171874999 0.7676083703125001 0.6280544875 0.7651161703125 0.63933018125 0.7667545125 0.6609756828125 0.7638353859375 0.6835815171874999 0.751309784375 0.6954974296875001 0.7465438078125001 0.7042245984375 0.7253599312500001 0.7181758609375 0.7129484921875 0.71875 0.7124123015625 0.71875 0.4890625
0 0.645647440625 0.772220540625 0.637578646875 0.7817326734375 0.6403144515625 0.7950526703125 0.6481959671874999 0.7950427609374999 0.6543803968749999 0.7942087250000001 0.6579437031250001 0.7916221828125 0.6583001125 0.7778851671875 0.645647440625 0.772220540625
0 0.1250506765625 0.75924185625 0.1151156609375 0.77216465625 0.11185431718750001 0.7768164687500001 0.121849565625 0.7912634453124999 0.1295982515625 0.7849534703125001 0.1370812734375 0.7660433703124999 0.1250506765625 0.75924185625
0 0.3411492765625 0.743787609375 0.335701603125 0.75505225 0.3413423453125 0.7774574515625 0.35356022187499997 0.77475674375 0.3600647609375 0.7707205484375 0.3625893484375 0.7556381359375 0.3552152234375 0.7429436640625 0.3411492765625 0.743787609375
0 0.9394056046875001 0.9723230562499999 0.950077375 0.96983085625 0.9507538953125 0.952891684375 0.9445876156249999 0.9484582890625 0.9315966859374999 0.9512632515625 0.9309383140625 0.9629349968749998 0.9321461609374999 0.9711960765625001 0.9394056046875001 0.9723230562499999
0 0.9790854265625001 0.893262078125 0.99053025 0.8906656250000001 0.9922273374999999 0.8914897515625 0.9967509765625 0.87929673125 0.99092295625 0.8663937531249999 0.97979824375 0.8657880453125 0.974048609375 0.8749874140625 0.9727863156250001 0.8825286218749999 0.9790854265625001 0.893262078125
0 0.897861134375 0.7852274703125 0.901708253125 0.789973625 0.911570671875 0.7981205390625 0.919808596875 0.7843736124999999 0.91814780625 0.77301463125 0.913394803125 0.7620726671875 0.9025720515625 0.7635322296875 0.8951253296875 0.7719074734375 0.897861134375 0.7852274703125
1 1 0.4890625 0.7993151796875 0.4890625 0.7995099765625 0.48996329375 0.7985133453125 0.5101046265625 0.8082247812500001 0.51721890625 0.8111115671875 0.5315715390625 0.78657928125 0.5201380328125 0.7839037109375 0.5341878109375 0.7829433781249999 0.5437942875 0.7674460078124999 0.5564142359375001 0.7714078109375 0.5727278828125 0.7688469234374999 0.598345153125 0.7827437390624999 0.601736 0.793318975 0.582408884375 0.810930078125 0.584245821875 0.7969788140625 0.5966572609374999 0.7724704640625 0.6231283890625 0.779844590625 0.6358228578125 0.8052406781249999 0.6208149671875 0.8270916078124999 0.6031261921875 0.8314461156249999 0.5951679671875001 0.8389893734375 0.60362764375 0.836331953125 0.61240999375 0.828885228125 0.6207852375 0.83284703125 0.6370988859375 0.8404084359375 0.6402911328125 0.8440319796875 0.6650743671875 0.8572522734374999 0.6854043890625 0.8715475874999999 0.707695428125 0.882013928125 0.7199728796875 0.8802623921875 0.7349510406249999 0.8682499421875001 0.722882096875 0.852335928125 0.72186928125 0.8536766078125 0.736430421875 0.8618419375 0.7437532109375 0.8728156703125001 0.7433262828125 0.860090403125 0.7587313703125 0.84602445625 0.759575315625 0.83437420625 0.77694141875 0.8324716890625 0.79088694375 0.848705815625 0.7886976000000001 0.86199870625 0.787957909375 0.8762700796875 0.7723443125 0.8925405046874999 0.759620109375 0.9009112625 0.752173246875 0.9126761968749999 0.7463746359375 0.927648028125 0.7517264984375001 0.9419977875000001 0.7582152515624999 0.95123813125 0.7674990515625 0.9567823390625 0.7730693328125 0.9520714203124999 0.794764575 0.9552601687500001 0.8111824765625 0.964162253125 0.8289358671875 0.981018453125 0.825609634375 0.9861641640624998 0.8122797265624999 1 0.8186846125 1 0.4890625