0 0.108110953125 0.066529234375 0.10337627499999999 0.0650883203125 0.093943365625 0.0642734453125 0.0870235875 0.07244681875 0.08807998593750001 0.08784459375 0.0967480796875 0.089797284375 0.108457209375 0.086165246875 0.10823852187500001 0.0737635546875 0.108110953125 0.066529234375
0 0.1740878328125 0.158220425 0.16702226250000002 0.15812600625 0.156023278125 0.1575198046875 0.146845503125 0.17117356718750001 0.1487396125 0.1895674265625 0.15981149375 0.1943075234375 0.171429503125 0.185508115625 0.1766374125 0.1692756265625 0.1740878328125 0.158220425
0 0.2089430453125 0.22090966875 0.20176813125 0.2146144015625 0.1893124125 0.22041772656249997 0.188001471875 0.235095046875 0.194393346875 0.24149465312500001 0.2006576546875 0.2406599390625 0.20834224687499997 0.23134875 0.2089430453125 0.22090966875
0 0.34621287343749996 0.305172934375 0.3386194 0.31965149375 0.34355454218750003 0.3324606234375 0.3591606390625 0.327273415625 0.364404996875 0.313107875 0.3603257890625 0.3043283015625 0.34621287343749996 0.305172934375
1 0 0.3796875 0.27659954999999997 0.3796875 0.27675995468750003 0.3724380296875 0.2704591984375 0.371205796875 0.26792784375 0.3611840703125 0.2516116046875 0.370609515625 0.2391194359375 0.374345890625 0.2513200203125 0.354073925 0.2820948390625 0.31889612500000003 0.29460523125 0.316193221875 0.29986781093750003 0.30306115624999996 0.3323727234375 0.27697594531249997 0.302781278125 0.29024210781250004 0.3201350984375 0.250637228125 0.2909263578125 0.28560635 0.2747741328125 0.3043330640625 0.2664887421875 0.3240833328125 0.23933753281249998 0.34220384843749996 0.2136612796875 0.35494831250000003 0.2088354796875 0.3483400296875 0.2211818546875 0.3363358578125 0.21619204062500003 0.320426303125 0.2121857296875 0.315780628125 0.2118030265625 0.2940776671875 0.20184162031250003 0.263292034375 0.1920260078125 0.2407741953125 0.2123303359375 0.23496095156250002 0.20810533437499998 0.21791358437500002 0.1916797515625 0.2211381828125 0.1840316078125 0.23251631874999998 0.176911365625 0.22932147500000002 0.1891483953125 0.2111164578125 0.2124208625 0.19558458750000002 0.22877355000000002 0.188226090625 0.27568236874999996 0.133288103125 0.237750859375 0.1632041109375 0.22367439218750002 0.16611569375 0.207922503125 0.16303510625 0.1933363546875 0.181553140625 0.18095353125 0.1914903625 0.166276265625 0.204841028125 0.1609225640625 0.212805721875 0.1435681515625 0.207866865625 0.12138793750000001 0.196319725 0.11177278906250002 0.1851701046875 0.1108439578125 0.17700665 0.12237084843749998 0.16303986718750002 0.11468566093749999 0.1278073203125 0.09889732500000001 0.1226597859375 0.0929063765625 0.1389966140625 0.0747507015625 0.1331286234375 0.0644436328125 0.1272507125 0.06415205 0.11071512343750001 0.05040361249999999 0.1322292421875 0.0423727640625 0.1219044171875 0.051295401562499995 0.0937820140625 0.060491399999999994 0.08116172499999999 0.080831584375 0.03287169375 0.0471979703125 0.0839689671875 0.034214346875 0.1043452734375 0.0170057265625 0.10767420937500001 0.0019093078124999999 0.0972549640625 0 0.09805335 0 0.3796875
0 0.8348584203125 0.15015656875 0.82549840625 0.1534755890625 0.8146269875 0.16010370937500001 0.8164482 0.1743636734375 0.8283577937500001 0.18209985312500002 0.836825425 0.172684325 0.8398846828125001 0.16813307187499998 0.84367230625 0.16037705468750002 0.8419057656250001 0.14921751562500002 0.8348584203125 0.15015656875
0 0.7465925765625 0.0852611265625 0.7387621921875 0.08630451875 0.7286373640624999 0.09076135156250001 0.724940859375 0.103684740625 0.73368185 0.1097713296875 0.7384165296875 0.1112122421875 0.744607940625 0.10624363125 0.7484684609375 0.1026215125 0.7513819265625 0.0898024625 0.7465925765625 0.0852611265625
0 0.626859403125 0.016271460937500003 0.6231082265625 0.026094426562500002 0.620959575 0.0377756609375 0.6218337328125 0.0428386921875 0.631303090625 0.04572051875 0.641482590625 0.044364109375 0.6443596078125 0.029478112499999997 0.6425930671875 0.018318571875000002 0.63618296875 0.0108854921875 0.626859403125 0.016271460937500003
0 0.5296875 0.08578555624999999 0.540980903125 0.08676115625 0.5455697890625 0.079934275 0.551779425 0.07599913750000001 0.5626690671875 0.07040449062500001 0.5492298453125 0.0649439375 0.5333503890625 0.0546290296875 0.5296875 0.057293276562499995 0.5296875 0.08578555624999999
0 1 0.2101219875 0.9922685578125 0.219305321875 0.98613181875 0.22737435625 0.9800497515625001 0.23854381249999998 0.9754061921874999 0.242270271875 0.9724198296874998 0.2509554234375 0.9646987890624998 0.2581996625 0.961020509375 0.272156525 0.9635518640625002 0.2821782515625 0.9659920984374999 0.28703260468749997 0.97225640625 0.286197890625 0.9760804796875 0.2805088234375 0.9789757203124999 0.2666563 0.991230978125 0.24948475625 0.9973494921875 0.2403822484375 1 0.23482430937499998 1 0.2101219875
0 0.9614584765625 0.3415036453125 0.9585450125000001 0.35432269375000003 0.9594738421875 0.36248614843750004 0.9666123078125001 0.3667144671875 0.9822730765625 0.3646276796875 0.9876996734375 0.3607968828125 0.9905766921874999 0.3459108875 0.9865703796874999 0.3412652109375 0.9708549390625001 0.3402515734375 0.9614584765625 0.3415036453125
0 0.8719534031249999 0.2063319484375 0.8681657796875001 0.21408796562500002 0.86676371875 0.2235979125 0.870788253125 0.22927706093750003 0.87934700625 0.22502890625 0.889562953125 0.22573944531249998 0.8886523468749999 0.2186094625 0.887741740625 0.2114794828125 0.8821511265625 0.20600901249999998 0.8719534031249999 0.2063319484375
1 0.5296875 0.3796875 0.9408227515625001 0.3796875 0.9399707765624999 0.369228528125 0.9335789015625 0.3628289203125 0.92274393125 0.3715239921875 0.9126737734375 0.3790812484375 0.903003953125 0.3648312046875 0.913857146875 0.357169609375 0.9194113125 0.36057313125 0.9247285656249999 0.3505414859375 0.92685899375 0.3378267765625 0.9306466171875 0.3300707609375 0.9211043640625001 0.3230550359375 0.9086121968749999 0.3267914140625 0.8944628343750001 0.32556909843750004 0.892842084375 0.322677353125 0.8885988609375 0.30459651249999997 0.8866500796875 0.2831022296875 0.8824615265624999 0.2681218109375 0.8759238593750001 0.253454409375 0.8662358156250001 0.2381708921875 0.85656599375 0.22392084843750001 0.85073846875 0.2050152109375 0.8724448578124999 0.18969201875 0.8801294515624999 0.1803808328125 0.8965732578125 0.17818970781250001 0.9033290203125001 0.160715065625 0.900087521875 0.15493157500000002 0.8829153484375001 0.16032746250000002 0.8665626609375 0.167685959375 0.8557094671875 0.17534755468750002 0.8463859015625002 0.1807335234375 0.8355509296875001 0.18942859375 0.8324552234375 0.19191289843749998 0.8167033359375001 0.18883231250000002 0.8071610828125 0.1818165890625 0.79918490625 0.1745921875 0.78601904375 0.18463374999999999 0.7788988031249999 0.18143890625 0.7740001078125001 0.170696725 0.7713776328125 0.1555076265625 0.7680267921875 0.14352329218749998 0.7593222484375 0.1395036515625 0.7433698953125 0.125054846875 0.7284374921875 0.123936871875 0.7267074 0.11484428124999999 0.7038170453125 0.10753537500000002 0.6935828734375 0.10579136250000001 0.689030434375 0.11468519218749999 0.6668319984375 0.102104578125 0.656634275 0.10242751406249999 0.642503134375 0.1022386703125 0.6353646671875 0.098010353125 0.6219983421874999 0.09668369843749999 0.60402490625 0.10115044843750001 0.5766185593750001 0.1048023234375 0.564035271875 0.10337132812500001 0.5491028703125 0.1022533515625 0.5296875 0.103237446875 0.5296875 0.3796875
0 0.772615678125 0.136696409375 0.771613953125 0.12439905625 0.76671525625 0.11365687499999999 0.7565722046875 0.117080234375 0.754423553125 0.12876147031250001 0.7617807078125 0.145391478125 0.7664789390625 0.14476544375 0.772615678125 0.136696409375
0 0.45247265 0.3796875 0.450788296875 0.38973996875 0.4587462484375 0.3959308984375 0.46885285468750004 0.39044059062500003 0.4730752734375 0.3796875 0.45247265 0.3796875
0 0.3818501296875 0.3796875 0.3815711046875 0.3813527625 0.3872892859375 0.394057553125 0.39668574843750004 0.3928054828125 0.3994274671875 0.3796875 0.3818501296875 0.3796875
0 0.14133915156250001 0.3796875 0.1384100328125 0.389928025 0.14012190156249998 0.3979871390625 0.1478611671875 0.39177637656250003 0.157148284375 0.384323459375 0.156620809375 0.3796875 0.14133915156250001 0.3796875
0 0.149573628125 0.444379228125 0.1590065375 0.44519410624999994 0.17067921875 0.43949511875 0.172882540625 0.43091430625000005 0.16720080937499998 0.4202764640625 0.1655800609375 0.41738471875 0.1561836 0.41863679062500003 0.15154004062499998 0.4223632484375 0.1470240484375 0.4333240265625 0.149573628125 0.444379228125
0 0.186377028125 0.48401901562500005 0.19570059374999998 0.4786330484375 0.1971208796875 0.47015657656250004 0.1907472265625 0.46479044375 0.1789287546875 0.4622216359375 0.17191785625 0.46522763749999996 0.1681849046875 0.476084078125 0.174595003125 0.48351715781250004 0.1808957578125 0.48474939062499994 0.186377028125 0.48401901562500005
1 0.5296875 0.7069103421875 0.5246349734375 0.70517339375 0.5047856515625 0.6922797609375 0.489689234375 0.6818605156249999 0.48449895468750004 0.6545827421875 0.46727210937499997 0.6568782078125001 0.459605146875 0.6226791328125 0.45155607656249996 0.6113208328124999 0.4470394921875 0.5777378765625001 0.45370413593750003 0.5550958640625 0.4516460109375 0.527400734375 0.43529332187499997 0.53475923125 0.4315421453125 0.5445821953125 0.42214568437500005 0.5458342671875 0.41495254687500005 0.5385055249999999 0.4061204359375 0.5272515656250001 0.40174964375 0.501936403125 0.398981378125 0.47847951250000004 0.3815540671875 0.469406759375 0.37237629375000003 0.483060521875 0.370937784375 0.49050351875000003 0.3623972578125 0.49578515 0.36212389843750004 0.48028303437500003 0.3519261734375 0.4806059703125 0.3506152328125 0.4952832890625 0.339616246875 0.4946770890625 0.33408030625 0.4923070421875 0.33063834375 0.47515533593750003 0.3187651984375 0.46948610312500005 0.30386924375 0.47043507656249994 0.298442646875 0.47426587500000006 0.27868444531250003 0.4665396125 0.26154871874999996 0.47400244843749995 0.24681678125 0.48425268906249996 0.24135373593749998 0.48601653593750005 0.2263848859375 0.4828316109375 0.20524284843750001 0.48564877187499994 0.1966840953125 0.48989692656250006 0.1794208015625 0.49012544375000006 0.15755039843750002 0.496147365625 0.13507919375 0.5126083703125 0.116286271875 0.5151125125 0.114410978125 0.5422958640625 0.088716503125 0.5540068515625001 0.052095934375 0.5692455421875 0.040514375000000005 0.5801119 0.0266201453125 0.5933582234375001 0.0006529 0.6341108328124999 0 0.6350126328125001 0 1 0.5296875 1 0.5296875 0.8122284734375 0.529662421875 0.8122373656249999 0.5296875 0.8121814109375001 0.5296875 0.7069103421875
0 1 0.5162195828125 0.9929751249999998 0.5199632624999999 0.9914819421875001 0.5243058406250001 0.9862375859375 0.53847138125 0.9942684343749999 0.54879620625 1 0.5480324796875 1 0.5162195828125
0 0.9361260890625 0.7678677703125001 0.9447395109375 0.7667200390625 0.9516410656249998 0.757513190625 0.9458317656249999 0.7396410265625001 0.9349603468750001 0.7462691484375 0.9310633781250001 0.74782431875 0.928077015625 0.7565094718750001 0.9282592546874999 0.7668442140625 0.9361260890625 0.7678677703125001
1 0.632129453125 0.3796875 0.6312089859375 0.3899930625 0.627476034375 0.400849503125 0.6108864359374999 0.39477283281250003 0.5928583265625 0.3961391609375 0.5739560609375001 0.39244245625 0.5575669249999999 0.39773400468750003 0.5427620906249999 0.4038503484375 0.532327453125 0.3907381171875 0.5296875 0.3921241640625 0.5296875 1 0.8937595265624999 1 0.9031503171875 0.989801325 0.9035688765625001 0.9690274984375 0.8994167718749999 0.9561140296874999 0.909486928125 0.9485567734375 0.92338115625 0.9353104484374999 0.9367292593750001 0.9356036296875001 0.9435220624999999 0.9647396703125001 0.9685063953124999 0.9572669171874999 0.9863522640625 0.9455658437500001 0.9782667437499999 0.932140596875 0.9586725578124999 0.933715603125 0.9577437281249999 0.92555215 0.960511403125 0.90446530625 0.9600922515625001 0.8806953937500002 0.9443221375 0.8765813343750001 0.9224881828125 0.88467020625 0.9122540109375 0.88292619375 0.924399921875 0.8595538046875 0.933431903125 0.8376322453124999 0.9234704984375 0.8068466140624999 0.9086474390625 0.811929484375 0.9182802203125 0.7795688421875 0.9170598062499999 0.7548697984375 0.9025277390625 0.7319445218749999 0.89966835 0.7033202562499999 0.9086456625 0.6782982765625001 0.9043842124999999 0.6591839609375001 0.8917462531249999 0.6546525437499999 0.885590696875 0.6171443671875 0.873972096875 0.5814000421875 0.8542503421875001 0.575740728125 0.84201271875 0.5494020109375001 0.8211069984374999 0.5211106015625 0.8246577109375 0.49991942031250003 0.8042987125 0.5026322390625 0.8101074203125 0.47596066718749996 0.812019159375 0.45084426562499996 0.8061187390625 0.42780473125 0.789529140625 0.421728059375 0.7802237984375 0.4281475046875 0.7764726203125 0.43797046875 0.7731035562499999 0.424952659375 0.772138278125 0.41472225468749996 0.7627600390625 0.4170078015625 0.7623044390625 0.39117094375 0.7492163984375 0.3796875 0.7467236859374999 0.3796875 0.7317294921874999 0.393173225 0.7215135453125 0.3924626875 0.7067451578125 0.40064597968750004 0.6981317359375 0.40179371093749994 0.6867864921875 0.3815515015625 0.6813643859375 0.3796875 0.632129453125 0.3796875