0 0.046734479687500004 0.153718721875 0.0640937421875 0.149723378125 0.06259234531249999 0.1393334140625 0.05726180937499999 0.1333407515625 0.0442729921875 0.1361426890625 0.04292535 0.1447037375 0.046734479687500004 0.153718721875
0 0.0447405796875 0.06674643125 0.040595153125 0.07979556875 0.04555815 0.0881230625 0.06817668593750001 0.0972156625 0.07352723125 0.08979604062499999 0.076641303125 0.0766561171875 0.0711882546875 0.07144173125 0.0585157265625 0.065591834375 0.0447405796875 0.06674643125
0 0.163918875 0.10012014843749999 0.1562093421875 0.102597746875 0.13944263750000002 0.11611399062500001 0.1460495546875 0.1206408859375 0.1607847921875 0.1266723578125 0.17092457187500001 0.12204150312499999 0.1728847765625 0.10958906875 0.163918875 0.10012014843749999
0 0.25954100625 0.1834983453125 0.269048209375 0.1961711625 0.27256106406249997 0.200425696875 0.2892565078125 0.19400473437500002 0.28544737656249997 0.18498975 0.26950702031249996 0.1733287640625 0.25954100625 0.1834983453125
0 0.8893528843750002 0.22505376875 0.8919769078125 0.21502695312500003 0.8905980234375 0.20385871249999998 0.880110715625 0.1974121125 0.8660905453125001 0.2001232640625 0.8615775781250001 0.21550723125000001 0.8673269062500001 0.22548206875000001 0.8811533015624999 0.230644475 0.8893528843750002 0.22505376875
0 0.659588334375 0.29635938125 0.6560242296875 0.28578784218750003 0.6492948015625 0.2820392234375 0.6374598515625 0.2841536734375 0.6220207765625 0.302521153125 0.61995806875 0.3023395796875 0.6330493875000001 0.3121716484375 0.6455481531249999 0.31248281875 0.6527163828125 0.306801325 0.659588334375 0.29635938125
0 0.45735161093750004 0.29907265 0.453451209375 0.31056523281250004 0.4596905859375 0.3174269609375 0.4713317609375 0.3231860703125 0.48274792031249997 0.31708944843750003 0.48421807499999997 0.3077501234375 0.480705221875 0.3034955875 0.475007146875 0.29983775625 0.46687882500000005 0.29833318124999997 0.45735161093750004 0.29907265
0 0.9801496343749999 0.1265230390625 0.9733489437500001 0.1298697015625 0.9673858328125 0.141180709375 0.9687647171875 0.15234894999999998 0.9818047859375 0.15586401562500002 0.98975934375 0.15182986406250001 0.9930471796875 0.1442286671875 0.99124950625 0.12907825312500001 0.9801496343749999 0.1265230390625
1 1 0 0.4296875 0 0.4296875 0.2305005125 0.4382747171875 0.2342684390625 0.44711810625000004 0.2445156375 0.4484969890625 0.25568387812500004 0.46244589999999997 0.2600680078125 0.4741583375 0.25873183593750004 0.4921614015625 0.2705743953125 0.508714321875 0.2783439953125 0.5299539734375001 0.2762683546875 0.5511936234375 0.2741927140625 0.5454443 0.264217878125 0.5696555 0.2631928765625 0.5867697359374999 0.2607540859375 0.5894762484375 0.27677356406250003 0.5983909 0.27992548125 0.6163427140625 0.2854510359375 0.6426166234374999 0.28460760937499996 0.6537877562500001 0.28006754218749996 0.6615685499999999 0.2704946625 0.6656026953125 0.29136537812499996 0.6751299109375 0.290625909375 0.6995973703125 0.3211859265625 0.70817104375 0.3296875 0.729371153125 0.3296875 0.718355521875 0.31494653906250003 0.707398171875 0.2982007625 0.6973696765625 0.268911765625 0.69635833125 0.25540869375 0.7083157921875 0.2525159671875 0.7235410812499999 0.2554343296875 0.7593422078125001 0.2538514328125 0.789812796875 0.2462758734375 0.8099698437499999 0.237792440625 0.8185369640625 0.22986690312500002 0.824286290625 0.2398417390625 0.8294230531250001 0.25370796093750003 0.8425656234375001 0.269857034375 0.873517484375 0.30572222656250003 0.8714947953125 0.27871608124999997 0.865030403125 0.259998621875 0.8598423890625 0.239815396875 0.8551956796875 0.2228360671875 0.85011016875 0.21528684999999997 0.8467398375 0.19684175312500002 0.8598711781249999 0.1798492515625 0.869785940625 0.163362665625 0.8737375937500002 0.1581870875 0.896233615625 0.168057965625 0.9103050390625 0.17166381718749998 0.9180145703125 0.1691862203125 0.9379778406250001 0.16857634531250001 0.9453398453125 0.15502129375 0.9320034984374999 0.1467457796875 0.9247840203125002 0.14611026875 0.9406418828125 0.1317249609375 0.9515167375000001 0.1224244421875 0.9663944984375 0.11426535156249999 0.9681096796875 0.10336947187500001 0.9847026203125001 0.0843145015625 0.9894806218750001 0.05396169375 1 0.033599109375000005 1 0
0 0.8211922265625 0.23956937812499998 0.81311515625 0.24438180625 0.8016989984375 0.250478428125 0.8053856140625001 0.260271690625 0.817271815625 0.2644742453125 0.8252263734374999 0.26044009375 0.8256651734375 0.25100998125 0.8211922265625 0.23956937812499998
0 0.3580520015625 0.8103077953125 0.38504097812500004 0.818206990625 0.3842033984375 0.8102426453125 0.37717769375 0.8017335765624999 0.36578154375 0.7944179124999999 0.35679563124999997 0.798361278125 0.3580520015625 0.8103077953125
0 0.2776776234375 0.7961311109375 0.2706319078125 0.8010343265625 0.27601369375 0.81334399375 0.28463206875 0.8117354609374999 0.3023588671875 0.8054052859375 0.3075869 0.798763940625 0.307045596875 0.79556004375 0.3022051109375 0.7864542734375 0.29140151875 0.788659509375 0.2776776234375 0.7961311109375
0 0.22009554374999998 0.796585753125 0.2207793703125 0.7855990859374999 0.20476775156250002 0.78103338125 0.198753390625 0.786027384375 0.1977020265625 0.7993488828124999 0.20867938437500003 0.8026823734375 0.2169302203125 0.803408671875 0.22009554374999998 0.796585753125
0 0.155864075 0.739642634375 0.15667041406249999 0.727877690625 0.15794679375 0.7264119234375 0.147582 0.719187046875 0.13356182968750002 0.7218981984375 0.129783940625 0.732612503125 0.1369321578125 0.7403432953125 0.14378410156250002 0.7433136375 0.155864075 0.739642634375
0 0.19738961093750002 0.6020559890625 0.20824445625000002 0.6061677578125 0.2256037171875 0.6021724125000001 0.2221621265625 0.590822596875 0.21567772187499998 0.585517425 0.2039652859375 0.5868535953125 0.195888215625 0.591666025 0.19738961093750002 0.6020559890625
0 0.1839570875 0.454897171875 0.18909385 0.4687633921875 0.1885325359375 0.4789717828125 0.19884608125 0.4798796546875 0.20977218749999998 0.47689614062499996 0.22816280312499998 0.472991584375 0.2312056140625 0.4669469421875 0.225630053125 0.4625108328125 0.2108948140625 0.4564793625 0.20495171406249998 0.45437808437499994 0.1839570875 0.454897171875
0 0.029152467187499996 0.7939806765624999 0.0347992890625 0.7913215046875 0.0454291203125 0.7835775421875 0.0346455359375 0.7723704921875 0.0233006375 0.7713718328125 0.0114656890625 0.7734862812500001 0.009750509374999999 0.7843821609375 0.0156223484375 0.7935787203125 0.029152467187499996 0.7939806765624999
1 0 0.3296875 0 0.7652331218749999 0.0056651109375000005 0.7571944421875 0.015998665625 0.744690028125 0.0275373375 0.7378151296875 0.034460540625 0.733690190625 0.0538625 0.74328870625 0.07048668125 0.743963025 0.0900311609375 0.739370978125 0.091695090625 0.7221580953125001 0.0804214546875 0.7140641546875 0.0958605296875 0.6956966734375 0.09885208749999999 0.6833350265625 0.1169776671875 0.694399309375 0.1082055390625 0.67705683125 0.12259324687499999 0.672010846875 0.1530750671875 0.6975768625000001 0.1951980640625 0.7289019859375 0.1649812796875 0.6883671328125001 0.1496534859375 0.6728147609375 0.133100565625 0.6650451609375001 0.142402765625 0.6524499609375 0.15214376406250002 0.6304246484375 0.1510811671875 0.610604571875 0.1602608546875 0.5987876484375001 0.1716257625 0.5863740234374999 0.1786202265625 0.575153803125 0.172574621875 0.5604185171875 0.16481384062499999 0.5565791109375 0.16986810937500002 0.5443990390625 0.17868025625 0.534916946875 0.1813242890625 0.511477846875 0.1933017609375 0.49517283437500004 0.18701113125 0.481994103125 0.180424225 0.46405492187499997 0.17904534218749998 0.45288668125000003 0.1665665875 0.43916322656249995 0.16449264531250002 0.4058400765625 0.15731318593750002 0.3783799953125 0.1413728296875 0.3667190109375 0.131130546875 0.35871585625 0.118600540625 0.338675396875 0.1049988140625 0.3296875 0 0.3296875
0 1 0.5096724187499999 0.9994520250000001 0.509583796875 0.9882096296875 0.5212191468749999 0.99037484375 0.5340347281250001 1 0.538796475 1 0.5096724187499999
0 0.9011595281249999 0.5893062796875 0.9060712750000001 0.5913167703125 0.9211228 0.5886964062500001 0.9282910296875 0.5830149125 0.9323651937499999 0.5770610578125 0.9321914296875 0.57152233125 0.9276472234375 0.567177009375 0.9204277421875 0.5665414984374999 0.9092566078125 0.571081565625 0.9013533031249998 0.581432721875 0.9011595281249999 0.5893062796875
0 0.825764284375 0.7759895343750001 0.8268669015625001 0.7689850390624999 0.8233540484375 0.7647305046875 0.818687328125 0.7611634609375 0.8051572078125 0.760761503125 0.8013793203125001 0.771475809375 0.804524634375 0.7780651749999999 0.8133167718750001 0.78199536875 0.823875340625 0.7813466859375 0.825764284375 0.7759895343750001
0 0.7537969515625 0.8611855937499999 0.756543484375 0.8503805015625 0.7578911265625 0.8418194531250001 0.7536632046875 0.8288222953125001 0.73266858125 0.8293413828125 0.7336286718749999 0.83652745 0.7324035453125 0.8443102218749999 0.7332411249999999 0.8522745671875 0.7393579890625 0.859914571875 0.7537969515625 0.8611855937499999
0 0.7051895515625001 0.8245552953124999 0.7101213078124999 0.8131535015625001 0.7154718546875 0.805733878125 0.7109476562499999 0.7879762718750001 0.7029418484375001 0.7856934203125 0.693588396875 0.791971615625 0.69229200625 0.80684966875 0.7043319625000001 0.8300032359374999 0.7051895515625001 0.8245552953124999
0 0.6827735703125001 0.7610352765624999 0.6828760734375 0.7736692859375001 0.6999903062499999 0.7712304953125 0.7121927953125 0.766781215625 0.7134179234375 0.75899844375 0.7132441593750001 0.7534597171875 0.698631434375 0.74664996875 0.6841212109375 0.7524742296875 0.6827735703125001 0.7610352765624999
0 0.4296875 0.6764920218749999 0.43048808125000004 0.6764914281250001 0.435471090625 0.6714066375 0.4376763203125 0.6573976500000001 0.43082437812499996 0.6544273078125 0.4296875 0.6542008296875 0.4296875 0.6764920218749999
0 0.4296875 0.654051603125 0.43288708593749997 0.6546088828125 0.4450895765625 0.6501596015625 0.4433431546875 0.6413261921875 0.4328558453125 0.63487959375 0.4296875 0.6344260671875 0.4296875 0.654051603125
1 1 0.3296875 0.4296875 0.3296875 0.4296875 0.6269553203125 0.4534829328125 0.6366953375 0.45925226874999997 0.6332578890624999 0.471434746875 0.64222089375 0.4819220546875 0.6486674921875 0.4611011921875 0.6547253062499999 0.4550155703125 0.666814590625 0.4585796734375 0.6773861296874999 0.48279087499999995 0.676361128125 0.49626974375 0.6704460796875 0.5136290046875 0.6664507359374999 0.5300081609375 0.668681609375 0.5323871546875 0.6602113484375 0.5313758109375 0.6467082749999999 0.533090990625 0.635812396875 0.54242443125 0.6429464859375 0.53789145625 0.6717427390624999 0.571578621875 0.6636612625 0.5728750109374999 0.6487832109375 0.59531978125 0.6523370843749999 0.5922057078125 0.6654770078125 0.6181633296875 0.673285415625 0.6260153859375001 0.6566172546875 0.6428845937500001 0.6557350203125 0.6548220453125 0.6662545796874999 0.6615514765625 0.6700031984375 0.6791357515625001 0.6778635859375 0.705235896875 0.6714814312499999 0.7220738625 0.6508699046875 0.7201536781250001 0.63649776875 0.726903115625 0.626834103125 0.750746778125 0.62814393125 0.7519719078125 0.6203611609374999 0.7710775890624999 0.6251992265625 0.7931748296875 0.6176756453125 0.824012959375 0.6077652546875 0.8405858890625 0.6021225687499999 0.8435774484374999 0.5897609218750001 0.8485092062499999 0.578359128125 0.8692075531250001 0.573079590625 0.8940825703125 0.5744802078125 0.9139945890625001 0.5675533296874999 0.9231742765625001 0.55573640625 0.968522625 0.5400017546875 0.969451478125 0.527458534375 0.9874233015625 0.5195718046875 0.9896285328125 0.5055628171875 1 0.5010114171875 1 0.3296875