0 0.2835775671875 0.48895497499999996 0.27373690625 0.483096546875 0.2668535484375 0.48843487343750003 0.2642361765625 0.49945825624999995 0.268160459375 0.5115617765625 0.2797642296875 0.522442965625 0.2843437421875 0.517471340625 0.285652428125 0.5119596453125 0.2865348703125 0.500151728125 0.2835775671875 0.48895497499999996
0 0.44455790000000006 0.5354581453125 0.46606046250000005 0.5320356187499999 0.47160695625000004 0.527970759375 0.47018554999999995 0.516529540625 0.461311871875 0.511577878125 0.44635096250000006 0.5160805359375 0.4433637078125 0.5292841515625 0.44455790000000006 0.5354581453125
0 0.5602381249999999 0.445980078125 0.5548906640625 0.4510739375 0.5570800171875 0.4623929234375 0.5632799671875001 0.469891515625 0.5709876328125 0.4729074125 0.577131221875 0.4719295484375 0.57903700625 0.46950485156250005 0.5766768 0.461395096875 0.572979728125 0.454558803125 0.5602381249999999 0.445980078125
0 0.2586140109375 0.347615446875 0.2615431328125 0.3545739734375 0.2684828515625 0.357712103125 0.2774710234375 0.3509780796875 0.2787233484375 0.3369899328125 0.2736894125 0.33142710468750003 0.2629381296875 0.3331383671875 0.25878486093749997 0.34440621875 0.2586140109375 0.347615446875
0 0.5546459109375 0.26973689843750004 0.5520866734375 0.26059814375 0.5397713140625 0.25831564375 0.5343956734375 0.25917127500000003 0.5315510906250001 0.264927434375 0.5318346625 0.278671115625 0.53536088125 0.2887166375 0.5415044703125 0.2877387734375 0.5438083171875 0.2873720734375 0.550122759375 0.28318498124999997 0.5541333546875 0.27936458750000004 0.5546459109375 0.26973689843750004
0 0.4375478265625 0.2904965515625 0.44389044687499996 0.2905476859375 0.4506029546875 0.28841859062499997 0.4503757421875 0.28315136406249997 0.4493524015625 0.2737681421875 0.4439204015625 0.2661473171875 0.43848839999999994 0.2585264921875 0.43163322343750005 0.2681030453125 0.4312633390625 0.2702832765625 0.43149055000000003 0.27555050312499996 0.43328183750000004 0.284811490625 0.4375478265625 0.2904965515625
0 0.37687987968750003 0.3001529625 0.37104981718749996 0.290474140625 0.36544696249999997 0.28606254375 0.3543539765625 0.294192265625 0.354438515625 0.3069069484375 0.3600977296875 0.3197950015625 0.3710480421875 0.3191127375 0.3809468359375 0.304809025 0.37687987968750003 0.3001529625
0 0.380437825 0.25715951718749996 0.3715077859375 0.24373139843749997 0.368122465625 0.2548770171875 0.3654769171875 0.261662175 0.365617815625 0.28285331406249997 0.37432064375 0.29101420624999996 0.38293893125 0.2864604125 0.38581169375 0.284942484375 0.3895950765625 0.2758548609375 0.38567079375 0.2637513421875 0.380437825 0.25715951718749996
0 0.066475490625 0.0663583671875 0.06809592812500001 0.078828584375 0.0744667296875 0.083117946875 0.0819753640625 0.0851048453125 0.0863276640625 0.07486599375 0.0879780546875 0.06293584062499999 0.0867838609375 0.0567618484375 0.077341265625 0.05296141875 0.0719938046875 0.058055278125 0.066475490625 0.0663583671875
0 0.03774431875 0.1388148703125 0.0448548890625 0.138743771875 0.04946258125 0.1380103734375 0.054241125 0.134067746875 0.055151746875 0.12649805625 0.051056610937500004 0.117603765625 0.0459944953125 0.1078027109375 0.037746092187500004 0.1101762734375 0.0345034453125 0.113874434375 0.032824874999999996 0.121566359375 0.03347833125 0.13312980937500002 0.03774431875 0.1388148703125
0 0.0023389828125000003 0 0.0005499421875 0.007907529687500001 0.005811090624999999 0.01873758125 0.014314885937499999 0.025869474999999996 0.025265199999999998 0.0251872109375 0.0302427765625 0.0222735828125 0.032347590625 0.020877884375 0.0338553078125 0.016395190625 0.033031 0.008040967187500001 0.029328753125000002 0 0.0023389828125000003 0
0 0.66875 0.177699415625 0.6654348734375 0.167248546875 0.6604572953125001 0.170162175 0.6522088921875 0.1725357390625 0.6437896375000001 0.1781185296875 0.6523779734375 0.1979651078125 0.6609099484375001 0.209335228125 0.66875 0.21249067031250002 0.66875 0.177699415625
1 0.66875 0 0.12338630937499999 0 0.130785921875 0.026423195312499998 0.156980715625 0.03498195625 0.177998903125 0.0454253453125 0.189773525 0.0530973046875 0.1959717 0.0892344953125 0.21969179687499998 0.1013691828125 0.2386897078125 0.12592295625 0.2533353203125 0.16071558125000002 0.2446307203125 0.1811932859375 0.25509665625 0.194376940625 0.26931779843750003 0.1942347421875 0.270371090625 0.1792175953125 0.27745348124999997 0.17490826875 0.3046416640625 0.21725062031250003 0.3110124640625 0.22153998125 0.314311471875 0.22631827656249998 0.3092475828125 0.24515581874999998 0.3239513265625 0.2597863046875 0.33623850625 0.257830575 0.34170045937500004 0.2410510296875 0.3393402546875 0.232941271875 0.3541866703125 0.2401242984375 0.356605009375 0.228071915625 0.366616521875 0.2307211140625 0.37165045937499996 0.23628394218749998 0.3862696625 0.238199740625 0.3986413828125 0.24895869531249998 0.41610516875 0.24511833906249997 0.427907971875 0.257028525 0.4378349453125 0.2469630390625 0.45871223125 0.236215290625 0.476346871875 0.2291657015625 0.4895147171875 0.2440406515625 0.499242659375 0.2329461671875 0.5122977875 0.23086820624999999 0.5046728875000001 0.269205590625 0.5110718671875001 0.27773318125 0.5175289828125 0.26609863125 0.5316937625 0.2574799765625 0.5362450953125 0.2482701234375 0.548988471875 0.2282102484375 0.55851738125 0.21608676718750003 0.5709190515625 0.20244535312499998 0.58258095625 0.19316439999999999 0.5909156703125 0.174866925 0.60254939375 0.16134774375 0.62288594375 0.1559894546875 0.6456408328125 0.13857878125 0.6656938109375 0.1194768078125 0.66875 0.1118458578125 0.66875 0
0 0.2218476515625 0.1943657328125 0.2278767484375 0.2050735546875 0.23174467187499997 0.20870061718750002 0.23950869843749997 0.22019297031249999 0.247728921875 0.21358118125 0.2484405109375 0.2049824921875 0.245455028125 0.1895475109375 0.24062012500000002 0.18501368125 0.23026690625000001 0.18878294375 0.2218476515625 0.1943657328125
0 0.9273512640625 0.3655354546875 0.921463065625 0.3760187734375 0.9230553234375 0.3842507640625 0.923851453125 0.388366759375 0.9317581515625001 0.3924116546875 0.94211136875 0.3886423953125 0.9459229328125 0.3837930015625 0.9431364828125 0.36938701875 0.9417714374999999 0.3664222578125 0.9319589562499999 0.36480205625 0.9273512640625 0.3655354546875
0 0.8345086937499999 0.478956128125 0.8423872140625001 0.47876279843749997 0.8442084546874999 0.46362341718750005 0.8331736031249999 0.4515909984375 0.8251524109374999 0.4592317859375 0.8154244703125 0.47032627031249996 0.8031654703125 0.4765202265625 0.78817638125 0.4767846578125 0.7974481250000001 0.4837943171875 0.7896541453125 0.49670233281250004 0.8028801250000001 0.491415140625 0.8214535671875 0.481034090625 0.8345086937499999 0.478956128125
0 1 0.34926674375 0.995813190625 0.34297102968750004 0.989840453125 0.3407396640625 0.98201829375 0.34940945156250003 0.9780358765624999 0.357468075 0.9778932062500001 0.36491553125 0.97968449375 0.3741765203125 0.9908620203125 0.378761484375 1 0.37730700625 1 0.34926674375
0 0.039273906250000004 0.9054078562499999 0.0412924078125 0.9199360734375001 0.054745600000000005 0.919916109375 0.0571639390625 0.907863725 0.05537265 0.8986027343749999 0.0486319640625 0.8964936046875 0.044024271875 0.8972270015625 0.039273906250000004 0.9054078562499999
0 0.0800069140625 0.8458905390625 0.082964215625 0.8570872921875001 0.08606419062500001 0.8608365890625 0.09624655625 0.86027655625 0.10230560468750001 0.846584009375 0.096248328125 0.831637959375 0.09064547656250001 0.8272263625 0.0845300671875 0.8324424578125 0.0799505546875 0.837414084375 0.0800069140625 0.8458905390625
0 0.00719800625 0.7927780265625 0.0138242 0.8065728437499999 0.02480269375 0.8101288078125 0.0378860015625 0.8122890734375 0.043177103125 0.798718759375 0.039622703125 0.7844350078125 0.030151928124999998 0.77639635 0.022472440625 0.7776186812500001 0.009616346874999999 0.7807256421875 0.00719800625 0.7927780265625
1 0.66875 0.5390625 0.0524450296875 0.5390625 0.05169685625 0.548103275 0.05806765781249999 0.5523926359375 0.0665996328125 0.5637627562499999 0.057838671875000004 0.5757640078125 0.0642940125 0.592768053125 0.07623948750000001 0.5972307828125001 0.0823830765625 0.5962529187500001 0.08875387812499999 0.60054228125 0.091085903125 0.6044138109375 0.0782579890625 0.6117589999999999 0.07450278593750001 0.62508485 0.0769193515625 0.6416710609375 0.0779145109375 0.6468160562499999 0.0907987875 0.6479473234375 0.09557733125 0.6440046953125 0.09836378125 0.658410678125 0.095376525 0.6716142953124999 0.0772592828125 0.6638911999999999 0.07034774375 0.6649912984374999 0.06716145625 0.6771659156250001 0.0754662203125 0.6832688078125 0.08911844375 0.6842778421875 0.10163283593750001 0.6875893421875 0.1060115421875 0.7102273140625 0.10862713906250002 0.727842525 0.09855749375 0.74535546875 0.1062933390625 0.75260959375 0.10637787968750001 0.765324278125 0.119517546875 0.775961 0.1311213171875 0.7868421890625 0.1331116375 0.7971321765624999 0.138515459375 0.8005147734375001 0.14377660781249998 0.8113448281250001 0.1570589453125 0.8145340921875001 0.1682082921875 0.8148808265625 0.17597231875 0.8263731812499999 0.1819168765625 0.8243663171875 0.1911886203125 0.8313759765625001 0.1957381796875 0.8508047203124999 0.197159584375 0.8622459390625 0.21203418125 0.8736671953125 0.2211350734375 0.883886084375 0.23151647031249997 0.8843550515625 0.24218143906249998 0.8985677015625001 0.24906302343750003 0.9218679734374999 0.26186098750000003 0.9389231546874999 0.2544650703125 0.9538891671874999 0.25031180468750003 0.9651570203125001 0.2634514703125 0.9757937421874999 0.2773027265625 0.9778317765625001 0.27892493749999997 0.9616633968750001 0.284813134375 0.9511800781249999 0.293031584375 0.9732068828125 0.30409461875 0.98947753125 0.31311423125000004 1 0.557683934375 1 0.568948828125 0.9918696421875 0.5771972328125 0.9894960796875001 0.5799854546875001 0.9752634656249999 0.5913056531249999 0.9724009734374999 0.5948054640625 0.9495696671874999 0.6074343484375 0.94119548125 0.6218545203125 0.9420822828125001 0.640996878125 0.93055 0.6505257875 0.9184265171874999 0.6614197421875 0.9092677968749999 0.66875 0.9018352593750001 0.66875 0.5390625
0 0.85992595625 1 0.8617364578125001 0.9935751921874999 0.8478288421875 0.983060703125 0.8398640109375 0.999177946875 0.840651503125 1 0.85992595625 1
0 0.66875 0.7291638671875 0.6712465562500001 0.72902655625 0.6773056046875 0.715334009375 0.671248328125 0.700387959375 0.66875 0.698420815625 0.66875 0.7291638671875
0 0.9314384203125 1 0.9453865046875001 0.9717753359374999 0.9577881765624999 0.9581339203125001 0.9557978546874999 0.9478439328124999 0.9641607515625001 0.9337846859375001 0.967887775 0.9162206078124999 0.96242759375 0.9043615546874999 0.957194625 0.8977697296875 0.9554596953125 0.8969851984374999 0.9516199531249999 0.8975963625000001 0.9528423265624999 0.9080085812500001 0.944622103125 0.9146203734375 0.9410095703125 0.9204987656250001 0.9447630015625 0.9358115124999999 0.9463552578125001 0.9440435015624999 0.9342952921875 0.951266459375 0.9351195999999999 0.95962068125 0.931022690625 0.9793649890625 0.9253898859374999 0.9993537640625 0.9253081296874999 1 0.9314384203125 1
1 1 0.5390625 0.6706710499999999 0.5390625 0.670376525 0.5403642953125 0.66875 0.5396709328125 0.66875 0.5542534234375001 0.6766328359375 0.5563393421875 0.6810115421875 0.5789773140625 0.6836271390624999 0.5965925249999999 0.67355749375 0.61410546875 0.6812933390625 0.62135959375 0.6813778796875 0.6340742781250001 0.694517546875 0.644711 0.7061213171875 0.6555921890625 0.7081116375 0.6658821765624999 0.713515459375 0.6692647734375 0.7187766078125 0.680094828125 0.7320589453124999 0.6832840921875001 0.7432082921875 0.6836308265625 0.7509723187499999 0.6951231812499999 0.7569168765625001 0.6931163171875 0.7661886203125 0.7001259765625 0.7707381796874999 0.7195547203125 0.772159584375 0.7309959390625 0.7870341812499999 0.7424171953125001 0.7961350734375 0.752636084375 0.8065164703125 0.7531050515625 0.8171814390625001 0.7673177015625 0.8240630234375 0.7906179734375 0.8368609875 0.8076731546874999 0.8294650703125 0.8226391671875 0.8253118046875001 0.8339070203125001 0.8384514703124999 0.8445437421875 0.8523027265625001 0.8465817765625001 0.8539249375000001 0.8304133968749999 0.859813134375 0.8199300781249999 0.8680315843749999 0.8419568828124999 0.87909461875 0.8582275312500001 0.8974954328125 0.8796943078125 0.8883645890625 0.8938757890625 0.9017314687500001 0.9097797374999999 0.9172894750000001 0.9083640765624998 0.9210446781249999 0.8950382265625001 0.9244581765625 0.8881308359375 0.9327347609375 0.8899955015625001 0.9388501703125 0.884779409375 0.9513645625 0.8880909078125001 0.9635090671875 0.893582634375 0.9864330359375 0.9016013296875001 1 0.8965174390625 1 0.5390625