1 0.5390625 0 0.040111428125 0 0 0.12587058125 0 0.26053117187499997 0.0015394890625 0.2626109171875 0.0018703906249999999 0.28489542343749996 0.022217671875 0.26485459375 0.039744746875 0.2962398375 0.05549295625 0.309807259375 0.07996339531249999 0.31588945625 0.10534392343750001 0.3424694890625 0.1362404984375 0.3598020796875 0.159849040625 0.3724272609375 0.1959583 0.37367979687499997 0.2052597171875 0.3644079046875 0.24547148124999998 0.3801945484375 0.25711718437500003 0.379227859375 0.271989728125 0.39161231406249997 0.27202415 0.41092718437500003 0.299976596875 0.4101523203125 0.30520305 0.40179821406249994 0.331404165625 0.398657421875 0.3380648171875 0.37811068593749997 0.359377265625 0.40947147968750003 0.39005309375 0.46632714374999995 0.374187846875 0.3870891703125 0.3744567859375 0.3746069125 0.3980515609375 0.379506146875 0.43269908125 0.37749941875 0.447550971875 0.3782949515625 0.47173870000000007 0.389133459375 0.4836464625 0.371821540625 0.4722765796875 0.3641689453125 0.49988435625000005 0.333383628125 0.5147637828125 0.34963105625 0.5298914953125 0.34180730625 0.5289951765625001 0.32903541875000003 0.5389033203125 0.3334287484375 0.5390625 0.33353004531249997 0.5390625 0
0 0.030236351562500003 0.352760753125 0.038124225 0.36727040781250003 0.05531351875 0.372508175 0.064601165625 0.3555103328125 0.0607951421875 0.3439458625 0.0546585984375 0.331802134375 0.0319601453125 0.3396747890625 0.030236351562500003 0.352760753125
0 0.30298957187500003 0.4668895109375 0.3082297953125 0.466261353125 0.3163728375 0.4605628046875 0.3186895875 0.45341611249999997 0.3160419390625 0.4382782984375 0.30002478906249996 0.4371931375 0.296535896875 0.44018722343750005 0.2971426234375 0.45385244687500004 0.2968668 0.46247173124999996 0.30298957187500003 0.4668895109375
0 0.6347473921875 0.46004478281249994 0.6523179953125 0.45866837968749996 0.65254659375 0.448058459375 0.6483268546875001 0.441266003125 0.635210440625 0.442108471875 0.632502740625 0.45046116718749996 0.6347473921875 0.46004478281249994
0 0.6469673390625 0.3728250734375 0.640801771875 0.3852414140625 0.6442830468749999 0.3943118796875 0.66484846875 0.4068081390625 0.6712718953125 0.4001995171875 0.6764469906249999 0.3875369921875 0.6719810984375 0.3815038703125 0.660581915625 0.3737474609375 0.6469673390625 0.3728250734375
0 0.7576948031249999 0.4241417375 0.7497768953125 0.42545579218749996 0.7312333750000001 0.43643659375 0.7369358953124999 0.4419565625 0.75031601875 0.45020534218749997 0.7609533328125 0.44710564843749995 0.7648918046875 0.43495627499999995 0.7576948031249999 0.4241417375
0 0.5654441140625 0.320562025 0.565701971875 0.32636974375 0.56942355 0.3313973453125 0.5827978234375 0.3363625953125 0.5877326171874999 0.327742934375 0.588465228125 0.32218139843750004 0.5812740796875 0.3146503890625 0.5681576640625 0.31549285781249997 0.5654441140625 0.320562025
1 1 0 0.5390625 0 0.5390625 0.2961605859375 0.54312635 0.2969634765625 0.553775365625 0.3004308390625 0.5604508 0.296346409375 0.5819774296875 0.292671215625 0.6101970515625 0.2947621734375 0.6139069265625 0.2932227203125 0.6475829125 0.301592984375 0.6735754375 0.3039509109375 0.676329953125 0.3218664375 0.6921716234375 0.3225218578125 0.7164176609374999 0.317061025 0.7260527984375 0.30714809375 0.7342051578125 0.2985076484375 0.7539853015625 0.28701369374999997 0.773273134375 0.2770384125 0.8022195156249999 0.2702843078125 0.816068540625 0.2638803046875 0.8331409843750001 0.2607390453125 0.8549254765625001 0.262871571875 0.883877709375 0.2594009953125 0.8987523171875 0.272944340625 0.9175829546875001 0.28418889687500004 0.9344033906250001 0.278523446875 0.9262042140625001 0.2608956703125 0.91233178125 0.2541655640625 0.9152856343749999 0.2450535328125 0.9311273046874999 0.245708953125 0.9496825281250001 0.24129520625 0.9712208640625001 0.2441870671875 0.9964690749999999 0.2455394734375 1 0.2392569984375 1 0.2129919921875 0.98279598125 0.211781809375 1 0.20829857812500002 1 0
0 0.9183799359375 0.3147461671875 0.9260692484374999 0.3240420328125 0.9485980546875 0.327180078125 0.95154605625 0.31478452031250004 0.9507900375 0.3072119453125 0.9384003828124999 0.29920935000000004 0.9238011890625 0.30132430625 0.9183799359375 0.3147461671875
0 0.49084191875 0.8473656328124999 0.493543765625 0.835729409375 0.48338705937500004 0.830743375 0.47001863750000006 0.8290616515625 0.4735116171875 0.8446991718750001 0.49084191875 0.8473656328124999
0 0.39425645 0.8151538500000001 0.4185200421875 0.8195435984374999 0.427668725 0.8144328671875 0.42170834687500003 0.8031051781249999 0.4056146703125 0.799925565625 0.393494578125 0.8042977453125 0.39425645 0.8151538500000001
0 0.3201997875 0.7860801109375 0.3110276984375 0.778056734375 0.293949403125 0.7779144656250001 0.2989251609375 0.7922794984375 0.306854775 0.7975324984375 0.3122935828125 0.793961221875 0.3201997875 0.7860801109375
0 0.2307118375 0.7088628953125 0.23295063593749998 0.7151629828124999 0.2433534984375 0.7193896828125 0.25621790624999996 0.716023021875 0.25942376875 0.709435184375 0.25297108125 0.699626165625 0.238612190625 0.6976982578125 0.23564663281249998 0.7002432328125 0.2307118375 0.7088628953125
0 0.3302632375 0.5998622046875 0.354515125 0.5976848984375 0.35226462187499996 0.5848177546875 0.3433386875 0.5760350421875 0.326758553125 0.5776576296875 0.3238047 0.586769659375 0.3302632375 0.5998622046875
0 0.144165665625 0.7546340921875 0.1468733640625 0.7462813984375 0.1332412328125 0.7355084265625 0.1188940453125 0.740147575 0.11397095625 0.7553342921875 0.121156253125 0.7595817734375 0.1372499296875 0.7627613859375 0.144165665625 0.7546340921875
1 0 0.4796875 0 0.768863578125 0.0335435359375 0.7624209265624999 0.0595243578125 0.758211796875 0.0766085046875 0.7616375921875 0.057092071875 0.78222279375 0.0679930953125 0.7882143484374999 0.07664946875 0.7846222875000001 0.1004441609375 0.8036648203125001 0.10793998281249999 0.8432717703125 0.11455104375 0.8030685343750001 0.116995034375 0.78562459375 0.1050976875 0.776103328125 0.10977462499999999 0.7616759453124999 0.10156374531250001 0.7374811140624999 0.11934539375 0.715644209375 0.13862152187500001 0.6991018718750001 0.15345516718750002 0.6896605250000001 0.16214665 0.705769628125 0.170328271875 0.713546821875 0.19285122500000001 0.713401340625 0.2074270109375 0.698152275 0.20072817187499997 0.6891025921875 0.20615527500000003 0.678964259375 0.21530980781250003 0.6771370546875 0.214536234375 0.6597138953125 0.2331148625 0.668434259375 0.2293757296875 0.6535560765625 0.24671188437499997 0.659506065625 0.2754530734375 0.6764959890625 0.253879625 0.6539029624999999 0.25633531718749997 0.6430260765625 0.2657008953125 0.62073836875 0.27656095468749997 0.6037452296875 0.29063272812499996 0.5834477781249999 0.2999866 0.5545930171875 0.309844484375 0.5307866359375 0.3174752765625 0.507247225 0.3281067359375 0.5008640046874999 0.35061798906249997 0.49415146718749997 0.3377243203125 0.4811004890625 0.338067409375 0.4796875 0 0.4796875
0 0.7758575578125 0.9455177515625 0.785762259375 0.9479795937500001 0.7963878671875 0.93831284375 0.7933989015625 0.9277237093749999 0.778301546875 0.928073809375 0.76370820625 0.9334722921874998 0.768420253125 0.9387460781249999 0.7758575578125 0.9455177515625
0 0.75759530625 0.9754403828125 0.7610824328125 0.987794375 0.7741695875 0.9705342671875 0.7764083859375 0.97683435625 0.77910438125 0.96191460625 0.77784435 0.949293646875 0.765208540625 0.9420503890624999 0.755561696875 0.9453962656249999 0.753610015625 0.9613215359375001 0.75759530625 0.9754403828125
1 1 0.4796875 0.5390625 0.4796875 0.5390625 0.777614203125 0.5538049828125 0.7852995937499999 0.5760934875 0.7924805046875 0.615003090625 0.82102351875 0.6352989484375 0.8211450046875001 0.6598204 0.8313424749999999 0.6694555390625 0.8214295421875001 0.6672108875 0.8118459265624999 0.6790965296875 0.8148001375 0.690993875 0.824321403125 0.7061087859375 0.8338218874999999 0.71723255625 0.82591999375 0.7256661828125 0.8362213796875 0.7214757031250001 0.8458465609375001 0.7430140390625001 0.848738421875 0.7383371046875 0.8631658046874999 0.755931115625 0.8749235109375 0.770008740625 0.8579095890625 0.7853581015625 0.8600836828125 0.7944833765625 0.8418388374999999 0.7880248375 0.8287462937499999 0.7961830484375 0.8233893765625 0.8075705296875 0.8245787296875001 0.8021726859375 0.8511347015625 0.8111103249999999 0.866484471875 0.8269461437500001 0.8638563640625 0.84206690625 0.876640375 0.8535304609375001 0.9205155890625001 0.8461871609375 0.8276128609375 0.8808360593749999 0.8263787265625 0.899162684375 0.832574896875 0.9296093984375 0.8343988906250001 0.9350306515625 0.820977028125 0.9278395015625 0.8134460203125 0.9374687890625001 0.8002495578125 0.9535449093749999 0.7935785875000001 0.9619375734375 0.7808952796874999 0.9668899218749999 0.7821262015625 0.9733543125 0.7985022734375 0.9924076953124998 0.7958533828125001 0.9889264203125 0.78678291875 0.9911418125000001 0.7799488968749999 1 0.7854099234375 1 0.4796875