0 0.0156287703125 0.11790628750000001 0.0121046296875 0.12728018125 0.014275146875 0.1346287203125 0.01580323125 0.1409235640625 0.0186391015625 0.143049190625 0.0294961390625 0.1431768171875 0.034172075 0.136954903125 0.0388709296875 0.12445638125 0.0391599890625 0.1160906078125 0.031671103125 0.1139102828125 0.022365071875 0.11380088906250001 0.0156287703125 0.11790628750000001
0 0.022598715624999998 0.014419715625000001 0.0173905 0.024819957812499998 0.0179870921875 0.038426878125 0.022240896875 0.041615320312499995 0.02906443125 0.04901855625 0.0382603125 0.0438959234375 0.045019534374999996 0.0335139125 0.047391881250000004 0.0209880421875 0.0435372875 0.014665851562500002 0.0316615265625 0.010341665625 0.022598715624999998 0.014419715625000001
1 0.409375 0.3390625 0.409375 0 0.10387826874999999 0 0.10356297031249999 0.0007254078125 0.08752063593750001 0.004721415625 0.092481184375 0.0267488046875 0.0912835515625 0.03615004375 0.09238950625 0.05185524375 0.081775690625 0.0559150625 0.0725339703125 0.073590915625 0.079224434375 0.082038734375 0.07530108125 0.0945463734375 0.0603003890625 0.09646233125 0.056886400000000004 0.1110682515625 0.0636870140625 0.12474809687499999 0.0487964734375 0.1318960828125 0.042656764062500005 0.1496084 0.041812503125 0.16842911249999998 0.037889149999999996 0.1809367515625 0.0434278203125 0.18623259375 0.0546840671875 0.18322647187500002 0.053729654687499996 0.19681515624999998 0.0426707890625 0.21656194218749997 0.0418494453125 0.229106046875 0.03362645 0.250978459375 0.0273536703125 0.269735359375 0.0208605890625 0.2780282046875 0.0126375921875 0.2999006203125 0.018396562499999998 0.31566051562499997 0.023159728125 0.3209472390625 0.0292536 0.315788140625 0.032667590625 0.301182221875 0.042882195312499996 0.30025614843750004 0.0477555125 0.3107749 0.0486182453125 0.32229265156250003 0.05282621093749999 0.33803431562499997 0.052999954687499996 0.3390625 0.409375 0.3390625
0 0.409375 0.2919000703125 0.41364797812500004 0.29239963125 0.42696459375 0.2915100234375 0.43387980625000006 0.27380682031250003 0.42510605625000003 0.2695191 0.41553388281250003 0.2714988703125 0.409375 0.2708256578125 0.409375 0.2919000703125
0 0.48474587031249994 0.148867175 0.45859908281250006 0.1590212828125 0.4614120328125 0.16742352031250002 0.4993015109375 0.1626381828125 0.50645994375 0.14912242656250002 0.5009441953125 0.1375499765625 0.48474587031249994 0.148867175
0 0.5105119203124999 0.17218528125000002 0.5198179515625 0.172294675 0.5205062234375 0.1607951546875 0.5095619546875 0.149158890625 0.498126796875 0.16576281406249999 0.5105119203124999 0.17218528125000002
0 0.5405820593749999 0.1495235359375 0.548626146875 0.1412489234375 0.5462124078125 0.1297129375 0.5286190671875 0.1336907109375 0.5298580937499999 0.1483513296875 0.5405820593749999 0.1495235359375
1 1 0.3390625 1 0 0.6090926765625 0 0.6043884484375 0.0205514203125 0.6223810000000001 0.013439896875 0.6164845109374999 0.035339659375 0.6078852218749999 0.0540692125 0.61481890625 0.0667044765625 0.6009241703125 0.0843256328125 0.5816009156249999 0.1018829765625 0.5824407296875 0.11967734062499999 0.59520214375 0.1292426703125 0.596684390625 0.14809072968749998 0.6098679359375 0.1482457046875 0.611506171875 0.1597725734375 0.571464646875 0.18754783749999998 0.5798391875 0.19496930625 0.6015761796875 0.1889479484375 0.6190364484374999 0.18601475625 0.633963934375 0.239543703125 0.6383278890625 0.2479641734375 0.6279343734375 0.2624880484375 0.6396541453125 0.2741334265625 0.6479414531250001 0.27004625781249997 0.6604596468749999 0.27542414375 0.6687011140625 0.28389019531250004 0.6855832625 0.29768855156249996 0.6682102249999999 0.31213038125 0.6759194109375001 0.3247747609375 0.6913422328125 0.313448446875 0.6886808249999999 0.3343400921875 0.6865283546875001 0.3390625 0.7181560499999999 0.3390625 0.7235784437499999 0.334750315625 0.7279497015625 0.3390625 1 0.3390625
0 0.22676442031250002 1 0.2274411 0.9989775234374999 0.232516246875 0.9896218640625001 0.2343792328125 0.9749977125000001 0.22988220625000003 0.9676218234375 0.221351678125 0.9675215453125 0.214881515625 0.96953778125 0.21120138437499997 0.986232865625 0.2148417578125 1 0.22676442031250002 1
0 0.16302341250000002 0.8705904140625 0.1701130875 0.8759044843750001 0.1798183296875 0.87288013125 0.1867335421875 0.8551769296875001 0.18520545625 0.8488820890625 0.1773402796875 0.8435588984375 0.172820334375 0.8424596203124999 0.1661941828125 0.8517970484374999 0.16302341250000002 0.8705904140625
0 0.27246096406250003 0.8467693468749999 0.263930434375 0.84666906875 0.25446841249999996 0.8538808671875 0.252605428125 0.8685050203125 0.257079534375 0.8821575156249999 0.26587620312500004 0.8801686296875001 0.2698867875 0.8791696281250001 0.275338225 0.8729568296875 0.278752215625 0.8583509109375 0.27246096406250003 0.8467693468749999
1 0.409375 0.3390625 0 0.3390625 0 0.6058558203125 0.0019059875 0.605067540625 0.0082659984375 0.597819278125 0.0238403625 0.6157868453124999 0.0194948796875 0.637704840625 0.030994349999999997 0.6388861640625001 0.030416228125 0.6556177140624999 0.0178292765625 0.6690696578124999 0.019820884375 0.690016 0.0349546453125 0.687055459375 0.042755510937500005 0.6745934 0.05915121718750001 0.680016865625 0.0510154515625 0.7133979171875 0.057439773437499994 0.7239349015625001 0.072215715625 0.7481699640625 0.0662963078125 0.7763463359375 0.074028415625 0.78271410625 0.09046996093750001 0.7755843546875 0.09889033750000001 0.7704526031250001 0.11881018593749999 0.766502178125 0.1280932984375 0.7728881796875 0.142185415625 0.7720076875 0.1568098140625 0.7669488671875 0.1653632640625 0.760772534375 0.184727909375 0.767277046875 0.1621466546875 0.79211911875 0.2026517015625 0.778995353125 0.23145544999999998 0.7845646765625001 0.248649578125 0.78372065 0.2736401234375 0.8070296390625 0.284166709375 0.7914611828125 0.29737317343749997 0.785339546875 0.3144571515625 0.7792634921875 0.333115053125 0.7669290578125 0.3472300921875 0.7597719578125 0.3631851953125 0.7442673140625 0.3842568359375 0.7434688656249999 0.40743468437499997 0.7322337125 0.409375 0.7309566890625 0.409375 0.3390625
1 1 0.3390625 0.5084379578125 0.3390625 0.501791909375 0.34821197187499997 0.507307659375 0.35978442187500004 0.5202250640624999 0.3620285609375 0.5276037984374999 0.3589768578125 0.5387040562500001 0.3632919296875 0.5412279468750001 0.380059940625 0.5433755437500001 0.39368509218750003 0.5513050328125 0.41679352812500003 0.544610121875 0.444960784375 0.553558334375 0.47226577968749994 0.5582527421875 0.4963823328125 0.569261321875 0.5258038421875 0.5754424234375 0.53215338125 0.539145340625 0.5610188078125 0.5094744125 0.58054680625 0.5545223234375001 0.5622457109375001 0.5805360421875 0.5531361859375 0.593320375 0.55642490625 0.6072106640625 0.5754188265625 0.6129925546875 0.5849021109375 0.627616953125 0.579843290625 0.640667428125 0.5810428468750001 0.6522770484375 0.5874561984375 0.6473120531250001 0.602043884375 0.6492164296875 0.611481590625 0.6606929781249999 0.618939525 0.6675165125 0.6263427593750001 0.6639694515625 0.6419932609375 0.6676909734375001 0.649360034375 0.6856606046875 0.6485251234375 0.6921307671875001 0.6465088875 0.708306171875 0.6414682984375 0.7106326796875 0.6414956468749999 0.7190072187500001 0.648917115625 0.715483078125 0.6582910078124999 0.7135099421875 0.66768313125 0.7208199171875 0.6834612578125 0.7399413421875 0.6857783265625 0.74488341875 0.6774672484375 0.756139665625 0.6744611265625 0.772425221875 0.674652565625 0.7874259125 0.6727366078125 0.7995678140625 0.674971628125 0.8181340375000001 0.6877436359375 0.842330609375 0.68070504375 0.8524350625 0.67454694375 0.85145773125 0.6944122375 0.8678534375 0.699835703125 0.8799953390624999 0.7020707265625 0.8861121296875 0.6906350171875 0.8882183359375 0.6801983109374999 0.9058345937500001 0.6699439265625 0.9163153390625001 0.6669286890625 0.9251578500000001 0.6523865828125001 0.9387635249999999 0.6431312015625 0.953387925 0.63807238125 0.9785803 0.641506959375 0.9907909593750001 0.6249121515625 1 0.6155003859375 1 0.3390625
0 0.417675359375 0.4110381109375 0.4201120171875 0.4162974859375 0.42811026406249997 0.42057609375 0.43393799375000003 0.4175061578125 0.44096335781249996 0.405034984375 0.44306956406250003 0.3945982765625 0.4379071875 0.3924453 0.43145994375 0.38818492656250003 0.42394813906250006 0.3922812109375 0.41461918593749997 0.398448428125 0.417675359375 0.4110381109375
0 0.409375 0.39614000781250003 0.415284540625 0.3932255171875 0.423571846875 0.3891383484375 0.434961165625 0.38508764375000004 0.4497186359375 0.378984240625 0.464609175 0.3718362546875 0.4593595671875 0.35817464062500004 0.457166128125 0.357102709375 0.45018660468749994 0.3570206640625 0.43932956875 0.3568930390625 0.4291149640625 0.3578191125 0.42235574062500003 0.3682011234375 0.41548636875 0.3733511046875 0.409375 0.378431353125 0.409375 0.39614000781250003
0 0.436475909375 0.5012277125 0.4344384609375 0.49283459062499996 0.42526549999999996 0.491680615625 0.41695527187500003 0.5020443921875 0.41006297968750005 0.5134709828125 0.41119185468749997 0.522899571875 0.41803830781249995 0.5240262 0.425816253125 0.5178407515625001 0.43244240625 0.5085033250000001 0.436475909375 0.5012277125
0 0.5548801421875 0.5350501078125001 0.560597721875 0.5267481484375 0.5580509124999999 0.51625674375 0.5494102328125 0.510924440625 0.54165520625 0.510833278125 0.5347858328124999 0.5159832609375 0.5361808484375 0.523322684375 0.539902371875 0.53068945625 0.546349615625 0.53494983125 0.5548801421875 0.5350501078125001
0 0.60308548125 0.6078008765625 0.607118984375 0.6005252656250001 0.6110423375 0.5880176265625 0.60873875 0.5817136671875 0.6004743625 0.5795242265625 0.58919519375 0.58880695625 0.587355128125 0.5971545 0.5910766515625 0.604521271875 0.593912521875 0.6066469 0.5990748984375001 0.6087998796875 0.60308548125 0.6078008765625
0 0.5515266984375 0.78085511875 0.559015584375 0.7830354453124999 0.564444103125 0.7830992578125 0.5704049015625 0.7789847390625 0.5735298328125 0.7727445953125 0.5742181046875 0.7612450749999999 0.5690557265625 0.7590920984375 0.5624754140625 0.75587630625 0.5578223984375 0.755821609375 0.5521048203125 0.7641235703125 0.5499986124999999 0.7745602765624999 0.5515266984375 0.78085511875
0 0.7081686546875 0.67912795625 0.7089899953125001 0.6665838546874999 0.7036945484375 0.6654754578125 0.6972243859375 0.66749169375 0.68762929375 0.675748075 0.687982665625 0.685167546875 0.6904193234375 0.6904269218750001 0.6976420703125 0.6946964125 0.70360286875 0.6905818968749999 0.7081686546875 0.67912795625
0 0.76936015625 0.7352930343749999 0.7683643515625 0.7248198625000001 0.7600999640625 0.7226304203125 0.75298736875 0.7235929578125 0.7463382968750001 0.7392069953125 0.7517209765625 0.7518240265625 0.7551992796875 0.7550033546875 0.7620457328125 0.75612998125 0.7642620890625 0.750925303125 0.76936015625 0.7352930343749999
0 0.741396221875 0.7475180734375 0.7327326218750001 0.7484623781249999 0.7257072593749999 0.760933553125 0.7307365671875 0.7641311125 0.7352565109375 0.765230390625 0.7409282515625 0.7694816484375 0.7487061984375 0.7632962 0.741396221875 0.7475180734375
0 0.5446210625 0.9021269375 0.5517107375 0.907441009375 0.557827528125 0.8960053015625 0.5622602421874999 0.8855959437500001 0.5683999515625 0.8678836249999999 0.565742990625 0.8521601953125 0.5577218234375 0.8541581984375 0.55470704375 0.8656303718749999 0.5488563953125001 0.874976915625 0.5428497562500001 0.8916446499999999 0.5446210625 0.9021269375
0 0.8554867875 0.7237517015625 0.8402428750000001 0.721480215625 0.8355440203125 0.7339787375 0.8349658999999999 0.7507102859375 0.8438498015625001 0.7602300359374999 0.8579419187500001 0.75934954375 0.8597590640625 0.7572786109375 0.8653664937500001 0.7437446249999999 0.862952753125 0.7322086375 0.8554867875 0.7237517015625
0 0.8416748343750001 0.789496571875 0.8344291703125 0.791503690625 0.830771959375 0.8019221640625 0.831611771875 0.8197165281250001 0.8346908640624999 0.8260296015625 0.8418263781250002 0.8187904546875 0.8478100968749999 0.8083993296875001 0.848764509375 0.79481064375 0.8416748343750001 0.789496571875