0 0.3746890796875 0.3637263421875 0.3756410359375 0.35840464375000003 0.3745363015625 0.3526024609375 0.363224490625 0.349959809375 0.3502043640625 0.3508781296875 0.3493884015625 0.3554395859375 0.352141846875 0.364002978125 0.364346009375 0.367646115625 0.3746890796875 0.3637263421875
0 0.265452634375 0.3796875 0.26581109999999997 0.3794750953125 0.2721767796875 0.3738341140625 0.25591883437499996 0.36290783125 0.239057309375 0.361344703125 0.23604866093750002 0.36618591875 0.24353585781249998 0.37823124531249996 0.24579020625 0.3796875 0.265452634375 0.3796875
0 0.246851784375 0.29980455781250004 0.23604112812500003 0.312327240625 0.242499978125 0.324132325 0.26217455312500004 0.3279366640625 0.2748463046875 0.3229768890625 0.279971253125 0.312293971875 0.2775661828125 0.307772034375 0.2676907 0.30308889375 0.25123715625 0.29924503593749996 0.246851784375 0.29980455781250004
0 0.15289031718749999 0.2501329109375 0.16365815 0.2558165359375 0.179763315625 0.25561893750000003 0.18201560781249998 0.24901699531250002 0.18337554843749998 0.2414145671875 0.16987105 0.23905167500000002 0.153221909375 0.2422902421875 0.15289031718749999 0.2501329109375
1 0.409375 0 0 0 0 0.20196767031250001 0.027007287499999998 0.21122009843749998 0.0442004046875 0.204940559375 0.04849260625 0.1869349734375 0.0563113953125 0.19113763125 0.07307049374999999 0.2172292515625 0.09767441875 0.2174330984375 0.093195871875 0.2005465546875 0.1023745984375 0.197146784375 0.11048216250000001 0.21171307968750003 0.13791592187499999 0.226042259375 0.150723665625 0.220322240625 0.154140296875 0.2132002953125 0.197798434375 0.2146875125 0.20319536875000002 0.202484109375 0.21869695312499998 0.21164966562499998 0.22913319687499997 0.22517595781250002 0.24894376718750003 0.228220053125 0.262737034375 0.240946584375 0.2844683046875 0.24523140468750002 0.29370663750000003 0.23550944999999998 0.30870706718749996 0.229509671875 0.3330054359375 0.20746575625000002 0.345405196875 0.2040264671875 0.3984376609375 0.1950314875 0.3973925296875 0.182907121875 0.409375 0.181165328125 0.409375 0
0 0.79867645 0.1307723015625 0.7807865796875 0.1289689296875 0.779562634375 0.13581111562499998 0.7803953828125 0.14313378125 0.7858258859375 0.154698625 0.793024309375 0.1563803140625 0.7969253140625 0.15253958125 0.8030786062499999 0.1420969046875 0.8038945703125 0.1375354484375 0.79867645 0.1307723015625
0 0.6113310578125001 0.052156287499999995 0.6016847421875 0.06415896875 0.6041662000000001 0.074242846875 0.6174750984375 0.0836881640625 0.63090320625 0.0804891171875 0.634532221875 0.07816886875 0.6389772 0.07128716406249999 0.6356033906249999 0.060202803125 0.6255919125 0.05627990625 0.6113310578125001 0.052156287499999995
0 0.5174535078125 0.0619052609375 0.53068601875 0.0657886390625 0.53561536875 0.062188146875 0.5393039875 0.053545715625000004 0.5384712406250001 0.04622305 0.5399671734375 0.037860378125 0.523029259375 0.0307353078125 0.510145128125 0.030893384375 0.5035670671875 0.031732665625 0.5011191765625 0.0454170375 0.5105270734375 0.058703087499999994 0.5174535078125 0.0619052609375
0 0.8679726671874999 0.282395515625 0.8614542125 0.2769126140625 0.8484936921875 0.2715087515625 0.8419920203124999 0.2779099734375 0.8374278328125001 0.29743604375 0.8392889265625 0.3049989515625 0.8497083828124999 0.3066411203125 0.8560740609374999 0.30100014218750004 0.8668251109374999 0.2947996421875 0.8679726671874999 0.282395515625
0 0.8211212578125 0.15502415625 0.8107017984375 0.1533819875 0.8077695359374999 0.16378514375 0.8189621375 0.17907216406249998 0.8223955546875 0.1838343421875 0.830273946875 0.1817148171875 0.83369058125 0.174592871875 0.83264545 0.16246850625 0.8211212578125 0.15502415625
0 0.9120069375 0.1620005234375 0.8984260515625 0.15407569062499998 0.8904116640625 0.156955459375 0.891244409375 0.16427812656250002 0.9011962828125 0.17452320625 0.9165022687499998 0.19077118906249999 0.942984071875 0.21042206874999997 0.9352248875000001 0.199897228125 0.9297179937500001 0.18277044375 0.921958809375 0.17224560312499998 0.9120069375 0.1620005234375
0 0.9495563203125 0.059890876562499994 0.94291865625 0.067052340625 0.9425870625 0.074895009375 0.9533549000000001 0.0805786328125 0.962610015625 0.082740803125 0.9724091093750001 0.0818620015625 0.9734970609375001 0.075780059375 0.9721203359375 0.0714983625 0.9695792718749999 0.06773666874999999 0.9598397859375 0.0622932875 0.9495563203125 0.059890876562499994
1 0 0.3796875 0 0.9174285609374999 0.01171306875 0.92736825 0.027546246875000003 0.9286911374999999 0.029722150000000003 0.916527253125 0.0448753578125 0.9216513562500002 0.043515420312500004 0.9292537843750001 0.060529721875 0.9419407937500001 0.0817002296875 0.9373824625000001 0.11247423281249999 0.9390277546875 0.119009471875 0.95639478125 0.132454365625 0.9650798578125 0.148134765625 0.9552788640625 0.1549084234375 0.94735715625 0.1669430234375 0.9279922875000001 0.16816696874999998 0.921150103125 0.1985329921875 0.925076125 0.2179355796875 0.9304009484375001 0.247332859375 0.9277645453125001 0.2721323828125 0.9208859656249999 0.2887815234375 0.9176473984375001 0.2903370609375 0.9029625453125 0.30498911562500003 0.8929213109374998 0.32856469375 0.8928849171875001 0.3323893078125 0.8834822421874999 0.350491559375 0.8900873125000001 0.35613444843750003 0.9064538531250002 0.3797100265625 0.906417459375 0.3883279953125 0.8941745359375 0.37337038749999996 0.8819680062499999 0.37698261718750004 0.8677636359375 0.40343085156249997 0.8636462671875 0.409375 0.866083084375 0.409375 0.40012299999999995 0.32190133125 0.3796875 0 0.3796875
0 0.73302110625 0.7985755515624999 0.7345934265625 0.7957748203125 0.737874065625 0.78941311875 0.7416390749999999 0.786332628125 0.7294945171875 0.7763673078125001 0.71626200625 0.77248393125 0.7093523546875 0.78116588125 0.7121058015624999 0.7897292734375 0.7167035578125001 0.7939714515625 0.73302110625 0.7985755515624999
0 0.7686584906249999 1 0.7697493625 0.9885270593750001 0.7632905109375001 0.9767219734375001 0.7578171874999999 0.9833634374999999 0.75102674375 0.9794010203125 0.753992571875 0.9927661125 0.75010733125 1 0.7686584906249999 1
0 0.9411156828125 0.671363371875 0.94391195 0.6617204578125 0.9427308265625001 0.6503563359375001 0.932370971875 0.6423919828125 0.9183225 0.6430700625 0.913545928125 0.657794434375 0.9191124265624999 0.6685990374999999 0.93282930625 0.6757636265625 0.9411156828125 0.671363371875
0 0.7104159890625 0.7093411375 0.7070421781249999 0.6982567749999999 0.700387728125 0.6935341171875 0.6885319421875 0.693932434375 0.6727919375 0.7100556109375 0.6707352453125 0.709575128125 0.6836361609375 0.721301175 0.6961123125 0.7234238265625 0.7033703421874999 0.7187833296875 0.7104159890625 0.7093411375
0 0.5084092890624999 0.6827409109375 0.5043126890625 0.693664071875 0.5104231609375 0.7014277 0.52194735625 0.7088720515625 0.5334547656249999 0.704432278125 0.5350866921875 0.6953093640625 0.531653275 0.6905471859375 0.5260271734375 0.68606476875 0.5179363968749999 0.683382596875 0.5084092890624999 0.6827409109375
0 0.409375 0.6730175328125 0.41121753749999995 0.675083340625 0.4256143859375 0.678446715625 0.4356854671875 0.6760474296875 0.43869411718749995 0.6712062125 0.44224674375 0.663324025 0.43435156406250003 0.6535594265625 0.41789802187499997 0.6497155671874999 0.409375 0.6581069125 0.409375 0.6730175328125
1 1 0.3796875 0.409375 0.3796875 0.409375 0.585483990625 0.4141086984375 0.5870532578125001 0.41635173593749997 0.6224258687499999 0.42519887343749996 0.6268687671875 0.42955067812500003 0.6025409984375 0.46197339375 0.6069475015625001 0.468203075 0.6020667656249999 0.49049510312500005 0.6151947390625001 0.49914664062499997 0.6267200640625 0.500327765625 0.6380841859374999 0.5141806390625 0.6444885328125001 0.5259004328125 0.64485045625 0.5436710921875 0.65929819375 0.56006503125 0.6694642359375 0.581311928125 0.67046784375 0.602558825 0.6714714531249999 0.5969923296874999 0.6606668499999999 0.621188271875 0.6631514265625 0.638321784375 0.6631940703125 0.6407436375 0.67960013125 0.649590771875 0.6840430296875001 0.6674210390624999 0.692168584375 0.693673675 0.6951336421875001 0.7049090953125 0.692214353125 0.7128470953124999 0.68377264375 0.7165096796875 0.70522064375 0.726036784375 0.705862328125 0.749934703125 0.73995781875 0.774784578125 0.7687316109375001 0.8157992249999999 0.790985621875 0.7847792703125 0.760770384375 0.76877653125 0.736439490625 0.7581279046875 0.7181115 0.7486268375 0.687379384375 0.7478536953124999 0.6737345343750001 0.7598454734375 0.6725759734375 0.7749986812499999 0.677700075 0.8107784234375 0.6813068171875 0.8413400453125 0.6781504125 0.8616182015625 0.6725915984374999 0.8703125578125 0.665910615625 0.87587905625 0.676715215625 0.8807655859375 0.69132103125 0.893606896875 0.7093692609375 0.9238872765625 0.749707896875 0.922340990625 0.7224181953125 0.9162137328124998 0.7027704406249999 0.9113868109375 0.68184244375 0.9070442578125 0.6641956578125 0.9020981234375001 0.6559120249999999 0.8990559046875 0.6369849953125 0.91246723125 0.6219018234375 0.92265751875 0.6068581703125 0.9266945171875001 0.6022571937500001 0.9489865468750001 0.6153851671874999 0.9629754140625 0.621029271875 0.970717815625 0.6196699890625 0.9906643765624998 0.621953840625 0.998254 0.609470678125 0.9850810953125 0.599265115625 0.977882671875 0.5975834296875 0.9939710515625 0.5855017078125 1 0.5812787859374999 1 0.3796875
0 0.8727940171874999 0.6759944921875001 0.864643634375 0.6796345046875001 0.8531362265624999 0.684074278125 0.8566460296875 0.6943983953125 0.8684422109375 0.7003222609374999 0.8764566015625 0.69744249375 0.8770601812500001 0.6880793374999999 0.8727940171874999 0.6759944921875001