0 0.152702059375 0.3375050859375 0.1537451578125 0.34148481875000003 0.1610468296875 0.3436362890625 0.1714777921875 0.3429261546875 0.178779465625 0.3372877296875 0.18086565937500002 0.3234354859375 0.17252088906250002 0.32042024062499996 0.1568744453125 0.3214854421875 0.1527020609375 0.33127316875 0.152702059375 0.3375050859375
0 0.21207364218750002 0.509375 0.21737402499999997 0.5024545953125 0.2257187953125 0.4898900484375 0.2236326015625 0.48738351093750004 0.21946021718750003 0.4862653828125 0.199641390625 0.48465447812500007 0.19546900312499998 0.49522119531250003 0.1954690046875 0.5053480593749999 0.1954690046875 0.509375 0.21207364218750002 0.509375
0 0.2966493359375 0.38971280468749997 0.29039075937500003 0.38686712968750003 0.2757874125 0.38334317812499996 0.26535644999999997 0.3957381578125 0.266399546875 0.4036128375 0.2768305078125 0.4083556296875 0.2903907578125 0.40088894374999995 0.2966493359375 0.38971280468749997
0 0.2862183734375 0.35458941718750003 0.293520046875 0.3536249296875 0.303951009375 0.346682878125 0.3070802984375 0.3368103671875 0.301864815625 0.33093351718749997 0.2893476625 0.3260211546875 0.27683050625 0.32500374062500004 0.26431335312500004 0.3317762234375 0.26744264218749997 0.3398204734375 0.277873603125 0.35001619375000004 0.2862183734375 0.35458941718750003
0 0.375924646875 0.2684021296875 0.3717522609375 0.27039996093749996 0.372795359375 0.280611609375 0.384269415625 0.28855514531250004 0.39261418593749997 0.29234937968749997 0.40513133906250004 0.28635588749999996 0.40200205 0.275195678125 0.3978296671875 0.270182603125 0.3853125125 0.26760720937500004 0.375924646875 0.2684021296875
1 0.5390625 0 0 0 0 0.0096235390625 0.008754785937499999 0.018741296875 0.0045824015624999995 0.030087003125 0 0.0331366984375 0 0.042030625 0.016056459375000002 0.0395885171875 0.022315035937499998 0.047108131250000004 0.011884075 0.050155234375 0 0.049189278125 0 0.0742634828125 0.00666859375 0.07933291718749999 0.034832190624999995 0.07305321249999999 0.029616709375 0.0780822171875 0.03378909375 0.088548221875 0.050478634375 0.0844518453125 0.0775991359375 0.1014570453125 0.07864223125 0.10933172499999999 0.0640388828125 0.11126069999999999 0.06403888437500001 0.121387565625 0.0838577125 0.1284514 0.1057627328125 0.12867389375 0.141228003125 0.14168343125 0.1527020609375 0.1519639359375 0.168348503125 0.162583578125 0.19233971562500002 0.17699745625000002 0.210072353125 0.17765980312500002 0.211115446875 0.187871453125 0.2257187953125 0.193732371875 0.24345142968750003 0.2084165328125 0.23823595000000003 0.22045644375 0.250753103125 0.2292637546875 0.27161502656250003 0.2340754015625 0.28413218281249997 0.2445823125 0.2956062390625 0.2517468578125 0.3394162796875 0.2553078078125 0.35610581875 0.2535484 0.37383845312499997 0.2503157984375 0.39261418593749997 0.2533998984375 0.4166053984375 0.252233984375 0.4134761109375 0.2589905375 0.4166053984375 0.27404569218749997 0.4322518421875 0.2753174609375 0.4489413796875 0.268105125 0.45311376406250004 0.25598043125 0.45728615 0.2547615890625 0.4698033046875 0.25967395 0.4687602078125 0.2673790625 0.475018784375 0.285025540625 0.49692380468749997 0.284469046875 0.51152715 0.26384431875000003 0.528216690625 0.267537840625 0.5219581125 0.27637700781249996 0.5313459796875 0.2903828921875 0.5261304984375 0.303980784375 0.5376045578124999 0.315040278125 0.5390625 0.314528425 0.5390625 0
0 0.20633001874999998 0.258365734375 0.212638409375 0.268300765625 0.219848 0.276289990625 0.24057556562500002 0.2766287203125 0.24057556562500002 0.26384134375 0.23697077187499999 0.2615292828125 0.2171444015625 0.25587964531249996 0.20633001874999998 0.258365734375
0 0.041410678125 0.15814128593750001 0.0504226640625 0.15820077500000002 0.057632253125 0.136577128125 0.048620265625 0.1358446203125 0.037805882812500004 0.138330709375 0.036904684375 0.151044834375 0.041410678125 0.15814128593750001
0 0.6576001859375 0.201410190625 0.6669880515625 0.196720321875 0.6659449578125 0.1919616 0.6607294734375 0.1829687921875 0.654470896875 0.180123115625 0.6367382625 0.18335571875 0.633608975 0.1924492390625 0.63882445625 0.2006630578125 0.6576001859375 0.201410190625
0 0.6638587625 0.1045451921875 0.6638587640625 0.0959763078125 0.65238470625 0.08725378125 0.637781359375 0.087624778125 0.6315227828125 0.09179000937500001 0.6304796859375 0.0956001734375 0.62839349375 0.103999490625 0.64195374375 0.1113336046875 0.656557090625 0.1125205875 0.6638587625 0.1045451921875
0 0.6429968390624999 0.3910756640625 0.6461261281249999 0.39210900625 0.6576001859375 0.3891466875 0.658643284375 0.38767349375000004 0.6596863796875 0.3799683828125 0.6576001859375 0.37512487499999997 0.6461261296874999 0.3710762875 0.633608975 0.3794067484375 0.6409106484375 0.38856912499999996 0.6429968390624999 0.3910756640625
1 1 0 0.771203578125 0 0.7681683828125 0.0055230750000000006 0.7671252859375001 0.026471009375 0.75147884375 0.039221056250000004 0.744177171875 0.051870387500000004 0.7316600171875 0.0679907453125 0.725401440625 0.083840821875 0.7191428625 0.0957959484375 0.7034964203125 0.1030930671875 0.726444534375 0.1330019515625 0.725401440625 0.1500549390625 0.7306169203125 0.180080465625 0.7170566703125 0.2179277484375 0.742090978125 0.20048783593750003 0.7483495546875 0.2212502734375 0.742090978125 0.22853146249999998 0.736875496875 0.2421293546875 0.7358324015625 0.2560663828125 0.742090978125 0.2667019546875 0.7379185953125 0.28583755625 0.7327031125 0.29320353125 0.725401440625 0.3081898328125 0.7316600171875 0.317267425 0.7598236140625 0.3172196375 0.7838148265625 0.337086440625 0.7942457875000001 0.34572418125 0.8276248671875 0.34454233749999996 0.8328403468750001 0.36210403125 0.8203231921875 0.367318534375 0.817193903125 0.381864984375 0.838055828125 0.3882346109375 0.8516160781250001 0.3784309546875 0.86830561875 0.3813454875 0.8693487140624999 0.393115115625 0.8912537359374999 0.3933376109375 0.9089863687499999 0.4126957078125 0.9016846953125001 0.41755514375 0.8964692140625001 0.42881606562499996 0.9235897156250001 0.43569440000000004 0.9527964093750001 0.4544271484375 0.976787621875 0.4579351703125 0.9809600062499999 0.47151713125 1 0.46688248593750004 1 0
0 0.1089654109375 0.624321428125 0.099577546875 0.61421049375 0.0922758734375 0.6128380109375 0.0828880078125 0.6167488890625 0.0745432375 0.6215235390625 0.065155371875 0.624655428125 0.058896793749999996 0.6366105546874999 0.0776725265625 0.6319047578125 0.09331896875 0.6331765265625 0.1089654109375 0.624321428125
0 0.14860306875 0.6368911140625 0.1642495109375 0.641278840625 0.17155118281249998 0.644988290625 0.1840683375 0.631983890625 0.16842189375 0.62448020625 0.150689259375 0.6230388703124999 0.146516875 0.6304896281250001 0.14860306875 0.6368911140625
0 0.2529126875 0.6500435 0.25812816875 0.63956156875 0.248740303125 0.6302296234375 0.2351800515625 0.6322433828125 0.23726624375 0.6324129515625 0.233093859375 0.644537646875 0.23726624218749998 0.651108703125 0.2529126875 0.6500435
0 0.32905870937500004 0.5830077453125 0.321757034375 0.57929829375 0.310282978125 0.5791446546875 0.3040244 0.5809729156250001 0.29880891875 0.586001921875 0.301938209375 0.59326718125 0.3081967859375 0.5976708359375 0.3144553625 0.6012955015625 0.31967084375 0.6032774046875 0.3301018046875 0.5939983828125001 0.32905870937500004 0.5830077453125
0 0.419808078125 0.6480292265625 0.409377115625 0.6588662265625 0.42085117343749995 0.674599659375 0.43649761875 0.675871425 0.44067000156249997 0.6590727921874999 0.43545452031250004 0.646964025 0.419808078125 0.6480292265625
0 0.6193620656250001 0.7628945609375 0.6245775453125 0.7570865671875 0.62874993125 0.7504147984375 0.627706834375 0.7402031484375 0.6172758734375 0.737018334375 0.6078880078125 0.73859224375 0.6016294296875 0.744315453125 0.600586334375 0.7504625859375 0.6047587203125 0.7601496 0.6162327765625 0.7649771765625 0.6193620656250001 0.7628945609375
0 0.608931103125 0.5696362796875001 0.6120603921875001 0.5621007375 0.6120603921875001 0.55508983125 0.602672525 0.5504318234375 0.5891122765625 0.549329625 0.574508928125 0.5590484953125 0.575552025 0.5645862078125 0.5859829875 0.5693290015625 0.5838967937499999 0.5707174109375 0.5995432375 0.571989178125 0.608931103125 0.5696362796875001
0 0.758093859375 0.746127271875 0.766438628125 0.7468055484375 0.771654109375 0.7402185625 0.771654109375 0.7308706875000001 0.76539553125 0.7280250125000001 0.754964571875 0.726398178125 0.7518352828125 0.7277018046875 0.7497490890625 0.7298692046874999 0.7476628984375 0.7374895312499999 0.752878378125 0.7441453703125 0.758093859375 0.746127271875
0 0.7591369546875001 0.566265453125 0.7726972046875 0.567367653125 0.7789557828125 0.5647604015625001 0.7810419749999999 0.5579190640625 0.7810419749999999 0.5485711890625 0.7789557828125 0.544506671875 0.767481725 0.5427950515625 0.758093859375 0.543589971875 0.754964571875 0.5480095546875 0.754964571875 0.5511255125 0.7560076671875 0.5597791828124999 0.7591369546875001 0.566265453125
0 0.8530156124999999 0.65101603125 0.8467570359375 0.6528442921875 0.8425846515625001 0.6571790921874999 0.8425846515625001 0.668084946875 0.8530156124999999 0.67905965625 0.8582310953124999 0.6818205484375 0.8759637296874999 0.67780895625 0.8790930171875001 0.6733893734375 0.8790930171875001 0.6648204859375 0.872834440625 0.656521884375 0.862403478125 0.6517790921875 0.8530156124999999 0.65101603125
0 0.9354202125000001 0.7434028640625 0.9416787890624999 0.744690559375 0.9479373671874999 0.7451992671875 0.9552390390625 0.7442347796875 0.9573252328125001 0.737393440625 0.953152846875 0.725369459375 0.9468942703125001 0.7209658046875 0.939592596875 0.72270928125 0.929161634375 0.726535375 0.9281185390625 0.7365774546875 0.9354202125000001 0.7434028640625