0 0.192606384375 0.2530340296875 0.2043456859375 0.26932531718749997 0.21380841718750002 0.274346503125 0.214399821875 0.2558261515625 0.2037623453125 0.24355955312500002 0.19512598750000001 0.24155688749999998 0.192606384375 0.2530340296875
0 0 0.310706290625 0.01227183125 0.3122309359375 0.0197334453125 0.3069881921875 0.011907243750000001 0.2961273328125 0.0073136078125 0.2941198265625 0 0.2926784453125 0 0.310706290625
0 0.192298584375 0.32872338437500004 0.19968728125 0.32025991875000004 0.194396896875 0.3097986265625 0.189454884375 0.3035642265625 0.1792387015625 0.2987452421875 0.1697354796875 0.31425675625 0.17550386093749998 0.323509675 0.18215531875 0.32712512031249996 0.192298584375 0.32872338437500004
0 0.3146899890625 0.087418890625 0.3052272609375 0.08239770625000001 0.2957807421875 0.0892532296875 0.28921841718749997 0.10073521249999999 0.2916975296875 0.1097907671875 0.30952116093750004 0.1158084484375 0.31904059687499997 0.11217364375000001 0.3195752953125 0.1023092796875 0.3146899890625 0.087418890625
0 0.35337785781250003 0 0.3588439078125 0.006443242187500001 0.36740735 0.005225187500000001 0.377202240625 0.00259655625 0.37698823593749997 0 0.35337785781250003 0
0 0.2851109265625 0.15368215937500002 0.27456258125 0.1565129921875 0.271143690625 0.16175089843749998 0.267595178125 0.172424071875 0.278362275 0.1792554 0.2877520859375 0.181055865625 0.29082260312499997 0.17159106562499998 0.2900529375 0.159916559375 0.2851109265625 0.15368215937500002
1 0.559375 0.459375 0.559375 0 0.396833834375 0 0.39611148749999997 0.0007622171875 0.3875480453125 0.001980271875 0.3833919140625 0.0192970890625 0.3730623234375 0.031790084375 0.36306489218750004 0.0366332625 0.3527028734375 0.025372837500000002 0.34141729062500004 0.040282584375 0.3476069640625 0.056983115625000004 0.3443339078125 0.0686624625 0.34716139375 0.081944909375 0.35636488125 0.0978366328125 0.3465699890625 0.1004652640625 0.34061528281250003 0.105303603125 0.330561146875 0.1188027703125 0.31528954374999996 0.1250613671875 0.304392825 0.12366530625000001 0.286366653125 0.119862175 0.283976671875 0.12590405 0.26732778437500004 0.12713178125 0.2484023234375 0.1170894109375 0.2261308890625 0.115505665625 0.23327655625000002 0.129789446875 0.2554912859375 0.14002918125 0.268040746875 0.14746227812499998 0.2820241953125 0.1512702484375 0.293471828125 0.154678653125 0.298559675 0.1673544953125 0.29385262968750003 0.18265896718750002 0.2927103125 0.199166975 0.2877440234375 0.2253419828125 0.2886028203125 0.2521139203125 0.29705285312499996 0.26820784531249997 0.2927508875 0.2790832203125 0.2795938078125 0.2782937671875 0.2610329375 0.284355 0.2310082171875 0.2751311171875 0.24241535937499997 0.29907222187500004 0.2690941046875 0.3167547296875 0.268559403125 0.32661909375 0.24560743437500002 0.3284582734375 0.2251750671875 0.31882030625 0.2249887421875 0.3329115640625 0.2052693375 0.34360409375 0.2362500484375 0.350411228125 0.25572642343749996 0.3624659421875 0.2789538484375 0.3616329390625 0.2777386125 0.374920225 0.28633448281249996 0.397455590625 0.309634825 0.39984330625000003 0.318433234375 0.4201641234375 0.31879782031250004 0.4362677265625 0.3094809265625 0.43768798281250004 0.303121140625 0.4469554171875 0.31008795624999996 0.459375 0.559375 0.459375
0 0.58809839375 0.052329773437500005 0.596981625 0.063923521875 0.5984303890625 0.0622640171875 0.6106686375 0.0513554609375 0.6008132046875 0.0362105125 0.590328715625 0.0326707015625 0.587278690625 0.042384140625 0.58809839375 0.052329773437500005
0 0.5950182484375001 0.16102375468750002 0.6022811421875 0.166698840625 0.611707646875 0.1628983703125 0.613632975 0.1560281671875 0.6132898328125 0.140871834375 0.600622659375 0.132834978125 0.5933788390625 0.141132490625 0.5909769500000001 0.153213396875 0.5950182484375001 0.16102375468750002
0 0.7253881390625 0.23404635156250003 0.7198980734375 0.2278954953125 0.7139314484375 0.2269553421875 0.7057154265625 0.23170165781250002 0.7068591984375 0.242831021875 0.711462846875 0.24921976406250002 0.7192880890625 0.2534732296875 0.726293628125 0.247781065625 0.7253881390625 0.23404635156250003
0 0.7148656984375 0.4389118015625 0.7144749218750001 0.447911584375 0.7273803765625 0.45334309062499994 0.72915320625 0.4528673203125 0.735358115625 0.451202125 0.7374359375 0.4379374859375 0.7333088546875001 0.4263380453125 0.7206607546875 0.43227378906249997 0.7148656984375 0.4389118015625
0 0.7361396703125 0.4332025578125 0.7392945546874999 0.4412508 0.746471665625 0.4431368015625 0.7539728390625 0.4462065375 0.7643715453125 0.4459572625 0.7696900375 0.444529953125 0.763056203125 0.42724973437499997 0.7420872234375 0.42017011093749995 0.7375026499999999 0.42775397187499997 0.7361396703125 0.4332025578125
1 1 0.459375 1 0 0.7523326890625001 0 0.751198846875 0.0085589046875 0.7407715796875001 0.0469368921875 0.7391417578125 0.0931195421875 0.728523846875 0.1099467640625 0.73267000625 0.13551880624999998 0.7247113421875 0.151632371875 0.7375500859375 0.16724739375 0.736854315625 0.1890360453125 0.7452800578125001 0.21981309375000002 0.7480441609375 0.236861121875 0.7390275125000001 0.24563440625 0.741639121875 0.269076865625 0.7569655421875 0.27640006875 0.7598154328125 0.2972371796875 0.7474914015625 0.3043566546875 0.7485684625 0.325669534375 0.774379371875 0.336532546875 0.7738360984374999 0.3519267640625 0.7740267421875 0.37347752968750003 0.7641903859375001 0.3723051828125 0.763542253125 0.36993771875000003 0.7314597234375 0.3709234171875 0.743431128125 0.4007489265625 0.74933104375 0.41187259843749996 0.766582790625 0.41232559375 0.7902777265625 0.4085080453125 0.8104651515625001 0.43358723593750004 0.8094262390625 0.44021955625000003 0.8152403703125 0.44755414375 0.8349500140625 0.459375 1 0.459375
0 0.0351201015625 0.5847106484375 0.0427437640625 0.5977860546875 0.0537134 0.6024028359375 0.06823155 0.5963464421875 0.06841787499999999 0.582255184375 0.060113676562499996 0.5726027 0.0487389609375 0.572415015625 0.039219528125 0.5760498203125 0.0351201015625 0.5847106484375
0 0 0.8391552046874999 0.010539921875 0.8494502171875 0.0099890078125 0.847437871875 0.02551985625 0.830308740625 0.025503642187499998 0.8184320296875001 0.0205616296875 0.8121976312499999 0.0093894546875 0.809795396875 0.00021839375 0.8176570953125001 0 0.818039215625 0 0.8391552046874999
0 0.042012846874999996 1 0.041990651562499995 0.9997840374999999 0.0390335421875 0.9919368593750001 0.0343669890625 0.9867086328125 0.029497893749999997 0.9836949531249999 0.020456456249999998 0.98612138125 0.016429946875 0.9980029312500001 0.0178690109375 1 0.042012846874999996 1
0 0.11656587656249999 0.46564456718749997 0.1011484375 0.46546172031250005 0.0941648203125 0.46949608906249995 0.0915723 0.4777525140625 0.0974135984375 0.49022615312499995 0.1087883140625 0.49041383749999995 0.1189882828125 0.483356109375 0.1211028078125 0.47630806249999996 0.11656587656249999 0.46564456718749997
1 0.191931934375 0.459375 0.19172486718749998 0.45951558593749997 0.16234019375 0.46740147812500005 0.1463313515625 0.4857389859375 0.13578300625 0.4885698203125 0.130322509375 0.50407649375 0.1230067296875 0.5157606796875001 0.11151860625000001 0.532884971875 0.1095904078125 0.5258417640624999 0.09895293125 0.513575165625 0.086768059375 0.5222456734375001 0.08974138125 0.5419695609375 0.0886557671875 0.54982158125 0.094772521875 0.563301390625 0.10864256406249999 0.584421340625 0.1041947625 0.5888552765625 0.089546990625 0.6003469375 0.07497213593749999 0.61505931875 0.055989971875 0.6136729375 0.047556153125 0.609455721875 0.029805437499999997 0.6066587625000001 0.008765453125 0.603664440625 0 0.6017152328125001 0 0.62489670625 0.00297279375 0.6268209312499999 0.0214202578125 0.6380716765625 0.0361571609375 0.6416774453125 0.047126796875 0.6462942265625 0.040767009375 0.6555616609375 0.035930343749999996 0.6763014015625 0.033848245312500004 0.7071028703125 0.0386930609375 0.7425259578125 0.044331821874999996 0.75721414375 0.04359458125 0.7692930546875 0.0299595078125 0.769711978125 0 0.7631292265624999 0 0.7865037562499999 0.0123141359375 0.7938891578125 0.0132863421875 0.8033491171874999 0.0348043234375 0.8051350656249999 0.0266621734375 0.8138007328124999 0.0241425703125 0.825277875 0.02801518125 0.851241003125 0.036740671875000006 0.8683411015625001 0.04148014375 0.8767900484375 0.05792649062500001 0.8777768640625 0.0585665359375 0.894886640625 0.06188823125 0.918837421875 0.0509185953125 0.9142206421874999 0.052660467187500004 0.9353551093749999 0.054402340625000004 0.956489575 0.06511273281249999 0.97197689375 0.0801413046875 0.9884655437500001 0.0809017390625 1 0.559375 1 0.559375 0.5013185265625 0.5528802015625 0.4965251734375 0.5362151015625 0.4858761953125 0.5220858171875 0.4756267828125 0.51194255 0.4740285203125 0.489303878125 0.459375 0.191931934375 0.459375
0 0.0128730296875 0.6511664406250001 0.019192325 0.662431703125 0.0296110484375 0.6650361375 0.0336375578125 0.653154590625 0.03698353125 0.6446959640625 0.024782445312500002 0.6414897609375 0.01546555 0.6429100156249999 0.0128730296875 0.6511664406250001
0 0.6941489765625001 0.459375 0.689617328125 0.46331561875 0.702110084375 0.479404703125 0.71376025625 0.4805985625 0.7193098843750001 0.4801893171875 0.7205980390625 0.47012275 0.7176556578125 0.459375 0.6941489765625001 0.459375
0 0.9417164265625001 0.5717161203125001 0.9472660578125 0.571306875 0.9500611171875001 0.5608359046875 0.949639825 0.553388290625 0.9401041765624999 0.545146384375 0.936061453125 0.5451512234375 0.9328451015624999 0.54817458125 0.9319620265624999 0.5538120515625 0.92723876875 0.5572398140625 0.9347895140624999 0.5670945 0.9417164265625001 0.5717161203125001
0 0.868785453125 0.65393401875 0.86138054375 0.650520775 0.850702578125 0.6587868765625 0.8513264093749999 0.66401994375 0.8564142562499999 0.6766957828125 0.8700493296874999 0.6762768609375 0.8799171390625 0.67686895 0.8763361984374999 0.66378870625 0.868785453125 0.65393401875
0 0.6548049218750001 0.912257384375 0.6648752703125 0.9106349281250001 0.66822124375 0.9021763015625 0.6624528640625 0.892923384375 0.6547724968749999 0.8885039671874999 0.6393550593749999 0.8883211203125001 0.6419070875 0.9005973953125 0.6470516390625 0.9046172468750001 0.6548049218750001 0.912257384375
0 0.6700603015625 1 0.6684076578125 0.9885339906249999 0.6664794578125 0.9814907796875 0.654626746875 0.9825114703125 0.6473676703125 0.9855396671874999 0.648615334375 0.9960057984375 0.6501810484374999 1 0.6700603015625 1
0 0.69187863125 1 0.6915783796875 0.9963569734375 0.68772198125 0.9822705546874999 0.6827070531249999 0.972815434375 0.676403971875 0.97342688125 0.67017380625 0.9772590484375 0.6684076578125 0.9885339906249999 0.6700603015625 1 0.69187863125 1
1 1 1 1 0.622423615625 0.9855139906249999 0.631248640625 0.9683871078124999 0.6336847453125001 0.9716925921874999 0.64575881875 0.939018646875 0.65344735 0.9379168203124999 0.6494226578125 0.9277735546875 0.6478243953125 0.9201094 0.6552816874999999 0.9300663406249999 0.6709712078125 0.9199959921875 0.672593665625 0.913547075 0.666763671875 0.8986076328125 0.66537245 0.8906113187500001 0.6804795578125 0.9080298734374999 0.6909263343750001 0.902277703125 0.693550125 0.8905546140624999 0.6891355484374999 0.8805571828125001 0.6939787265625 0.8729497343749999 0.6927800296875001 0.8613157765625001 0.7034628828124999 0.8648237984375001 0.71332240625 0.852841465625 0.7197783640625 0.8497142437499999 0.737899153125 0.8548587953125001 0.7419190046875 0.8606271765625 0.751171921875 0.8571515812499999 0.7650658171875 0.8396763234375 0.7632750296874999 0.8361683 0.7534155046875 0.8288930125 0.7445669921875 0.8138968671875 0.7518317609375 0.8183041765624999 0.7679305234375 0.8268109140625001 0.775368459375 0.82846365625 0.7814054953125 0.8373916859375001 0.7962910453125 0.8354796999999999 0.8011245468749999 0.82546605625 0.7940910156250001 0.8202810156249999 0.8106038625 0.8350179171875001 0.81420963125 0.8360630421874999 0.8268903109375 0.8210101906249999 0.8428110671875 0.8081285687499999 0.8430277875 0.8009261999999999 0.8373999953125001 0.792913671875 0.84063039375 0.7975964375 0.8577353296875 0.80035100625 0.8677970578124998 0.794744675 0.8768622921875 0.79209545 0.893774703125 0.7911880968749999 0.9318215828125 0.786667378125 0.9330347968750001 0.7831026515625 0.9318312609374999 0.78354015625 0.9511555843749999 0.7737452656249999 0.953784215625 0.7600372734375 0.9509824171875 0.756837134375 0.9658824828124999 0.7733726140625 0.9819667296875 0.7666806656249999 0.99888398125 0.7635811140625 1 1 1
0 0.749277984375 0.598518134375 0.7616978234375 0.6113864984374999 0.7670449125000001 0.613191803125 0.7728537859375 0.601912021875 0.76392575625 0.5870264734375 0.7558403109375 0.5870361515625 0.749610146875 0.59086831875 0.749277984375 0.598518134375