0 0.0951943390625 0.2099669140625 0.1038361609375 0.20698601249999998 0.10971210312499999 0.2008241078125 0.10383389843749999 0.1881910578125 0.0989075625 0.1857552828125 0.0847339796875 0.182374184375 0.0741043578125 0.1845371 0.067364009375 0.1891175984375 0.0666733875 0.19537045625 0.067192484375 0.2000782890625 0.07523114374999999 0.2119661140625 0.0874169265625 0.21452922343749997 0.0951943390625 0.2099669140625
0 0.097709153125 0.281275071875 0.11240070312499999 0.2799665265625 0.1136092921875 0.269024025 0.113176521875 0.263534584375 0.10634871406249999 0.259499215625 0.090274790625 0.2639159984375 0.09001580625 0.26626081875 0.088460775 0.270932271875 0.0928691453125 0.2780576890625 0.097709153125 0.281275071875
0 0.3503391953125 0.43998125468750005 0.3423879953125 0.43670929843749995 0.3318447015625 0.43809060781250003 0.325968759375 0.44425251093749996 0.327353396875 0.4599392265625 0.3302919328125 0.4615570125 0.338674771875 0.46092093125 0.3497360328125 0.4548499796875 0.3503391953125 0.43998125468750005
0 0.421989715625 0.4968396609375 0.4223361578125 0.503110709375 0.42536215468750005 0.5133443640625 0.44523902031249996 0.5121267734375 0.4528426484375 0.49973020156250003 0.44653280781250004 0.49100518906249996 0.437458215625 0.4884966515625 0.4254462171875 0.4937678046875 0.421989715625 0.4968396609375
0 0.45369800937500004 0.426131796875 0.44401912499999996 0.42909450937500004 0.43745143124999997 0.43211179218750007 0.4337359453125 0.437528471875 0.43658928125 0.4493253421875 0.4482571 0.45657809374999997 0.46156514375 0.448980309375 0.46700831562499995 0.437328965625 0.46173553749999996 0.4286221421875 0.45369800937500004 0.426131796875
0 0.5421022234375 0.3775626875 0.5385593953125001 0.38141615156249997 0.5334615328125001 0.389941065625 0.5389069671875 0.3970846734375 0.5553273328125 0.3989389390625 0.5622403390625 0.3927952265625 0.5636215828125 0.3802895109375 0.5541142203125 0.3722915328125 0.5421022234375 0.3775626875
1 0.6 0 0.2089881546875 0 0.21122279375000003 0.00536645625 0.20673035781250002 0.017817598437500002 0.197658028125 0.0341040140625 0.2056966875 0.0459918375 0.194117459375 0.056752429687499995 0.1889332703125 0.0660589546875 0.1784785671875 0.0854536078125 0.1981839109375 0.09519670625 0.2044074265625 0.10470332812500001 0.19688899531249998 0.1069208125 0.1841863765625 0.1184448234375 0.19836222187500002 0.140620875 0.2070926328125 0.155653315625 0.1940435734375 0.160906278125 0.1915389390625 0.174175409375 0.21859005781250002 0.18326423593750002 0.1860094390625 0.1866083609375 0.18238254375000001 0.210038384375 0.1975068625 0.21421927968749999 0.23432206406249997 0.2101663109375 0.2554109140625 0.22619864843749998 0.263707425 0.22634417343750002 0.2629304765625 0.23337863749999999 0.2531652640625 0.23712295781249998 0.2488466125 0.2574083625 0.2671684515625 0.2608622234375 0.2895510859375 0.255772978125 0.302773934375 0.2583542765625 0.330774659375 0.25884542499999996 0.34780158125 0.2740233921875 0.37355665312499997 0.28543885156250004 0.372693375 0.293254921875 0.39525092968750003 0.305397415625 0.4140929953125 0.3229565859375 0.422045328125 0.335626015625 0.42602319062499994 0.3560569453125 0.4414064921875 0.35789302031250003 0.4599009859375 0.359783665625 0.4818508515625 0.3492049796875 0.50466625625 0.349605175 0.5184934 0.34671522499999996 0.541481459375 0.34555220625 0.540704509375 0.3525866703125 0.5507298359374999 0.3558950046875 0.575274059375 0.35945801093749996 0.57976875625 0.3658018203125 0.5840907984375 0.37370884531250004 0.6 0.37398790000000004 0.6 0
0 0.6 0.3748091015625 0.605123428125 0.3745152765625 0.6149749703125 0.36998935 0.61773971875 0.3637728734375 0.614195759375 0.3582288609375 0.600886584375 0.3564291671875 0.6 0.35683647500000004 0.6 0.3748091015625
0 0.6 0.058991896875000005 0.60888791875 0.0582002703125 0.6181340343749999 0.049748115625 0.6177875937499999 0.04347706875 0.6 0.0455011015625 0.6 0.058991896875000005
0 0.6581478875 0.0543655890625 0.654258615625 0.05194800468750001 0.640604128125 0.053274740625000004 0.6371476265625 0.056346596875 0.633604796875 0.0602000609375 0.6310990296875 0.0640717140625 0.6275562 0.067925178125 0.6390513624999999 0.07674114531250001 0.6518414390625 0.07383300468750001 0.6568529703125 0.066089696875 0.6581478875 0.0543655890625
0 0.6773363953125 0.07819580781249999 0.675003284375 0.08050424843750001 0.6738810234375 0.090665140625 0.6840790078125 0.09241026249999999 0.692115403125 0.08550313125 0.6940157453125 0.07770525 0.6933239921875 0.07456063125 0.68303968125 0.0735971171875 0.6773363953125 0.07819580781249999
0 0.6 0.3023561921875 0.6049417265625 0.3008986796875 0.6115082890625 0.28848391875 0.60908771875 0.282176490625 0.6 0.2820170859375 0.6 0.3023561921875
0 0.8517912015625001 0.5401649703125 0.847469159375 0.5322579453125 0.8360614562500001 0.5320578484375 0.831049925 0.53980115625 0.8339895921875 0.55081641875 0.84003931875 0.5524887765625001 0.84833583125 0.552634303125 0.8517912015625001 0.5401649703125
0 0.9563619953125 0.54356544375 0.9655217859375 0.535894896875 0.967075684375 0.5218259671875 0.963877034375 0.5131555265625 0.9520365609375 0.5074659875 0.9336295265625001 0.5141912109375 0.9314702015625 0.5243339140625001 0.9357922421874999 0.5322409375 0.943225478125 0.540202534375 0.9563619953125 0.54356544375
1 1 0 0.777101428125 0 0.7791322625 0.0032354671874999996 0.7637500906250001 0.0107968703125 0.747244528125 0.0191216875 0.7298756875000001 0.035262578125 0.711039275 0.06469079062500001 0.7037832203125001 0.092755884375 0.708020065625 0.11084199218749999 0.6949721375 0.12549243125 0.7038752046875001 0.138961659375 0.6744091703125 0.1705527859375 0.6931637796875 0.1794960859375 0.691955190625 0.19043858593750002 0.686598346875 0.2013083234375 0.6872923625 0.22324789531250003 0.709936240625 0.23460878125 0.70285058125 0.242315709375 0.6918767781249999 0.2570025296875 0.7055335265625 0.27447074531250004 0.68583044375 0.2835226 0.6905863875 0.306316540625 0.7199694875 0.3036994515625 0.740365453125 0.30718969375 0.7591200609375 0.3161329953125 0.7604183718749999 0.3326013171875 0.7457279531250001 0.34330733750000003 0.7511733859375 0.350450946875 0.7816798765625 0.3470704390625 0.7993099625 0.34737968124999996 0.8313726140625001 0.34872519999999996 0.8430415625000001 0.365375428125 0.8711297468750001 0.374482446875 0.8763173265624999 0.3933683515625 0.9120091374999999 0.3900787984375 0.911146990625 0.407292346875 0.93033436875 0.42172508906250006 0.924718540625 0.4349396484375 0.931028384375 0.4436646609375 0.9509063828125001 0.45184454531249996 0.969400878125 0.45373519218749997 0.9832268875000001 0.4414477671875 1 0.44174197656249997 1 0
0 0.51882795625 0.7301722140625 0.523061409375 0.72006589375 0.513640375 0.7112863078125 0.49652938750000003 0.7156849015625 0.494715375 0.722701175 0.49514814218750003 0.728190615625 0.502408721875 0.7377154265625 0.5109642156249999 0.7355161296875 0.51882795625 0.7301722140625
0 0.3974945390625 0.56875 0.3961762109375 0.5706134375 0.39755971562500003 0.5769026765625 0.40637532343749994 0.5817560359375 0.41778302656250005 0.5819561328125 0.4195107125 0.575721465625 0.420201334375 0.569468609375 0.41908811718749994 0.56875 0.3974945390625 0.56875
0 1 0.8899200531249999 0.9944604671875 0.89215001875 0.99074498125 0.897566696875 0.99394363125 0.9062371375 0.9987836390625 0.9094545203125 1 0.9099550578125001 1 0.8899200531249999
0 0.9053581703125 0.8804065375000001 0.8954203015625 0.885714071875 0.88842096875 0.8926393921875 0.888681084375 0.8996920453125 0.897755675 0.9022005828124999 0.909767671875 0.89692943125 0.9209152609375 0.8900768750000001 0.9209141296875 0.8806793984375 0.9129629296875 0.8774074437499999 0.9053581703125 0.8804065375000001
0 0.8935041265624999 0.7619472828125 0.8968754328124999 0.769054509375 0.9036169125000001 0.7738714859375 0.9106173765625 0.7763436421875 0.9164933171874999 0.7701817390625 0.9173565953124999 0.76236566875 0.9132072093750001 0.752895428125 0.9032682093750001 0.7488054859375 0.8944537312499999 0.7533496046875 0.8935041265624999 0.7619472828125
0 0.8368893359375 0.691256425 0.829284578125 0.69425551875 0.827815875 0.6981453640625 0.8292857093749999 0.7036529953125 0.831014525 0.7068158046875 0.83775600625 0.7116327828125 0.8461388453125 0.7109967 0.8565946796875 0.7009995234375 0.8554701578125 0.6923654640625 0.8495930859375 0.6891298921875 0.8368893359375 0.691256425
0 0.657997515625 0.7022147484375 0.653244965625 0.7076132359375 0.652640671875 0.7130844859375001 0.653851521875 0.7209369390625 0.659814921875 0.7233909031250001 0.6702718875 0.7227912046875 0.6790863640625 0.7182470859375 0.67960433125 0.71355744375 0.6772700890625 0.7064684078125 0.67580025625 0.700960775 0.66447888125 0.6999790703125 0.657997515625 0.7022147484375
0 0.7607384625 0.5810668234375 0.7559859125 0.5864653109375 0.759270890625 0.5943541453125001 0.7641108984375 0.597571528125 0.77327181875 0.5992984578125 0.782517934375 0.59084630625 0.785282684375 0.5846298296875 0.7848499140625 0.5791403890625 0.772491475 0.5781404921875 0.7607384625 0.5810668234375