0 0.22718208281250002 0.456546778125 0.23454362812500001 0.4569746671875 0.24414464218749998 0.45387189218749996 0.244728425 0.44292331875 0.24067248437500002 0.4362811046875 0.2318696359375 0.432108603125 0.2199755578125 0.4378237203125 0.2168307390625 0.44679301718750003 0.22718208281250002 0.456546778125
0 0.18060103125 0.4126548546875 0.1944187671875 0.4189492640625 0.20311442500000002 0.4212851171875 0.210261590625 0.4180397125 0.21132772968750002 0.415356053125 0.21362079218750002 0.4127437125 0.211750728125 0.401652509375 0.20401401562500002 0.39479635156250004 0.1906786375 0.39676685625 0.18006507968750002 0.4034716140625 0.18060103125 0.4126548546875
0 0.160529953125 0.3620669453125 0.16394275 0.35768926875 0.1646337203125 0.34857734375 0.157909553125 0.3381192046875 0.1505480109375 0.3376913140625 0.14105418593750002 0.3426307375 0.140524 0.3544976359375 0.14591405156249998 0.36304781249999996 0.160529953125 0.3620669453125
1 0 0.4890625 0.22927693593749998 0.4890625 0.2253771421875 0.4884741734375 0.206544515625 0.48005785625 0.22996326875 0.483249490625 0.2361457203125 0.4634742515625 0.22243517031249999 0.459016490625 0.20952855312500002 0.4683335890625 0.1941087265625 0.4555395953125 0.18092836406249999 0.4392149359375 0.187593171875 0.4277046125 0.1744664078125 0.41229827812500003 0.16384708750000002 0.397952896875 0.12287623125 0.38733458593750003 0.1342879515625 0.37335455 0.135669896875 0.3551307 0.11299571562499999 0.34374546562499997 0.11843359843750001 0.3321638265625 0.096134584375 0.3272068609375 0.08717670937500001 0.341329525 0.0809349 0.3391363 0.08103632499999999 0.31992281093749997 0.07687319687500001 0.31144395 0.07612286406249999 0.2985874125 0.067159228125 0.2916599390625 0.031840639062499995 0.2731332859375 0.015622646875000002 0.26761456875 0 0.2580336796875 0 0.4890625
0 0.0786781375 0.279516553125 0.0684875796875 0.272517765625 0.055950362499999996 0.26721299374999996 0.051578617187499995 0.2761109734375 0.0521145671875 0.28529421250000003 0.058517165625 0.290242409375 0.0707328109375 0.290037234375 0.0786781375 0.279516553125
0 0.531306884375 0.047357728125 0.5497107453125001 0.048427454687499996 0.5554702031250001 0.0423557625 0.551199884375 0.032040253125 0.5252736890625 0.027787664062500002 0.5273045390625001 0.0416338375 0.531306884375 0.047357728125
0 0.3331226265625 0 0.3329088 0.00013268125 0.327363725 0.0098776734375 0.3414494375 0.0207637015625 0.3554757890625 0.0096812703125 0.357288115625 0 0.3331226265625 0
1 0.26875 0.4890625 0.9500212593749999 0.4890625 0.9493745624999999 0.485332328125 0.965586790625 0.46980090468749997 0.9644076984375001 0.4495977765625 0.9634429859375 0.4330679453125 0.9701613890624999 0.42247594531250005 0.9684999375000001 0.39400789999999997 0.9679103921875001 0.3839063359375 0.967636653125 0.358264578125 0.9808648421874999 0.35445742187499996 0.9765945234375 0.3441419125 0.968161075 0.3253475421875 0.9724792250000001 0.3155312375 0.9685840734374999 0.311643996875 0.9484173343750001 0.301319715625 0.9381195828125 0.292484278125 0.9350225921875002 0.2813217578125 0.9405140703124999 0.2706584453125 0.9226939906249999 0.25864014687500003 0.9324557921875 0.25829234375 0.9516042203125 0.25116846718749997 0.9581618375 0.23782149531250002 0.9231648203125001 0.22480478750000002 0.9042250046875001 0.2145518203125 0.9108362171875001 0.20212317343750003 0.9099786953125001 0.1874299890625 0.892426590625 0.1800033109375 0.8636713796875 0.1691798234375 0.8295318843749999 0.1708562984375 0.7993889656250001 0.157206525 0.769138859375 0.141720103125 0.7402228640625 0.1281416453125 0.712640984375 0.11647115 0.6972747515625 0.1045954796875 0.6708126062499999 0.09115965000000001 0.6462741218750001 0.08973335 0.6321884109375 0.0788473203125 0.616077609375 0.075165253125 0.59404656875 0.0747999046875 0.5473162593750001 0.07025328593749999 0.5250708359375 0.06621464375 0.520746921875 0.054980809374999995 0.5046361218750001 0.0512987421875 0.49162231093750003 0.058779192187499996 0.4749219671875 0.044995559375 0.45161040625000004 0.0436405734375 0.4421165828125 0.0485799984375 0.42819741874999995 0.061499078124999995 0.41608896250000005 0.0635409 0.4120866171875 0.05781700937499999 0.393307590625 0.050319015625 0.391437525 0.0392278140625 0.3972505734375 0.03407444375 0.40807851250000005 0.031042982812499998 0.4122358765625 0.018471707812499998 0.4027362890625 0.00236099375 0.36763784374999997 0.008557771875 0.3619855796875 0.016466114062500002 0.3603892515625 0.031016668749999997 0.3697816484375 0.045290734375 0.35132995624999996 0.0643528234375 0.33025786406249996 0.0594671703125 0.2987329984375 0.0640412484375 0.2880716109375 0.09087781874999999 0.2697749390625 0.09164474218749999 0.26875 0.0919452921875 0.26875 0.4890625
0 0.8037739578124998 0.0018759015625 0.809914340625 0.023282615625 0.8248518140625001 0.027811692187499997 0.8304504828125001 0.018985028125 0.8301825078124999 0.0143934078125 0.8234047468749999 0.00301694375 0.82329755625 0.0011802953124999999 0.8037739578124998 0.0018759015625
0 0.21185733125 0.7168073500000001 0.20483046875 0.721066478125 0.20306358750000003 0.7264092703125 0.2066478046875 0.734396878125 0.213948003125 0.734821203125 0.2273232921875 0.7324869328125001 0.2300419453125 0.72564360625 0.22868017031250001 0.7201189609374999 0.2232835171875 0.7166935703125 0.21185733125 0.7168073500000001
0 0.0894591140625 0.81004559375 0.08560646250000001 0.81526715 0.0838851375 0.82139051875 0.08814779375000001 0.823194140625 0.1016597484375 0.8232015968749999 0.1129948234375 0.821526665625 0.111541934375 0.81444086875 0.109137271875 0.8088556046875001 0.10696038906250001 0.8071732171875 0.0894591140625 0.81004559375
1 0 1 0.26875 1 0.26875 0.8767120390625 0.2571961671875 0.8703606078125 0.2571506109375 0.8695800328125 0.24254531406250002 0.850838765625 0.231802465625 0.862661178125 0.220330725 0.86199438125 0.2114914265625 0.8708157265625001 0.19979190625 0.866246053125 0.20341677656249998 0.8571216203125 0.21011985000000002 0.829505846875 0.21927804062499998 0.826148528125 0.22276624374999998 0.81468236875 0.21586624843750002 0.7854979875 0.200405190625 0.7877110234375 0.1877587921875 0.8025344999999999 0.1827314890625 0.82324633125 0.17884308124999998 0.863472546875 0.166328453125 0.862745134375 0.1463314046875 0.8584710953125001 0.11885193281249999 0.8506504265625001 0.095544003125 0.8430722328125 0.0702869703125 0.837714528125 0.05192503281250001 0.8436485874999999 0.037279078125 0.8420193625 0.0429897203125 0.8330161640625 0.033917740625 0.8200420140624999 0.014330695312499999 0.8227931546875 0.003678959375 0.8361767171875 0 0.84132411875 0 1
0 1 0.75411115 0.9913827140624999 0.7553844859375 0.9880311765624998 0.7691923734375 0.992658278125 0.7772405984375 1 0.7781632265624999 1 0.75411115
0 0.7412283015625001 0.5829249609375 0.7511104875 0.574164234375 0.7495664875 0.5655172859375 0.744893828125 0.556688484375 0.7326980921875 0.5614251 0.72471945625 0.5671847609375 0.7275796765625 0.5805757796875 0.7412283015625001 0.5829249609375
0 0.629857525 0.5445565 0.6231495515625 0.5542796578125 0.618208459375 0.5586600203125001 0.612543371875 0.5684437953125 0.623063340625 0.5706111234375 0.6275082171874999 0.575537046875 0.6425641750000001 0.58419145 0.6539448046875 0.5832970953125 0.6531703531249999 0.5700273124999999 0.6469081421875 0.5517709890625 0.6328950703125 0.5431772031250001 0.629857525 0.5445565
0 0.330573859375 0.61662228125 0.3405976109375 0.6280958984375 0.34282005312499997 0.6305588609375 0.3615008796875 0.6300888296875 0.3663964171875 0.624927890625 0.3619921953125 0.602889925 0.35768398437500004 0.600305728125 0.3459844640625 0.595736053125 0.32893874843750004 0.6064141828125 0.330573859375 0.61662228125
0 0.34890004062499996 0.64569288125 0.361819771875 0.6355528578125 0.3479889234375 0.6300813749999999 0.341822721875 0.63127881875 0.3368360734375 0.63487860625 0.33643096875 0.64574604375 0.34395895 0.650073246875 0.34890004062499996 0.64569288125
1 0.26875 1 0.946579640625 1 0.9393932421875 0.986518771875 0.9387099031249999 0.974810140625 0.9421525531250001 0.9625634062499999 0.956383603125 0.9392748328125 0.9264588109375002 0.9429809453125 0.9278156890624999 0.9306129750000001 0.9313494484374999 0.9199273874999999 0.9304383312500001 0.9043158796874999 0.9297094375 0.8918266734374999 0.9199590203125 0.885036509375 0.917372134375 0.8763289437499999 0.9284338734375 0.8699705609375 0.9366353890625 0.850221159375 0.9286062968749998 0.8373076265625 0.910922796875 0.8370577000000001 0.9044881609375001 0.851464309375 0.8909762046874998 0.8514568546875001 0.8975019546875 0.838611396875 0.8711515796875 0.8145198812500001 0.8575485109375001 0.812951275 0.8325192578125 0.8114964468749999 0.828119934375 0.8073510984375 0.8304285859375 0.7934825953125 0.84847163125 0.7820845078125 0.8245714765625 0.7643588328125 0.801314 0.7754538296875 0.7887082624999999 0.7731652656250001 0.7955529046875001 0.7657838359375 0.78326115625 0.75106668125 0.771748759375 0.767511928125 0.7504305890625 0.7406012015625001 0.757953665625 0.7270357859375001 0.7474337 0.72486845625 0.7090698140625 0.7086358578125 0.679322346875 0.6975716546875 0.6654914984375 0.6921001703125 0.6594570640625 0.6777467234375 0.6624897109375001 0.658474809375 0.649883971875 0.6561862453125 0.6267631640625 0.6696229687499999 0.623497840625 0.6670993890625 0.6215893937500001 0.6522078375 0.6204098390625 0.64980549375 0.6142842953125001 0.633890896875 0.591614146875 0.63724075625 0.585994615625 0.6478051078125 0.5775604203125 0.6457590125 0.5655469078124999 0.6536179296875 0.5553913859375 0.6576952046875 0.538158546875 0.6473584140625 0.5193410500000001 0.64548671875 0.519751053125 0.6525118984375 0.5087348703125001 0.6596508562500001 0.48846448437499995 0.6506933640625 0.49308668749999995 0.640848971875 0.47921028281249994 0.6345969124999999 0.468740771875 0.6511027781250001 0.458448584375 0.6528383265625 0.45023726562499994 0.6368024921875 0.44143862343749996 0.6285117953125 0.41677381562499993 0.6333015734374999 0.403170746875 0.631732965625 0.39628055156249997 0.6383338203125 0.402588321875 0.6573707203125 0.38204950000000004 0.6616223921875 0.36608732499999996 0.655249096875 0.343371621875 0.65781838125 0.3132190515625 0.6576216171875 0.3087790734375 0.6705883125 0.3037013140625 0.6726269484375 0.28633180468749997 0.6599484328124999 0.26875 0.6743708140625 0.26875 1