0 0.25359133749999996 0.2661141296875 0.24819698125 0.2741369 0.2482637625 0.28364945625 0.2616185140625 0.2955485390625 0.27365685 0.2887190328125 0.2735900703125 0.2792064796875 0.26166141718749997 0.2679028296875 0.25359133749999996 0.2661141296875
0 0.0188388 0.179164028125 0.0124714546875 0.1836189921875 0.0094427984375 0.191048725 0.009232939062499999 0.1949130515625 0.012605020312500001 0.20264410000000002 0.033409787499999996 0.19552287031249999 0.0328565109375 0.1842264125 0.030910528124999996 0.1770907984375 0.0188388 0.179164028125
0 0.32945105468749997 0.3033203453125 0.3473702421875 0.29025197343750003 0.3437215234375 0.2768726953125 0.33352899687500004 0.2765689859375 0.325039203125 0.2825089375 0.3241663828125 0.29320996093749996 0.32945105468749997 0.3033203453125
0 0.431066303125 0.295952946875 0.4358310859375 0.299523153125 0.44317142187499997 0.2986359953125 0.452600815625 0.291507575 0.4539935203125 0.28734672968749997 0.44919534375000003 0.2790202484375 0.44512691562500006 0.273369621875 0.43423803593750004 0.2751463328125 0.42526174687499996 0.27930238281249997 0.4274509765625 0.287329946875 0.431066303125 0.295952946875
0 0.522560459375 0.1634301671875 0.512401321875 0.167882734375 0.5134077046875001 0.17620681875 0.5253029671875 0.1827541921875 0.5388007921875 0.1812763953125 0.539463753125 0.174439696875 0.5303872921874999 0.164326915625 0.522560459375 0.1634301671875
1 0.6890625 0 0.0444807546875 0 0.044598984375 0.000226190625 0.06216524062499999 0.004399021875 0.054925076562499994 0.0195550078125 0.0618790890625 0.0311527796875 0.0808714390625 0.0359210453125 0.08960448125 0.030873043750000002 0.0974647046875 0.0365260671875 0.1049052125 0.0499077421875 0.0918938859375 0.053169440624999995 0.1000307453125 0.06447069375 0.11429170625 0.0704250296875 0.109803559375 0.0725030546875 0.0889987890625 0.07962428437499999 0.085517028125 0.090026390625 0.090348590625 0.10310915000000001 0.1022104640625 0.1049002453125 0.1225621296875 0.100751390625 0.1268404171875 0.1025376921875 0.1335511828125 0.11324350937500001 0.137896253125 0.1245423671875 0.15552928593749998 0.13822775 0.18179519375 0.1325963046875 0.192994103125 0.14122410000000002 0.22180216874999997 0.126379015625 0.2342936109375 0.11657713750000001 0.24003138750000003 0.123715146875 0.25571844062500004 0.13026491874999999 0.27655660000000004 0.12789996718750002 0.2849033171875 0.13533689375 0.29252029375 0.14009796562500001 0.3036524203125 0.1392132078125 0.3202790765625 0.1445745078125 0.341360484375 0.1431015078125 0.35346560312499997 0.1457845546875 0.3814676328125 0.15115305 0.3976411828125 0.159486725 0.41562715156249996 0.15593090625 0.4260963203125 0.16188284375 0.4414733421875 0.1580281109375 0.45966916874999997 0.150607965625 0.4783848796875 0.1497280015625 0.5008589953125 0.14409415781249998 0.53043019375 0.1366812046875 0.541176 0.14828137187499998 0.5612844156250001 0.143240565625 0.5659490265625 0.1325419390625 0.5730461171875 0.13076283125 0.5782973953125 0.1361169390625 0.59071254375 0.1492044921875 0.6053598234375 0.142673903125 0.612633378125 0.13227419375 0.6189339406250001 0.118306675 0.6357036734375 0.11029109687500001 0.6381027593749999 0.1144543375 0.6573049656250001 0.1153582765625 0.6730254109375 0.12666432656249998 0.6545863390625 0.1331925171875 0.6485290218750001 0.1480519859375 0.6510282828125 0.1664840578125 0.6810525875 0.1560987328125 0.6890625 0.15239012031250002 0.6890625 0.11981943125000001 0.6778664890625 0.1073450953125 0.6890625 0.10188117968749999 0.6890625 0
0 0.6890625 0.16758594531249998 0.691360275 0.1662823875 0.7025982843749999 0.16022526875 0.7118822140625001 0.1627578984375 0.7232986015625 0.15341610156250002 0.73631230625 0.14205390625 0.7507449562499999 0.1319559890625 0.7549450171875 0.12766315156250002 0.7256378171875 0.142299834375 0.7185714875 0.14002128125 0.699675253125 0.14556820625 0.693877871875 0.1518814421875 0.6942913921875 0.1533977609375 0.6890625 0.16082169531249998 0.6890625 0.16758594531249998
0 0.8150838046875 0.1433670953125 0.81966900625 0.1365477390625 0.8141716156250001 0.1282059515625 0.8073120484375 0.1266855578125 0.7932645390624999 0.13425695937499998 0.79592404375 0.14007019062499998 0.798405171875 0.1491680984375 0.8036390359375 0.1486660546875 0.8150838046875 0.1433670953125
0 0.9747105749999999 0.09849168281250001 0.9877810468749999 0.09521515781249999 0.988936465625 0.08763560468750001 0.98949998125 0.08182441093750001 0.98583505625 0.0762632203125 0.975367325 0.07726730625 0.9659333999999999 0.0820621859375 0.9637441796875 0.08585094374999999 0.9629739 0.09090397812499999 0.9662253062499999 0.0949488515625 0.9678510078125001 0.0969712890625 0.9783471203125 0.10001003906249999 0.9747105749999999 0.09849168281250001
0 0.887891584375 0.012526915625000001 0.886322646875 0.01859015 0.8916132749999999 0.026173778125 0.900098546875 0.0297166078125 0.9073432515625001 0.028710485937500002 0.909532471875 0.024921728125 0.912285209375 0.0153217765625 0.9063743000000001 0.005463671875 0.8999282515625 0.0054595953125 0.887891584375 0.012526915625000001
0 0.08686682968750001 0.9713237578125 0.079140171875 0.9846958421875 0.094827225 0.9912456125 0.10074146718749999 0.9897630218749999 0.10992760937499998 0.9817426499999999 0.10346009375000001 0.9719287812499999 0.08686682968750001 0.9713237578125
0 0.08927542968749999 0.9430850124999999 0.0880258 0.9338689765625 0.074074871875 0.9383191437499999 0.0665580671875 0.9478269046874999 0.056222465624999995 0.9609000734375 0.046339965625 0.9710008671875 0.039343053125 0.98704880625 0.0556596765625 0.9820056000000001 0.0638728296875 0.9704174203125 0.08273161875 0.9561605765625 0.08927542968749999 0.9430850124999999
0 0.015514281250000001 0.8672355453125 0.023584359375 0.86902424375 0.0356226984375 0.8621947390625 0.02797233125 0.8526773890625 0.0213283484375 0.8514841234375 0.008770123437500001 0.8517734484374999 0.004315371875 0.8586077515625 0.015514281250000001 0.8672355453125
1 0.6890625 0.46875 0.20189448125 0.46875 0.1836167234375 0.4734644 0.17272784218749998 0.4752411125 0.1711252796875 0.48326628125 0.1524429609375 0.48890252187499994 0.150177434375 0.5037643890625 0.135773403125 0.5111869312499999 0.129959334375 0.526938353125 0.11715786406249999 0.526335725 0.10755200312499999 0.5420847484375 0.097459646875 0.55604986875 0.09018609375 0.56644958125 0.07870103125 0.5845755421875001 0.0698249171875 0.603000421875 0.05833985625 0.6211263859375 0.048943854687499996 0.6330110828125 0.0459819796875 0.6499533718749999 0.0358562328125 0.659162215625 0.048757876562500004 0.674033671875 0.046492353125000004 0.6888955390625 0.043287228125 0.7049458765625 0.0440837546875 0.7171342859375001 0.032431740625 0.711478865625 0.0132963140625 0.7200874796875001 0 0.732919540625 0 0.735407759375 0.01600543125 0.7346552265625 0.0228926625 0.7367404421874999 0.033151971875000005 0.74655670625 0.02229648125 0.7530896953124999 0.0200309578125 0.7679515609375 0.0321694703125 0.7753908859375 0.027295001562499997 0.7899538375 0.0174125015625 0.8000546328125001 0.0264889671875 0.810167415625 0.041412884375 0.8092850531250001 0.04899646875 0.8092898484375001 0.05191544218750001 0.8199932703125 0.043215790625 0.829797546875 0.051076015625000006 0.8354505718749999 0.04829060625 0.84377225625 0.052878921875 0.8559630640625 0.0671398796875 0.8619174000000001 0.0733975421875 0.87559559375 0.0855360515625 0.8830349187500002 0.084663234375 0.8937359421875 0.096072 0.8984994125 0.09923421875 0.9100947843749999 0.11513113125 0.9127802296875 0.119509590625 0.9288353624999999 0.12054936249999999 0.9419157234375 0.13446690156250002 0.9327092765625 0.1425703734375 0.9392542531250001 0.1443064984375 0.9502541921875001 0.1509504828125 0.95144745625 0.16517805000000002 0.9526455171875 0.1586008484375 0.96096480625 0.1487183484375 0.9710656015625 0.1518471796875 0.977904696875 0.159497546875 0.987422046875 0.16972346562500001 0.9924820328124999 0.17845650625 0.9874340343749999 0.1885822515625 0.978225190625 0.20437899062499998 0.9666418046875 0.2228514546875 0.9648698906250001 0.22862261875 0.9767641781249999 0.2442428921875 0.97380139375 0.254258953125 0.9827257078125001 0.2538726296875 0.9952106359374999 0.26597775 0.9978936812499999 0.266552171875 1 0.5865439718750001 1 0.619973715625 0.9891995359374999 0.6253012874999999 0.9716642109375 0.65386610625 0.9559271734374999 0.6650316265625 0.95979869375 0.6816248890625001 0.9604037171875 0.6890625 0.9561045203125002 0.6890625 0.46875
0 0.8088382265625 0.9290116515625 0.7977785953125001 0.9317840953125 0.7926014968749999 0.9403718093750001 0.7914176953125 0.9439085265625 0.7922731203125 0.950983996875 0.8075895765624999 0.9520043859375 0.816788359375 0.9424085109375 0.8138937109375 0.931794284375 0.8088382265625 0.9290116515625
0 0.705940584375 0.819537840625 0.7073879078124999 0.8248449546875 0.7132704375000001 0.8306602234374999 0.7325518109375 0.8225867812500001 0.740745175 0.8132429468750001 0.7306342015625 0.807677678125 0.7187759125000001 0.8114603218750001 0.705940584375 0.819537840625
0 0.939725440625 0.9796296296874999 0.9344064296875001 0.968003165625 0.92068729375 0.964962378125 0.9062546453125 0.9750602953125 0.906960075 0.9894632796875001 0.9124290828125 0.9937622312500001 0.9303198968749999 0.9884673453125 0.939725440625 0.9796296296874999
1 1 0.46875 0.8283225546875 0.46875 0.8206191125 0.483803828125 0.7978511890625001 0.48303140468750005 0.7907767765625 0.5082945390625 0.7848861625 0.5300209578125 0.7755373828125001 0.5469443468749999 0.7628155828125001 0.57119320625 0.7530532828125 0.586600275 0.7554127953124999 0.6070685296875 0.7464207734375 0.6174225640625 0.75149655625 0.6517897234375 0.73848285 0.66315191875 0.7430315843749999 0.679831415625 0.6890625 0.6875932734375001 0.6890625 0.7048827734375 0.719813671875 0.7010415265625 0.7198704375 0.7091271984375 0.71708931875 0.7146843140625 0.7429302671875 0.7227862875 0.7443127421875 0.74754941875 0.749510140625 0.770546228125 0.76520365 0.796581790625 0.776048434375 0.820592875 0.7796485109375 0.8456100843750001 0.78996624375 0.8519335109374999 0.8053962296874999 0.8691252421875 0.7444912921875 0.945142234375 0.8304385203125 0.878237415625 0.8182518546875001 0.892632246875 0.8373548484375 0.8878434796875 0.8449482281249999 0.9078096921875 0.8534051171874999 0.9073096875000001 0.8657620734375 0.9171718671875 0.8430792984375 0.92852795 0.862530965625 0.9447115187499999 0.9004734328125 0.92629015625 0.9173588265625 0.9212473093749999 0.915818271875 0.9313533796875 0.9346496562500001 0.945262471875 0.9618163171875 0.97004190625 0.99519388125 0.9900244218750001 1 0.9909839343750001 1 0.46875
0 0.9925435828125 1 0.9907870593749999 0.9935590999999999 0.97709630625 0.9945611484375 0.9758590250000001 1 0.9925435828125 1
0 0.9712314937500001 1 0.9750570828124999 0.9910223953124999 0.96876103125 0.9836908046874999 0.9572311171875001 0.9768612609375001 0.9388051671875001 0.9920101765624999 0.9350103234375 1 0.9712314937500001 1