0 0.5390625 0.0535683796875 0.5244585234375 0.049859671875 0.5148643015625 0.053766517187499994 0.5122372078125 0.0631429453125 0.5179817140625 0.0717380046875 0.5313753 0.0740821109375 0.5390625 0.0672415515625 0.5390625 0.0535683796875
0 0.5103956828125 0.34521715625 0.4905301796875 0.34677989375 0.475055059375 0.34443578750000003 0.46953297968749996 0.3499053703125 0.49197522656250003 0.3577190609375 0.49509752812499996 0.3577190609375 0.5085820390625 0.3585004296875 0.51794894375 0.3585004296875 0.5284020796875 0.3577190609375 0.5165948234375 0.345998525 0.5103956828125 0.34521715625
0 0.37435583281249996 0.0717380046875 0.37023822812499996 0.07095663437500001 0.3655750625 0.0795516953125 0.36299342968750004 0.088146753125 0.368919790625 0.09361633750000001 0.376250625 0.09283496875 0.3836269234375 0.091272228125 0.3862540171875 0.08189580156250001 0.3825001171875 0.07486348125 0.37435583281249996 0.0717380046875
0 0.37043620625 0.1748787140625 0.37269959531249996 0.1717532375 0.376999053125 0.1694091296875 0.39460117031249997 0.17097186874999998 0.3956419375 0.17097186874999998 0.4003051046875 0.1623768078125 0.40075973749999994 0.15456311875 0.40243699218750006 0.143623953125 0.37827202656250003 0.1475307984375 0.3716637171875 0.15378175 0.3650554078125 0.1600327015625 0.35215702968749996 0.16706502343750002 0.3425628078125 0.17097186874999998 0.3393950421875 0.1717532375 0.3389404078125 0.179566928125 0.338576703125 0.185817878125 0.344684915625 0.1881619875 0.35726505 0.1865992484375 0.3660003578125 0.1795669265625 0.37043620625 0.1748787140625
0 0.32015770312499997 0.35928179843749997 0.3125540875 0.36475138125 0.3116448203125 0.3803787609375 0.3144943421875 0.385066975 0.3279788546875 0.38584834375 0.33861384375000003 0.38194149843749997 0.3452676171875 0.374909178125 0.33775981875 0.3608445375 0.3274430734375 0.3592818 0.32015770312499997 0.35928179843749997
1 0 0 0 0.5296875 0.160763596875 0.5296875 0.169112059375 0.5257130875 0.18917333593750002 0.5054608234375 0.20368238125000002 0.4879088625 0.2218274515625 0.469681825 0.2205397015625 0.46090584375 0.22160022656249997 0.44267880625 0.23555936718749998 0.43457790156250004 0.241582946875 0.42377669375 0.259413784375 0.410950259375 0.26199773125000003 0.3974487515625 0.27251724374999997 0.3866475421875 0.2695882375 0.37517126093750003 0.27514469375 0.35694422187499997 0.28112899375 0.346818090625 0.275674115625 0.33676415 0.2854956546875 0.328950459375 0.28712744375 0.3187926625 0.276901625 0.3156671859375 0.289032015625 0.3039466515625 0.2875415046875 0.2937888546875 0.29446805781249996 0.2820683203125 0.3174104015625 0.2812869515625 0.325559575 0.2664409390625 0.3145203046875 0.25940861875 0.28990559843749997 0.2531576671875 0.27646655 0.251594928125 0.27678479375 0.2461253453125 0.2819886296875 0.2461253453125 0.2981456984375 0.2367489171875 0.29887311250000004 0.2242470125 0.2844842234375 0.22112153750000002 0.2836707734375 0.21721469375 0.2699183734375 0.20315005 0.2747633921875 0.1914295140625 0.2834532359375 0.1851785625 0.280694640625 0.1789276109375 0.26381504843750003 0.18283445625 0.25797961406250003 0.175802134375 0.26861460312499996 0.171895290625 0.282144578125 0.171895290625 0.29802886875 0.1672070765625 0.2865398546875 0.1500169578125 0.27554604843749997 0.1422032671875 0.246945234375 0.1507983265625 0.252467315625 0.14532874375 0.24889526874999998 0.135170946875 0.2319247484375 0.14064052968750002 0.20572860468749998 0.12579451875 0.2051424703125 0.11798082812499999 0.219895065625 0.11485535312499999 0.2204860890625 0.10469755624999999 0.201029753125 0.099227971875 0.179082715625 0.1007907109375 0.1442876515625 0.0906329125 0.133384771875 0.0812564859375 0.1183188234375 0.07188005625 0.0951085921875 0.059378153125 0.07737008281249999 0.060159521875 0.076920340625 0.050001725 0.062622378125 0.0453135109375 0.0457022125 0.0320302390625 0.051633462500000005 0.019528334375 0.0395988875 0.01171464375 0.018965396875000002 0.0085891671875 0.0081952984375 0 0 0
0 0.28980662968750004 0.3522186953125 0.287458353125 0.3616697515625 0.30446433906250003 0.3630199015625 0.31220773125 0.353568846875 0.30998151875 0.34546794062499997 0.305524865625 0.3447928640625 0.2992305609375 0.344792865625 0.28980662968750004 0.3522186953125
0 0.24731045156250003 0.49533469218750004 0.2407762484375 0.5149118796875001 0.2415576 0.5169371078125 0.25868142031249997 0.5162620312499999 0.27510245 0.512211578125 0.27854630468749997 0.49938514375 0.276944325 0.49600976875 0.27096425 0.4906091640625 0.24731045156250003 0.49533469218750004
0 0.2941805015625 0.36977065625 0.2899552953125 0.380571865625 0.29710950937499997 0.3812469390625 0.30879893125 0.3812469390625 0.3115750484375 0.3798967890625 0.31036585781250003 0.36977065625 0.3065376625 0.35829437343750004 0.2941805015625 0.36977065625
0 0.24531613437500002 0.0659867 0.23628499062500002 0.066661775 0.2277953 0.0889392671875 0.23678716562500002 0.088939265625 0.247773796875 0.0855638890625 0.24941927968750002 0.07273745468750001 0.24531613437500002 0.0659867
0 0.9536314656249999 0.381895325 0.9591535453125001 0.3764257421875 0.9638167109375001 0.367830684375 0.9516912109375 0.36157973125 0.9359887734375001 0.36314246875 0.9333162171874999 0.373300265625 0.9411422578125 0.381895325 0.9536314656249999 0.381895325
0 0.59099815 0.1928040265625 0.593847671875 0.19749224062499998 0.6052051859375001 0.199054978125 0.6179217078125 0.195148134375 0.621316790625 0.19045991874999998 0.6238529578125 0.1826462296875 0.6208215828125 0.181083490625 0.6085596921875001 0.177176646875 0.5976973875 0.1849903359375 0.59099815 0.1928040265625
0 0.8444726250000001 0.43346567968749994 0.8461449875 0.440498 0.8543347375 0.4428421078125 0.8669603359375 0.4404980015625 0.873841425 0.42955883593750005 0.8662427000000001 0.41705693125 0.8557895640625001 0.4178383 0.8481404859375001 0.4240892515625 0.8444726250000001 0.43346567968749994
0 0.6306690265625 0.24437437968750003 0.6450173421875001 0.23030973906250002 0.6643876390625 0.219370571875 0.667060196875 0.209212775 0.651266834375 0.2123382515625 0.6382320671875 0.22171467968749997 0.6167347734375 0.2334352140625 0.617184515625 0.24359301093750002 0.6306690265625 0.24437437968750003
1 0.5390625 0.5296875 0.8562004296874999 0.5296875 0.848974953125 0.5170721640625 0.8490707671875001 0.4975379390625 0.8357226484375 0.4944124625 0.9007146296874999 0.45065579843750003 0.8280329953125 0.483473296875 0.8372229390625 0.468627284375 0.831928175 0.47019002343749994 0.816362128125 0.469408653125 0.816998615625 0.45846948750000005 0.8119766343749999 0.4553440109375 0.8128404375 0.440498 0.820130696875 0.42252651406249997 0.8061509796875 0.4123687171875 0.786467328125 0.4108059796875 0.7756504843750001 0.4178383 0.760038975 0.4178383 0.7469636359375 0.410024609375 0.7312660890625 0.393615859375 0.7314982953125 0.371737528125 0.741638078125 0.35845425625 0.753182334375 0.3389200296875 0.7683895625 0.32798086406250004 0.770339596875 0.312353484375 0.7811207546875 0.2701595578125 0.747397253125 0.3131348515625 0.7313311109375 0.32094854375000004 0.7129610078125 0.31469759062499997 0.704362090625 0.3193858046875 0.7120062765624999 0.331106340625 0.726349703125 0.335013184375 0.7301490640624999 0.3412641375 0.7131785453124999 0.3467337203125 0.6910545421875 0.33345044687500003 0.663681240625 0.32094854375000004 0.63897560625 0.316260328125 0.6141790453125 0.3131348515625 0.5998356203124999 0.3092280078125 0.584901171875 0.3154789609375 0.585264878125 0.3092280078125 0.60703984375 0.27484777031249996 0.5788027390625 0.27719187968750003 0.5631912296875 0.27719187968750003 0.56391864375 0.264689975 0.5403447031249999 0.25843902343749997 0.5390625 0.25998509375 0.5390625 0.5296875
0 0.7811872359375001 0.3584542546875 0.7710978046875001 0.352984671875 0.7606901328125 0.3529846734375 0.7527682765625 0.36392383906250003 0.7483324265625 0.3686120515625 0.7520408609375 0.37642574375 0.769642978125 0.3779884796875 0.7804143578125 0.371737528125 0.7811872359375001 0.3584542546875
0 0.0564892140625 0.642009328125 0.06400190156249999 0.6381024828124999 0.06577008437500001 0.625600578125 0.056903274999999996 0.61700551875 0.052108609375 0.6099731984375 0.0417464 0.6091918296875 0.038214928125 0.6162241515625 0.038073646875 0.6365397453125 0.0428228515625 0.6443534359375 0.0564892140625 0.642009328125
0 0.058991156249999996 0.7599960484375 0.0565004515625 0.7670283703124999 0.06351304218750001 0.7717165828125 0.0783565640625 0.7670283687499999 0.0902596375 0.759214678125 0.10012663749999999 0.7506196203125001 0.10936204375 0.734992240625 0.1192290453125 0.72639718125 0.0893146859375 0.739680453125 0.0708942296875 0.7521823578125 0.058991156249999996 0.7599960484375
0 0.0991474609375 0.8568858046875001 0.0875171671875 0.8600112796874999 0.0860217671875 0.867824971875 0.0907255078125 0.8764200296875 0.10113317968749999 0.8764200296875 0.11172270468750001 0.8732945531249999 0.11502685937499998 0.8701690781250001 0.1173357125 0.8662622328125 0.11769941718750002 0.86001128125 0.1085143671875 0.8568858046875001 0.0991474609375 0.8568858046875001
0 0.1523483109375 0.9084561593749999 0.1487259140625 0.9170512171875 0.1502164234375 0.927209015625 0.158406171875 0.9295531218749999 0.1648780921875 0.9256462781250001 0.17035471093750001 0.9209580625000001 0.1716227921875 0.91705121875 0.171895571875 0.9123630046875 0.1733455109375 0.9053306828125001 0.15877476875000002 0.9053306828125001 0.1523483109375 0.9084561593749999
0 0.1976224171875 0.9889371671875 0.2093436359375 0.9842489531249999 0.21160702343749999 0.9811234765624999 0.209980121875 0.9733097859375001 0.2091212078125 0.9701843109375 0.193373309375 0.97252841875 0.1857242328125 0.9787793703125001 0.18640129218749998 0.985030321875 0.1976224171875 0.9889371671875
0 0.3566114734375 0.9037679453124999 0.348512653125 0.8998611000000001 0.33579612812500004 0.9037679453124999 0.3323555828125 0.909237528125 0.32968302656250004 0.919395325 0.338913540625 0.9217394328124999 0.3534842828125 0.9217394328124999 0.35801105781250003 0.9154884796874999 0.3566114734375 0.9037679453124999
0 0.4291875125 0.9264276468749999 0.4111307609375 0.9326786 0.4360182484375 0.9342413374999999 0.445339690625 0.9350227062500001 0.45710637500000006 0.9295531218749999 0.4638056125 0.9217394328124999 0.4839438953125 0.91548848125 0.4874753671875 0.9084561593749999 0.4578337875 0.91705121875 0.4382865265625 0.9131443734375001 0.43914544062500005 0.9162698499999999 0.4291875125 0.9264276468749999
0 0.97760864375 0.6256162875 0.9852122578125 0.6201467046875 0.9825900515625001 0.611551646875 0.9638107781249999 0.612333015625 0.9580613828125 0.6217094421875 0.9551615078125 0.635774084375 0.969914103125 0.632648609375 0.97760864375 0.6256162875
0 0.9471956453124999 0.8084566359375 0.9682837687500001 0.8037684203125 0.9748011515624999 0.7990802078125 0.97724639375 0.7928292546875 0.9715473484375 0.7834528265625 0.9560722312500001 0.78110871875 0.9466143984375 0.7826714593749999 0.9439418421875001 0.7928292546875 0.9471956453124999 0.8084566359375
0 1 0.93751765 0.9990179265624999 0.9373825218749999 0.99182348125 0.935819784375 0.9859376953125001 0.94754031875 0.9914094234374999 0.9608235921875 0.9985129390624999 0.9639490687500001 1 0.96329631875 1 0.93751765
0 0.8133864109375001 0.8186144328125 0.8168724203125001 0.81236348125 0.81963590625 0.8006429453124999 0.800993021875 0.79908020625 0.7908532390625 0.8123634796874999 0.7944707484375 0.8217399078125001 0.8059191890624999 0.8217399078125001 0.8133864109375001 0.8186144328125
0 0.874822475 0.871747525 0.8798948093749999 0.8561201453124999 0.8769998234375 0.8522133000000001 0.8550527859375 0.8537760375 0.8503441578125 0.8631524671874999 0.8538252749999999 0.8748730015625 0.862015025 0.8772171078125 0.874822475 0.871747525
0 0.8501119484374999 0.8850307984375 0.8486669015625001 0.87409163125 0.8459537718749999 0.8670593109375 0.8311557125 0.87096615625 0.8212432484375001 0.880342584375 0.82707868125 0.8873749046875 0.8424628734375 0.8912817499999999 0.8501119484374999 0.8850307984375
0 0.5599427312499999 0.6310858703125 0.55080314375 0.627179025 0.5435632359375 0.6263976578125 0.5398953734374999 0.635774084375 0.5393952750000001 0.6443691453125 0.547403171875 0.6498387265625001 0.5588061484375 0.6506200953125 0.5633783859375 0.643587775 0.5599427312499999 0.6310858703125
0 0.6984068062500001 0.809238003125 0.7023019859375 0.7959547312499999 0.695380321875 0.789703778125 0.6755148171875 0.7912665171875 0.6687246515625 0.8006429453124999 0.67727321875 0.8147075875 0.685508428125 0.8162703265625 0.6984068062500001 0.809238003125