0 0.10663966250000001 0.3901001515625 0.1033558265625 0.380315403125 0.095391309375 0.375702753125 0.0808505453125 0.37858027656250004 0.0775416 0.38704307187500003 0.0795700953125 0.3922907375 0.090028759375 0.397165428125 0.10261575625 0.39722922031249996 0.10663966250000001 0.3901001515625
0 0.1110042890625 0.40629161406250003 0.1076040484375 0.397753296875 0.0953080578125 0.3945734953125 0.0815404203125 0.3981616 0.0797195921875 0.40866865937499997 0.08739310156249999 0.4163973171875 0.0991487390625 0.4163737671875 0.1110042890625 0.40629161406250003
0 0.30797348125 0.39174374218749997 0.288619128125 0.39222762499999997 0.28762969374999997 0.40282203125000005 0.2941225625 0.4142025875 0.3059529359375 0.42236797031249995 0.3147904875 0.417632596875 0.3219071171875 0.4133457296875 0.317966525 0.40160406093749995 0.30797348125 0.39174374218749997
0 0.408143378125 0.459375 0.4085686953125 0.4583711265625 0.40239981875 0.44508712812500006 0.3943188953125 0.44172086093749996 0.3820229375 0.43854106406250004 0.374498896875 0.4471903234375 0.3811665 0.45670126875 0.3844942234375 0.459375 0.408143378125 0.459375
0 0.38921426718749996 0.4424431765625 0.3957905421875 0.43495300312499996 0.39293065625 0.429617990625 0.3844258203125 0.42180199218750003 0.3754718640625 0.427783746875 0.375064446875 0.4321461875 0.3792959828125 0.4407718421875 0.3808423296875 0.44219296406249997 0.38921426718749996 0.4424431765625
0 0.409599790625 0.4219295265625 0.40757125937499994 0.41668190312500003 0.40026349687499996 0.4140261734375 0.39529179999999997 0.4223142796875 0.394651578125 0.4291694875 0.3949009171875 0.4354888453125 0.400720565625 0.43610026562500004 0.40861035 0.43252398124999997 0.409599790625 0.4219295265625
1 0.5 0 0 0 0 0.3096831640625 0.0112562171875 0.318406075 0.028074831249999998 0.32709553125 0.048393546875 0.3342647421875 0.06169551875 0.3356622640625 0.0751886265625 0.3440023859375 0.083851575 0.341136590625 0.0967295859375 0.338084375 0.10689722187499999 0.3460750703125 0.098658221875 0.3533906015625 0.09554043125 0.36879595 0.1136560265625 0.372587115625 0.119841403125 0.3782715109375 0.11629963437499999 0.3892271203125 0.13170486718750002 0.404061246875 0.1355958328125 0.38936643437499996 0.14839911249999999 0.37812523750000004 0.1679446375 0.3845839109375 0.1867752015625 0.3897088546875 0.212531221875 0.383604425 0.2213522453125 0.370056878125 0.23714834687500003 0.3717164359375 0.23990836093749998 0.387110009375 0.2526282953125 0.3947395453125 0.2766051671875 0.389706759375 0.28235005 0.382129240625 0.321058884375 0.381161490625 0.3309605390625 0.3740206875 0.354455259375 0.3651613609375 0.3629601609375 0.372977365625 0.3793548140625 0.377217084375 0.3864879421875 0.3817423875 0.40659898281249995 0.3731569203125 0.4217382703125 0.37285950625000003 0.443046421875 0.369434309375 0.4529316078125 0.3534813390625 0.47374107812500005 0.337417425 0.4844159546875 0.3309871640625 0.4997881140625 0.328196940625 0.5 0.328107796875 0.5 0
0 0.5 0.41543733281249995 0.513607575 0.41755695781249996 0.5255448171875 0.41330553124999997 0.5206206515625 0.3986310171875 0.5167559546875 0.3950789484375 0.5049641890625 0.397772640625 0.5024499203125 0.40222754531250005 0.5019407390625 0.4076796171875 0.5 0.41144646093750004 0.5 0.41543733281249995
0 0.6158034046875 0.459375 0.617394675 0.45205625156250007 0.6075874484375 0.4447338140625 0.5906011125 0.44688175625 0.5898009703125 0.4554493 0.588837515625 0.459375 0.6158034046875 0.459375
0 0.629010934375 0.395074953125 0.63923405 0.38671089062499997 0.643296415625 0.3769130625 0.6411980328125 0.3656814671875 0.6297699703124999 0.364480821875 0.6150069421875 0.365289328125 0.6087212671875 0.37642659375 0.6060093296875 0.3942313953125 0.61811260625 0.39943552968749996 0.619151521875 0.3995446796875 0.629010934375 0.395074953125
0 0.7406428890625 0.379275309375 0.7459829421874999 0.3782633234375 0.74968160625 0.37235983125 0.7506999703125 0.3614556859375 0.7364461234374999 0.3568121203125 0.7173092171875 0.35952063125 0.719698559375 0.36763675625 0.7202282953125 0.373197978125 0.7291420859375 0.3788535296875 0.7406428890625 0.379275309375
1 1 0 0.5 0 0.5 0.229984853125 0.5100165062500001 0.24257452499999999 0.54002010625 0.2583108953125 0.576932409375 0.278705653125 0.570117 0.28428169531249997 0.5824068609374999 0.3099546828125 0.5812430187500001 0.32241656406249997 0.5942397296874999 0.32928758281250003 0.613210603125 0.3171235125 0.6376148234375 0.3141818828125 0.62796255 0.3501337578125 0.6392451296875 0.3528921390625 0.6493544 0.3232803546875 0.6700394015625 0.3152289203125 0.681467465625 0.31642956718750004 0.7004067015625 0.327070953125 0.704489621875 0.3282864203125 0.7207485578125 0.333927153125 0.7397605359374999 0.3437896734375 0.75304820625 0.3475452203125 0.7773796875000001 0.3453824578125 0.792506415625 0.340679615625 0.7963711124999999 0.344231684375 0.7934931421875 0.35258092812499997 0.8007860984375 0.3643582703125 0.8176996953125 0.3629891953125 0.825772240625 0.3551857 0.8388938781249999 0.3494856890625 0.8499582390625001 0.35458067187500003 0.855080071875 0.355905290625 0.8691156984375 0.3628854578125 0.8717960015624999 0.36788611250000003 0.8665492421875 0.379132525 0.86263235625 0.38737261875 0.865167178125 0.3939310078125 0.8712551859375001 0.3961436421875 0.8936543171875 0.3922048453125 0.9096744796875 0.3891688859375 0.9150350859374999 0.39917019374999996 0.922307490625 0.399934240625 0.9257879359375 0.396367353125 0.9403643765624998 0.375089990625 0.93565843125 0.3580788765625 0.9155347953125 0.3488860734375 0.9388273625 0.3466141625 0.9475956734375 0.35382745 0.955740959375 0.3452450875 0.9728727750000001 0.341539409375 0.987272103125 0.3446252421875 0.9972564437500001 0.3275844859375 1 0.3242289546875 1 0
0 0 0.7310504734375 0.0111063640625 0.7317520171874999 0.017173820312499997 0.7229513562500001 0.020560971875 0.7091500390625 0.0057252046875 0.7107374140625 0 0.715248321875 0 0.7310504734375
0 0.006674049999999999 0.5433105390625 0.0040142984375 0.549323178125 0.009374904687500001 0.5593244875 0.02474040625 0.563298334375 0.0342361203125 0.562722946875 0.037259570312500004 0.5528159703125001 0.0345587140625 0.5368020203125 0.013343978125 0.5392922312499999 0.006674049999999999 0.5433105390625
0 0.1616178265625 0.5580161078125 0.18017281093749998 0.5615385374999999 0.1907596265625 0.5492801375 0.18747685 0.5394971281250001 0.1760487875 0.5382964828125 0.16848542500000002 0.5406479046875 0.164786759375 0.54655139375 0.1616178265625 0.5580161078125
0 0.106161621875 0.5002801703124999 0.1281243109375 0.5010145796875001 0.1331528515625 0.49210476718749996 0.1300882953125 0.47998515468749997 0.121995196875 0.47677535625 0.10901903906249999 0.48091763125 0.103408578125 0.49605838281250003 0.106161621875 0.5002801703124999
0 0.1376722125 0.48864702812500005 0.15258071875 0.4862807875 0.1628038328125 0.47791672343749997 0.1572250046875 0.47025201718750004 0.1420049859375 0.46472043437500005 0.13415066250000002 0.4701873265625 0.135210128125 0.481309771875 0.1376722125 0.48864702812500005
0 0.43109833281250004 0.76171973125 0.435087959375 0.7527007687499999 0.4358881 0.744133228125 0.4280859625 0.73780795625 0.416730640625 0.7358284421875 0.41192032031250003 0.7424016531250001 0.4149121375 0.7553001312500001 0.42389866875 0.760176815625 0.43109833281250004 0.76171973125
0 0.411320275 1 0.412102071875 0.9988229046875 0.40925573593750003 0.9843666890625 0.3924876203125 0.9841780296875001 0.382555465625 0.9894266218750001 0.37351674687499997 0.9963421015625 0.3693153859375 1 0.411320275 1
0 0.28526923593750003 0.58201821875 0.305154096875 0.5825343265624999 0.312260465625 0.5738428140625 0.30421955624999997 0.558840853125 0.29605371875 0.55640991875 0.28293208124999997 0.56210993125 0.278578753125 0.5750232296875 0.28526923593750003 0.58201821875
0 0.5300392609375 0.631474490625 0.5246786546875 0.6214731828125 0.5159103421875 0.6142598953125 0.50805601875 0.6197267875 0.5039209109375 0.630303484375 0.510538653125 0.6380773390625001 0.5184862703124999 0.642844875 0.5300392609375 0.631474490625
0 0.618177759375 0.788598253125 0.6270709984375 0.7832405125 0.629128275 0.7724455156250001 0.629710196875 0.7662145765625 0.6194665296874999 0.7635653437500001 0.6047762421874999 0.7635949828124999 0.6005683953125 0.774950546875 0.6008071687500001 0.7836272390625 0.6057107828125 0.78728845625 0.618177759375 0.788598253125
0 0.519786771875 1 0.5281099375 0.9891337 0.535580009375 0.97654785 0.5445254359375 0.9593979453125 0.549533425 0.9394748390625001 0.5435908953124999 0.935704471875 0.5306874781250001 0.9390678796875 0.526459078125 0.9394101484374999 0.5227809671875 0.9563269359375 0.5211806828125 0.9734620203125001 0.511196340625 0.9905027750000001 0.505013209375 1 0.519786771875 1
0 0.5 0.77382281875 0.513465590625 0.7752375328125 0.5173097359375001 0.76777630625 0.52538228125 0.7599728109375 0.5220267625 0.7509686703125 0.5118558359375001 0.7475405703125 0.501175728125 0.7495645421875 0.5 0.75573385 0.5 0.77382281875
0 0.6513613734375 0.7590511609374999 0.639517421875 0.7735370140625 0.6260320828125 0.7831313609375 0.6210762828125 0.7912623062499999 0.6118604484375 0.8225409765624999 0.6344366953125 0.7942389875 0.651641253125 0.7897544421875 0.6603684578125 0.7749411390625001 0.656192246875 0.7634912453125 0.6513613734375 0.7590511609374999
0 0.9142178874999999 0.75284728125 0.9231316796875 0.758502834375 0.9328456124999999 0.75559084375 0.9462582109375 0.7467753625 0.9466013593749999 0.73186773125 0.944502978125 0.7206361359375 0.9352254859375 0.7188749203125 0.9272256796875 0.7258995484375 0.9162546125000001 0.731038990625 0.907963846875 0.7411790890625 0.9122855375000001 0.751071246875 0.9142178874999999 0.75284728125
0 0.8380039390625 0.70394164375 0.8306587953125 0.7039564640625 0.8248823015625 0.7096416546875 0.8228977625 0.7196577828125 0.8275104171875001 0.726434471875 0.8347100796875001 0.7279773875 0.8421279640625 0.7271837 0.8510939421874999 0.721047090625 0.8527147796874999 0.7149253 0.850470915625 0.7052514406249999 0.8380039390625 0.70394164375
1 1 0.459375 0.5 0.459375 0.5 0.5976686484375 0.5100721890625 0.5869052015625 0.5134277046875 0.59590934375 0.52086614375 0.6061289515625 0.52741114375 0.6146816734375 0.5428699375 0.62888995 0.564780440625 0.641416521875 0.57792263125 0.6467298046875001 0.596404878125 0.6510311015625 0.6219934921875 0.6466408875 0.618970040625 0.6565478640625 0.5995310921875 0.696190596875 0.644070028125 0.66862301875 0.67255716875 0.6668968546875 0.669990709375 0.683143921875 0.6671854796875 0.6907142984375 0.6715799109375 0.6998275890625 0.68353770625 0.7065894593750001 0.7041499703125 0.6993168921875 0.725655665625 0.6937112125 0.7396707390625 0.6896780843749999 0.7583712046875 0.6916427796875 0.7741731453125 0.6909434234375 0.7724068296875 0.6986229484375001 0.77858813125 0.7110700078125 0.8097350203125 0.7033312046875 0.8201241687499999 0.7044227015625 0.8321341515625 0.6993924093749999 0.8462219640624999 0.6945804140625 0.8592914140625 0.7006725640625 0.8740544437500001 0.6998640593750001 0.8790102421875 0.6917331156250001 0.8938665609375 0.7011590359375 0.9023961015624999 0.6996956296875 0.9091387703125001 0.69489845625 0.905928734375 0.6843365796875001 0.9106663140624999 0.6785422390625 0.91861393125 0.6833097734375 0.9290030781249999 0.684401271875 0.9359845203125001 0.6882807890625 0.9385398984375 0.705852471875 0.9512978343749999 0.7040467984375001 0.9595886015625 0.6939067015625 0.9744038140625001 0.6813060328125 0.9984443359374999 0.6822587406249999 1 0.6809290703124999 1 0.459375