0 0.55 0.3248894515625 0.539974296875 0.31944190625 0.5270171203125 0.31806714375 0.5273326359375 0.3267051875 0.54072754375 0.3374846453125 0.55 0.3410437734375 0.55 0.3248894515625
0 0.5485254421875 0.166660325 0.5434323609375 0.1613466109375 0.5307196125 0.1615051515625 0.517171325 0.169739959375 0.5216732984375 0.18466324218750002 0.5288240656250001 0.1895672078125 0.5340904890625 0.18930948593750002 0.5437678375 0.18342748125 0.5490853890625 0.17683167187499998 0.5485254421875 0.166660325
0 0.426013396875 0.1372691015625 0.44404369531250004 0.13051474999999998 0.4489235171875 0.11451424531250001 0.44505257656249997 0.1168670484375 0.42396691718749996 0.1044551078125 0.40429670624999997 0.10758107343750001 0.4006701953125 0.1114671796875 0.4037766828125 0.12429538281250001 0.418322646875 0.1356366171875 0.426013396875 0.1372691015625
0 0.40066774687500006 0.1913574921875 0.4034387578125 0.182104825 0.384237440625 0.174854571875 0.371055796875 0.185389334375 0.3698536140625 0.19116564375 0.38378850625 0.1986736203125 0.3934147265625 0.199129703125 0.40066774687500006 0.1913574921875
0 0.15290522812500001 0.40838430625 0.15682729374999999 0.399693415625 0.14984986875 0.3892180140625 0.1344172375 0.392291134375 0.1302507421875 0.39944872187499997 0.13159510000000002 0.40788188906249995 0.1435234359375 0.4094615265625 0.15290522812500001 0.40838430625
1 0 0 0 0.35359673125 0.0037966703125 0.365305559375 0.013269510937500001 0.3847759046875 0.029088746874999998 0.3974455671875 0.045010234375 0.39743905625 0.045632510937499995 0.3680485703125 0.0396839265625 0.35736829375 0.0298132765625 0.3553789078125 0.0171828203125 0.32941844531250003 0.0116008796875 0.3210381234375 0.02230706875 0.31495124531249996 0.0330332203125 0.3223071921875 0.044350482812499994 0.320053571875 0.0576231765625 0.330066375 0.068187190625 0.3097700171875 0.068064975 0.309003365625 0.094550478125 0.28870049375 0.07419810624999999 0.2808884625 0.1082521453125 0.2614514234375 0.1181539609375 0.2436598921875 0.1273424515625 0.23471128125 0.143803925 0.23143328749999997 0.14645271875000002 0.22141396875 0.15740333906249998 0.2168603921875 0.17131826875 0.2109255390625 0.1782046453125 0.20085337499999997 0.1930262046875 0.193946996875 0.20296794375 0.20304112187499998 0.2177895015625 0.19613474375 0.2495613890625 0.1890169765625 0.2539523515625 0.1699498671875 0.23911083125000002 0.1634134171875 0.228282428125 0.16873364531249999 0.23365110625000002 0.1557997484375 0.2522213875 0.145773915625 0.2756403265625 0.1395284953125 0.28453326093750003 0.13538466875 0.2944350765625 0.11759313906249999 0.27437825937500004 0.1049763234375 0.2577434453125 0.1138257546875 0.2747249421875 0.09383345 0.2690207859375 0.08468647812499999 0.27015188125 0.0718054265625 0.277527115625 0.06479986875 0.3001416796875 0.0468497984375 0.3040637453125 0.0381589078125 0.3006417421875 0.0166926625 0.2965064109375 0.0040693328125 0.2809515671875 0.0063758015625 0.27671398593749996 0.006428648437499999 0.2767658421875 0 0 0
0 0.7258534046875 0.2091685640625 0.7310687031249999 0.21524892968749998 0.7368239843750001 0.218057815625 0.7443214328125001 0.21181890781249998 0.7461346890625 0.2098758546875 0.747632428125 0.19929475937500002 0.7407260890625 0.1959240984375 0.737395134375 0.19500541875 0.7303154546874999 0.1972061921875 0.724997903125 0.203802003125 0.7258534046875 0.2091685640625
0 0.6325330921875001 0.2696739453125 0.6289065828125 0.27356005 0.626797771875 0.2803078875 0.630984228125 0.286593128125 0.638379425 0.2930303953125 0.647639003125 0.291186525 0.6551364515625 0.28494761875 0.65494315 0.2770762265625 0.653669878125 0.27574779843749997 0.6488212234375 0.2719673859375 0.6438503546875001 0.26742032187500003 0.6325330921875001 0.2696739453125
0 0.6362531 0.20644509375000003 0.62831791875 0.20327930468750002 0.6208715953125 0.203180125 0.610583175 0.205228871875 0.6067122359375 0.2075816734375 0.6027901703125 0.2162725640625 0.6041345296875 0.2247057328125 0.6081987703125 0.23022432187500003 0.6126807828125 0.23170477812499998 0.6267890140625 0.23364131718749998 0.63531530625 0.22719753437499998 0.6376685453125 0.2219830015625 0.6372308140625 0.21257830625000002 0.6367419562500001 0.2095116984375 0.6362531 0.20644509375000003
0 0.7537099796875 0.41875 0.743154278125 0.40426150156249996 0.74022113125 0.3858618609375 0.7282927984375 0.38428222343749996 0.7245440734375 0.3874016796875 0.7297793328125 0.406924871875 0.7335393078125 0.41875 0.7537099796875 0.41875
0 0.55 0.751394853125 0.5467247890625 0.750557284375 0.5308743875 0.7576685359375 0.542089396875 0.768091090625 0.55 0.7690833093749999 0.55 0.751394853125
0 0.44062308906250003 0.7242261515624999 0.44559395625000003 0.728773215625 0.4571556484375 0.728052896875 0.46749519531250006 0.7196660625 0.4674241078125 0.7125613234375 0.45694238593750003 0.706738678125 0.44278302500000005 0.7111402265625 0.4412142 0.7146165828125 0.44062308906250003 0.7242261515624999
0 0.482432659375 0.5869694515624999 0.5038450375 0.5747956921874999 0.49583876875 0.564525165625 0.4835437921875 0.5606455734375 0.4689666625 0.5690852546875 0.47043323593749997 0.5782850749999999 0.482432659375 0.5869694515624999
0 0.38171225625 0.8008181921874999 0.380367896875 0.7923850234375001 0.36280649375 0.7887631531249999 0.35168253437499997 0.798888165625 0.3541268234375 0.8142211984374998 0.36272420312500003 0.81488215625 0.3790634609375 0.810837509375 0.38171225625 0.8008181921874999
0 0.24551360937500002 0.9718994921874999 0.25555760156249996 0.9683174421875 0.2677303640625 0.9714303828125 0.2858828765625 0.9654426828125 0.26268840781249997 0.9597785796875 0.25196225625 0.9524226312499999 0.24174492343749998 0.96157611875 0.24551360937500002 0.9718994921874999
1 0 0.41875 0 0.946436034375 0.003564840625 0.9457261625000001 0.01066448125 0.9569682140625 0.030823553125000003 0.9569088546875001 0.0380765734375 0.94913664375 0.052969220312499996 0.9493350046875001 0.06548866406250001 0.9413050734375 0.060517796874999995 0.936758009375 0.077152609375 0.9279085796875 0.09816718125 0.93321578125 0.100571546875 0.921663159375 0.112204325 0.9280475796874998 0.11095101562500001 0.9401619796875 0.124081534375 0.9359653046874999 0.1513402453125 0.947147996875 0.1721615140625 0.94458380625 0.1715304796875 0.9273077203125 0.18617869843749998 0.9259727796874999 0.20410674218749997 0.93189460625 0.214079646875 0.9212078140625 0.20049143749999998 0.9025569671875001 0.1961116796875 0.8884003343749999 0.20985326875000002 0.8880369203124999 0.2218327296875 0.8832784671875 0.253482403125 0.8753940499999999 0.2830544328125 0.8544765546875001 0.3051290109375 0.8397979656250001 0.3224971109375 0.8355484437499999 0.313939653125 0.8617731421875 0.326774615625 0.8623812531249999 0.333121009375 0.8555805671875 0.3638840171875 0.8621105046875 0.38905387812500003 0.8934838609375 0.37664789062500004 0.8556138749999999 0.370872646875 0.8393621625 0.35549114375 0.83609719375 0.35316906875 0.8215308125 0.33443665 0.8039043375 0.3408142078125 0.7773227374999999 0.351011578125 0.754726425 0.36037341093749997 0.7402063765625 0.3758260015625 0.750576084375 0.38696992343750003 0.7538938984375 0.40772010468750003 0.74422496875 0.4141687515625 0.724748109375 0.40380924374999994 0.719692115625 0.40415592499999997 0.7085492437500001 0.411775590625 0.7030769875 0.403036034375 0.68820655 0.42422394687500004 0.6879423156250001 0.413915565625 0.6765482359374999 0.4326791515625 0.67439379375 0.46706866874999997 0.677037625 0.43672343125 0.66646955625 0.4339835859375 0.6559413078125 0.4323748390625 0.6325320078125 0.4345859015625 0.6131079953125 0.438243578125 0.5894409749999999 0.4335994296875 0.5603082109375 0.4317462515625 0.535365609375 0.42795760468750005 0.51159940625 0.43484398124999996 0.5015272421875 0.4525587640625 0.4861348484375 0.43463071875 0.48021302343750005 0.43152423281249996 0.46738481875 0.44406363750000005 0.4727977140625 0.46518046249999995 0.465428740625 0.46714709687499995 0.44447142343749996 0.438757290625 0.44616978124999995 0.421755834375 0.45271925625 0.411814096875 0.44362513124999997 0.387295228125 0.4429706875 0.38394431406249996 0.42860917968749995 0.383329434375 0.41875 0 0.41875
0 0.9889433953125 0.8730441328125 0.9905851453124999 0.8755089328124999 0.99733258125 0.8629984125 0.9960385468750002 0.8548809234375 0.9852050718750001 0.8495936109375 0.9736761749999999 0.8556116750000001 0.976899521875 0.8679978500000001 0.9889433953125 0.8730441328125
0 0.9849278109374999 0.902691571875 0.9947548140624999 0.901665284375 0.981824765625 0.8753922484375 0.9714827875000001 0.86535419375 0.95987025625 0.8630137375 0.95632268125 0.8720953437500001 0.9699481546875 0.887063 0.9849278109374999 0.902691571875
0 0.9441848703125 0.80378869375 0.93279975625 0.8107087 0.9493008625 0.8437152203124999 0.963190415625 0.8446716734375 0.9598232875000001 0.8313835562499999 0.9441848703125 0.80378869375
0 0.6491342546875 0.8644036609375 0.650715853125 0.8743250343749999 0.6661033703125 0.8768443453125 0.679561578125 0.87509496875 0.6890173828125 0.8639062765624999 0.6877233484375 0.855788790625 0.684008509375 0.8481533578124999 0.6755958421875 0.8423839890625 0.6597769765625 0.8371588484375 0.646402403125 0.8472667406250001 0.6491342546875 0.8644036609375
0 0.55 0.89246378125 0.551054996875 0.9071986765624999 0.558521340625 0.8991978718750001 0.5565083984375 0.8865706671875 0.55 0.8797803265624999 0.55 0.89246378125
1 1 0.41875 0.55 0.41875 0.55 0.7843529499999999 0.5609816890625 0.78145554375 0.5776632453125 0.7920923421875 0.58287605 0.80129063125 0.600600740625 0.794969365625 0.630884284375 0.80475873125 0.6404472046875 0.8177436484375 0.656182434375 0.8146102718750001 0.6756926546875001 0.8116557484375001 0.6937885421875001 0.8154968859375 0.7190030609375 0.8169899078124999 0.76225331875 0.82978064375 0.777473571875 0.8155829203125 0.823983840625 0.8174881624999999 0.81854361875 0.799029415625 0.8409059890625 0.7982986640625 0.8660368765625 0.7914331703124999 0.8907598999999999 0.7976769359375 0.9062310515625001 0.8085547625 0.9216787203125 0.8036175 0.93099074375 0.791526865625 0.9470736875 0.7827408 0.959729353125 0.768123190625 1 0.7883791515625 1 0.7652959953125 0.977430559375 0.745986834375 1 0.73508331875 1 0.41875