0 0.475712903125 0.030508734375000002 0.48651738906249997 0.032846909375 0.4910280453125 0.0296080875 0.4928207953125 0.01840490625 0.48112472031250003 0.011658821875 0.4739297265625 0.021692915625 0.475712903125 0.030508734375000002
0 0.48266348593749997 0.106828471875 0.474610465625 0.1272142875 0.48845881249999995 0.1354798796875 0.492883190625 0.14275979375 0.49881750468749997 0.1356141015625 0.49740341875 0.119501975 0.4918046359375 0.1045917265625 0.48266348593749997 0.106828471875
0 0.4580394859375 0.2058199609375 0.45234484999999997 0.221447446875 0.45441084375 0.23348569062500002 0.461682540625 0.2329518609375 0.4697691234375 0.22732567656249997 0.4709531046875 0.2149370125 0.4643333171875 0.21139695781249998 0.4580394859375 0.2058199609375
0 0.0495112078125 0.4335334203125 0.05921799062500001 0.437741525 0.0675011140625 0.4458565 0.067587390625 0.43533776562500004 0.06966295781250001 0.4273570109375 0.060771062499999993 0.4180565515625 0.051064279687500005 0.413848446875 0.038553317187500005 0.4121947171875 0.02531374375 0.40511460781249997 0.0208462265625 0.4030940625 0.015434409375 0.4219439734375 0.0362284953125 0.43171267812499997 0.0495112078125 0.4335334203125
0 0.27135313125 0.5142076999999999 0.281635121875 0.50484165625 0.28078667031250004 0.4951743796875 0.276199315625 0.48891293750000003 0.2681990078125 0.48402038750000004 0.265385253125 0.5065937609375 0.27135313125 0.5142076999999999
0 0.240636571875 0.5265277265625 0.23556028437499998 0.523321696875 0.2258535 0.5191135921875001 0.2199958890625 0.5357595484375001 0.2193008421875 0.5450927984375 0.2273011484375 0.54998535 0.233029346875 0.549117496875 0.240996090625 0.539250415625 0.240636571875 0.5265277265625
0 0.44340035 0.40707760468750004 0.440682446875 0.399113246875 0.434877546875 0.3904808359375 0.42996423593750005 0.38625633593750003 0.42224674531249995 0.384586209375 0.41797577031250005 0.39630682500000003 0.42032458124999994 0.4115674921875 0.43035731874999994 0.4137386546875 0.43900953437499995 0.414557321875 0.44340035 0.40707760468750004
0 0.3717283796875 0.435824334375 0.36855510625 0.44567501875 0.3694035578125 0.45534229374999996 0.37569739062499996 0.46091929218749994 0.38471869999999997 0.45444164843749996 0.39191369531250003 0.44440755468750004 0.397522053125 0.4392988046875 0.3853370453125 0.43560813437499996 0.377456578125 0.43495647968749995 0.3717283796875 0.435824334375
0 0.660348003125 0.273837134375 0.659576253125 0.273670121875 0.6556839453125 0.258075428125 0.6466626343749999 0.26455307031249997 0.6451191374999999 0.2642190453125 0.6395443421875 0.284087428125 0.6418931531250001 0.299348096875 0.653589228125 0.30609417968749997 0.6617189484375 0.2952086296875 0.660348003125 0.273837134375
0 0.531187934375 0.31754024687500004 0.5231876265625 0.312647696875 0.5157098171875 0.3194593640625 0.515417425 0.33625593593750003 0.5227658234375 0.3452223703125 0.5303634734375 0.3426515984375 0.534874128125 0.339412778125 0.5365039031250001 0.3292280671875 0.531187934375 0.31754024687500004
1 0.75 0.6 0.75 0.330516578125 0.7480254296875 0.3296921328125 0.745427365625 0.3259686703125 0.7363293546875 0.3229460484375 0.729460315625 0.3309432 0.726569859375 0.34401631093749996 0.728146921875 0.35910996562499997 0.7241252 0.35929337499999997 0.7063318328125 0.360711453125 0.6975597765625 0.355651890625 0.68245075 0.3502746984375 0.6608417765625 0.3455983484375 0.6433743656249999 0.34497948749999996 0.6263527468750001 0.346564578125 0.6109177671875 0.343224328125 0.5893854953125001 0.348048240625 0.5669616343749999 0.34846424531250003 0.5529407375 0.361236121875 0.5412446625 0.3544900375 0.5258863828125 0.3606500515625 0.5154414140625 0.371034565625 0.509267421875 0.3696984671875 0.5050491593750001 0.35614071406250003 0.48676686093750005 0.36061420625 0.4863546296875 0.37316988281249996 0.4788336796875 0.38524091875 0.4725302734375 0.39968292031249997 0.47962941875 0.420186559375 0.46882493125 0.41784838593750007 0.45517312656250003 0.42332395156249997 0.43936905312499996 0.4272800125 0.425477571875 0.42427378750000005 0.4063132578125 0.40432037187500003 0.391769865625 0.4053880296875 0.37658413749999997 0.390510575 0.352257259375 0.3778698640625 0.3512362578125 0.38924005781250004 0.37519404375 0.4091770765625 0.3778256703125 0.42766017031250003 0.3989025734375 0.44065130156250004 0.395729303125 0.4505019859375 0.3846755609375 0.45970101718749995 0.369839778125 0.47756524687499996 0.3569501484375 0.5032268265625001 0.3496593046875 0.543798653125 0.346203215625 0.5504269109375 0.3392574734375 0.5489237984375 0.3068871515625 0.53664990625 0.28552743125 0.52043635 0.2875502875 0.537733959375 0.29895397031250004 0.56127661875 0.2883460265625 0.5726796015625 0.267997734375 0.565114853125 0.2681942734375 0.5788560125 0.2668473171875 0.5922631484374999 0.2729115359375 0.6 0.75 0.6
0 0.9760924843750001 0.1917590203125 0.9700814703124999 0.18940445156250002 0.9637445 0.1890868203125 0.9590277296874999 0.19860348125 0.9575609328125001 0.20776971875 0.961376540625 0.21386414843749998 0.9695398265625 0.21773822968749998 0.9787241140624999 0.210242115625 0.9823431796875 0.202595384375 0.9786905499999999 0.1954824828125 0.9760924843750001 0.1917590203125
0 1 0.43314418593750004 0.999010228125 0.4327564828125 0.9899553546875 0.42447449375 0.98467295 0.4275463015625 0.9891740312499999 0.4443264796875 0.9920549125000001 0.45127236875000004 1 0.45629024375 1 0.43314418593750004
0 1 0.51543146875 0.9978742281249999 0.51470240625 0.9921460296875001 0.5155702609375 0.9790262953125 0.512731046875 0.9709397125000001 0.51835723125 0.9574844484374999 0.5375739609375 0.96719123125 0.5417820640625 0.971049978125 0.5426171265625 0.9811258515624999 0.539528921875 0.9875059593750001 0.5345871828125001 0.9994512890625 0.5297960625 1 0.5288011078125 1 0.51543146875
0 1 0.5300700890625001 0.9941688859375001 0.532867871875 0.991604384375 0.5439040390625001 1 0.5475437234375 1 0.5300700890625001
0 0.8393799140624999 0.6 0.8373361156250001 0.5948184249999999 0.826042696875 0.5955356640625 0.8222081187500001 0.6 0.8393799140624999 0.6
0 0.0230001359375 0.6236490140625001 0.022080931249999998 0.64700429375 0.020496278125 0.6627773953125 0.0204455265625 0.668964884375 0.029333189062499997 0.6721279359375 0.0414296484375 0.661109065625 0.045738125000000004 0.6459254203125 0.0451741734375 0.6259682609375 0.0419258890625 0.6227859171875 0.0306471328125 0.6228244953125001 0.0230001359375 0.6236490140625001
0 0.3250678984375 0.7671196046875 0.3334818484375 0.76150228125 0.3292353859375 0.746946671875 0.32287980781250003 0.7455712734375 0.3114093109375 0.746808053125 0.311307809375 0.7591830374999999 0.3250678984375 0.7671196046875
0 0.28516371875 0.8638580843749999 0.2913783109375 0.8602441921875 0.292962965625 0.8444710921875 0.28269365 0.832331171875 0.2757121046875 0.8407378703124999 0.2691140359375 0.846748165625 0.2695877484375 0.85552854375 0.275176375 0.861696746875 0.28516371875 0.8638580843749999
0 0.3583290828125 0.97018935625 0.3514490375 0.9662210734375 0.3432268265625 0.970640196875 0.3387773625 0.98083455 0.3441742546875 0.988200953125 0.3589437828125 0.9839590250000001 0.3583290828125 0.97018935625
1 0.75 1 0.75 0.653966934375 0.7462109765625 0.653708615625 0.7329246 0.6545524234375 0.716440690625 0.6460264 0.71252695625 0.635261878125 0.69585130625 0.627934053125 0.685762465625 0.6381476984375001 0.66435538125 0.631035646875 0.648717396875 0.6524453609374999 0.6392037703125 0.6590644015625 0.6241015156249999 0.659515240625 0.6238702921875 0.64334916875 0.6156988296875 0.6415808015625 0.606094965625 0.6370230593749999 0.598791959375 0.6180869046875 0.5809658828125001 0.6179482875 0.5711082656250001 0.6443280031249999 0.562976290625 0.65992390625 0.5489737140625001 0.65937303125 0.5329635203125 0.6596273828125 0.522056975 0.6808213203125 0.51167489375 0.7046081484375 0.5093740375 0.7189865624999999 0.507022428125 0.7395524671875 0.495642171875 0.7519660265625 0.483111484375 0.7715687953125 0.47272940312499995 0.795355621875 0.45613272968749996 0.8227563406249999 0.43303948906249995 0.8437923734374999 0.4128618046875 0.8642196609375 0.4012390578125 0.8840189140625 0.39668809375 0.9065882500000001 0.3922781171875 0.9341468765625001 0.38830236875 0.9531216109375 0.388189603125 0.98904835625 0.37050451562500003 0.9938990265625 0.36380690000000004 1 0.75 1
0 0.75 0.9720168640625 0.764831784375 0.9836162703125 0.7761683406250001 0.9776396640625 0.7757321218750001 0.9554167124999999 0.7713077421875 0.9481367984375 0.7589166203125 0.9507239656250001 0.7513956703125 0.9627950000000001 0.75 0.9715167671875001 0.75 0.9720168640625
0 0.8300565203125 0.930292015625 0.8271325015625 0.9286054953124999 0.817219603125 0.930675228125 0.8167642359375 0.948490271875 0.8298408328125 0.956588853125 0.83821023125 0.9541850937499999 0.8424812078125001 0.9424644796875 0.8397633046875 0.9345001203125 0.8300565203125 0.930292015625
0 0.8573601296875 0.9193408796875 0.8610127593750001 0.92645378125 0.8660459093749999 0.9349191796875 0.8750672187499999 0.9284415375 0.8796210125 0.9199433484374999 0.877837834375 0.9111275296875 0.8684570078125 0.904882484375 0.8597616515625 0.909323184375 0.8573601296875 0.9193408796875
0 0.7589836390625 0.810590975 0.7640599265625 0.8137970046875 0.7717774187499999 0.8154671296875 0.7789724125 0.8054330375 0.7742652171875 0.7949306984375 0.7671996359375 0.7891866890625 0.7589932125 0.7905719765625 0.75350469375 0.799921625 0.7589836390625 0.810590975
0 0.79803119375 0.7062909328125 0.79816060625 0.6905128312500001 0.7955721171875 0.66677036875 0.7869199 0.6659517015625 0.781766909375 0.6532454078125001 0.7735604875 0.654630696875 0.7805397921874999 0.670893440625 0.7785840640624999 0.6831150921875 0.77971533125 0.69600479375 0.78547709375 0.7098965703125 0.795346853125 0.713086203125 0.79803119375 0.7062909328125
0 0.7819609140625 0.6 0.7824811046875 0.603874159375 0.7878402109375 0.6103026140625001 0.7955577015624999 0.611972740625 0.801448878125 0.6100864140625 0.8031984906249999 0.6041426015625 0.7875979609375 0.6 0.7819609140625 0.6
0 0.923136084375 0.81766385 0.9248761218749999 0.8317390359375001 0.9395393546875 0.8349122734375 0.95225643125 0.8302881640625 0.948603803125 0.8231752625000001 0.94060349375 0.8182827125 0.935733321875 0.8087988453125 0.923136084375 0.81766385
0 0.9415622109375 0.8522098828125 0.938062984375 0.8640975109374999 0.9441507 0.8759523453125 0.948901034375 0.8811953171875 0.9554776828125 0.8899947390625 0.96166125 0.871311840625 0.9674325875 0.8651846187500001 0.9636601171875 0.8538308203125 0.9483881125 0.8494721000000001 0.9415622109375 0.8522098828125