0 0.2758932921875 0.05846124375 0.27897391250000003 0.0592878234375 0.28759039531249997 0.052103896875 0.28582039843749996 0.0442433 0.28407162656249996 0.0406087875 0.2805953140625 0.03756584375 0.2717279140625 0.0330763828125 0.2658175875 0.043096609375 0.264506965625 0.050130625 0.26819173749999997 0.0563947921875 0.2758932921875 0.05846124375
0 0.3648356140625 0.08021571718750001 0.36880993906250004 0.0675658359375 0.3633763953125 0.0576671546875 0.35446653906250003 0.0447255296875 0.345224675 0.0422457875 0.344186196875 0.06517927343749999 0.34558173124999997 0.0750495875 0.350994046875 0.08072218437499999 0.3579254453125 0.0825819921875 0.3648356140625 0.08021571718750001
0 0.3796875 0.09067479218749999 0.37353701093749997 0.0899361171875 0.3616102171875 0.088846159375 0.3614017578125 0.0856249375 0.3591762046875 0.1019093296875 0.3696051421875 0.11103816250000001 0.3754131515625 0.118927125 0.3758512984375 0.12959565312500002 0.379493615625 0.12740765781250002 0.3796875 0.12268316718750001 0.3796875 0.09067479218749999
0 0.042205928125 0.23632117031250002 0.045579921875 0.25727330312499996 0.0542388609375 0.258541540625 0.0588173375 0.251329246875 0.05877488125 0.24287708125 0.055277340625000004 0.23560805468749998 0.050656407812500005 0.2343681828125 0.042205928125 0.23632117031250002
0 0.0497317140625 0.356511284375 0.0415920125 0.34377630312499996 0.03830293125 0.3397285 0.026750601562499997 0.336628821875 0.023878440625 0.3390234640625 0.019572109375 0.3621352265625 0.024443956250000003 0.3750484875 0.033685821875 0.3775282296875 0.0440510765625 0.3739788140625 0.0497317140625 0.356511284375
1 0.3796875 0.61875 0.3796875 0.17556976875000002 0.373212646875 0.1784772015625 0.367030175 0.172597959375 0.359098934375 0.1630842015625 0.34548705625 0.1710379765625 0.3427808984375 0.168201678125 0.34363214375 0.146273053125 0.3326627390625 0.14438488124999999 0.3200082453125 0.151540440625 0.31761668906249996 0.17305577656249999 0.3238416171875 0.187387184375 0.306774653125 0.196524096875 0.3004898625 0.20855404375000003 0.292456303125 0.2169494734375 0.28302720625 0.2154745921875 0.2805082796875 0.211633434375 0.276615046875 0.20214804375 0.2702453453125 0.19727365937500002 0.2644797953125 0.19783686250000002 0.2532208375 0.21486273749999998 0.26044560781250004 0.2368480953125 0.26007114531250003 0.2388578140625 0.24656540625 0.2679420015625 0.2320385953125 0.28514615625 0.21903086875 0.29853751875 0.20616791562499998 0.30247185625 0.19898942343749998 0.32797826093750004 0.1888326296875 0.3347488984375 0.178863065625 0.340514678125 0.1592984046875 0.3500365140625 0.1476013 0.35639386093750003 0.13590419375 0.36275120781250003 0.12406231406249998 0.3785655796875 0.11546705937499999 0.38997558906249996 0.1120968859375 0.40806305781249996 0.1091648609375 0.43681905312499997 0.106066834375 0.470805990625 0.10731759375000001 0.49013332812500005 0.1035941859375 0.514456596875 0.0901058546875 0.5087272656249999 0.08069798593750001 0.511478465625 0.084280440625 0.5356518218749999 0.095896453125 0.5514297453125 0.08863305 0.5600318234375 0.076685028125 0.5547157828125 0.07079592968750001 0.568962090625 0.07054883437500001 0.5963283046875001 0.059434653125 0.6038971546874999 0.0566671765625 0.61875 0.3796875 0.61875
0 0.0949798234375 0.3306686046875 0.1030982953125 0.339177503125 0.106532153125 0.33376828281250004 0.1151274078125 0.322358271875 0.1131277203125 0.307050371875 0.10003508125 0.303537403125 0.094103528125 0.30933154687500003 0.08896335625 0.31955842031250004 0.0949798234375 0.3306686046875
0 0.8955175609375001 0.01694435625 0.88862861875 0.023536715625 0.890419846875 0.035623392187500005 0.900848784375 0.044752225 0.909256809375 0.034347075 0.909359128125 0.0164378875 0.8955175609375001 0.01694435625
0 0.9578440984375 0.0990835671875 0.9409219109375 0.09876345625 0.9353648187499999 0.10254788125 0.9323266531249998 0.11017346562500001 0.9337434171875 0.12426986250000001 0.9510612984375001 0.1268063375 0.9581374703125001 0.11920911875 0.9578440984375 0.0990835671875
0 0.8743255546875 0.20012049531249998 0.8727215609375001 0.18702895625 0.8625435375 0.1895735109375 0.8556333671874998 0.19193978750000001 0.8545312046875001 0.20219502656250002 0.8557607359375 0.21729628281250002 0.8678747625 0.21738137968750001 0.8743255546875 0.20012049531249998
0 0.6374688359375 0.3212099109375 0.6538505578125 0.32877068125000003 0.662279809375 0.3225916125 0.6641309 0.3083169375 0.6575527375 0.30022133125 0.6473747140625 0.30276588437499996 0.6406730046875 0.30835338437500004 0.6374688359375 0.3212099109375
0 0.7173739343750001 0.3046662640625 0.7092554625 0.2961573671875 0.6989076140625 0.2648932625 0.6952652968749999 0.2670812609375 0.7068639046875 0.3176727015625 0.714254678125 0.33442711875 0.72826225 0.32868970625 0.7320281140625 0.312818603125 0.7181440890624999 0.304872909375 0.7173739343750001 0.3046662640625
0 0.6634049015625 0.5465739796875 0.67271045 0.5617319671875001 0.67793553125 0.568409425 0.696044796875 0.575378625 0.7035166609375001 0.5699977734375 0.705346521875 0.5514970156250001 0.7007043625 0.5460310625 0.685135253125 0.5471290984375 0.6818674 0.5473073796875 0.672208615625 0.5383851921875 0.6634049015625 0.5465739796875
1 1 0.61875 1 0.1284695921875 0.9997046296875001 0.12614187500000001 0.9888587703125001 0.11057059531249999 0.958546746875 0.0475723640625 0.9753916671875 0.1090673453125 0.9780167328125 0.1340389171875 0.9975427609375 0.155104515625 0.9830159500000001 0.1723086703125 0.96981716875 0.147665290625 0.9740037749999999 0.1772762328125 0.9609111343750001 0.173763265625 0.9405338609375 0.17462629375 0.9358280171875 0.1564820921875 0.9220289062500001 0.165440728125 0.911893340625 0.1764374484375 0.90560855 0.1884673921875 0.9117099296875001 0.21648190781249999 0.9092546875 0.22531899531250002 0.8938515812500001 0.22118609218750002 0.8910218765625 0.23203290000000001 0.8654832046875001 0.2388967171875 0.8567818093749999 0.2291763140625 0.8418979406249999 0.2135766703125 0.8227676062499999 0.194727434375 0.803096803125 0.183118859375 0.790753090625 0.17558645625 0.7750179765625 0.181915434375 0.807700328125 0.2191722484375 0.8246437453125001 0.22371844218749998 0.8225629671875 0.2305458125 0.8137380234375 0.23450851562500002 0.8116784750000001 0.24556196875 0.8153632468750001 0.2518261359375 0.8311620453125 0.258175403125 0.82429433125 0.26899384375 0.8107249078125001 0.2853997828125 0.7986957953125 0.30221901406249996 0.7909343796875 0.326513915625 0.7830880515625 0.3339044875 0.7777394203125001 0.3409101359375 0.7818411125 0.35361675 0.7888149671875 0.36392872187499997 0.7830918734375001 0.372944090625 0.773850009375 0.370464346875 0.7597575265625001 0.3592974296875 0.7479755078125001 0.348750446875 0.7354657921875 0.346448984375 0.7513495015625 0.36970257968750003 0.761008284375 0.37862476875 0.7560553453125 0.3878467796875 0.7445242453125 0.38897318593749997 0.73829931875 0.3746417765625 0.730325621875 0.3566758546875 0.7124460453125 0.357153959375 0.7181517328125 0.3829521109375 0.7191940328124999 0.399058225 0.72658480625 0.4158126421875 0.7216318671874999 0.4250346546875 0.7299800281250001 0.4409908578125 0.7447789828125 0.43968617187500003 0.75327191875 0.4461853515625 0.744655434375 0.4533692796875 0.7418469578125 0.46844216875000005 0.73446000625 0.49072735312500004 0.7212013609375 0.49244532812499997 0.720869353125 0.502907209375 0.7136271765625001 0.5157353703124999 0.7123802390625 0.5354476312500001 0.722643175 0.5498074078124999 0.7169625374999999 0.5672749390625 0.7241448500000001 0.5808081328125 0.7265402296875 0.5983323984375 0.735084053125 0.61875 1 0.61875
0 0.1911616421875 0.61875 0.19174337187499998 0.6261622375 0.179629346875 0.6260771390625 0.195431965625 0.67146600625 0.202172309375 0.6352910703125 0.1950217703125 0.61875 0.1911616421875 0.61875
0 0.34425917031250003 0.7103436578125 0.339182684375 0.7332487765625 0.324736965625 0.7283176609375 0.3163077140625 0.734496728125 0.3123333890625 0.747146609375 0.32388571875 0.7502462859375 0.33868467343750003 0.7489416015625 0.34592685 0.7361134421875 0.34425917031250003 0.7103436578125
0 0.1707347765625 0.769293915625 0.176917246875 0.7751731578125 0.18347418124999998 0.779042684375 0.189031271875 0.7752582578125 0.1906951296875 0.7619884421875 0.1887378984375 0.7551327062500001 0.17121155937500002 0.7493750078125 0.16530123125 0.7593952328125 0.1707347765625 0.769293915625
0 0.35517635625 0.8166723843750001 0.34947449062499997 0.8299138359375 0.3512869453125 0.846226596875 0.3637754328125 0.8443019749999999 0.3685199125 0.831858740625 0.36845622968749997 0.81918049375 0.36381406875 0.8137145390624999 0.35517635625 0.8166723843750001
0 0.27019859375 0.89516075 0.27107106718749996 0.8774582078125001 0.266616140625 0.8709873953124999 0.2556467328125 0.8690992218750001 0.24803009375 0.8839371 0.250570246875 0.8920043421875 0.26060349375 0.898916809375 0.27019859375 0.89516075
0 0.2249717125 0.9252295109374999 0.23460926718750003 0.9299256171875001 0.241540665625 0.931785421875 0.24514052656250002 0.9211452609374999 0.24722130312499999 0.914317890625 0.243515303125 0.9038276406250001 0.23695836718750002 0.8999581171875001 0.22390818281249997 0.9048973140625 0.2224315578125 0.9171622703125 0.2249717125 0.9252295109374999
0 0.543599540625 0.7773452296875 0.5497820109375 0.7832244734375 0.555173096875 0.7846709890625 0.5616875765625 0.7800883484375 0.5637683546875 0.7732609781249999 0.5627897390625 0.7698331109375001 0.559292196875 0.762564084375 0.5487184828125 0.762892275 0.546803709375 0.7644887046875001 0.5406849234375001 0.7712877078125 0.543599540625 0.7773452296875
0 0.4738801078125 0.869423521875 0.48024981093749997 0.87429790625 0.4869727484375 0.8729364890625 0.490802296875 0.8697436328125001 0.4928618453125 0.8586901812499999 0.4882196859375 0.853224228125 0.48434768125000005 0.8479649203124999 0.482994603125 0.8465467703125 0.47510581875 0.8454851781249999 0.46898703125 0.8522841812499999 0.46730194531249997 0.8613279140625 0.4738801078125 0.869423521875
0 0.5269995953125 0.87945595625 0.5291865140625001 0.8937589953125 0.5307480531250001 0.8983983703125 0.5363476 0.9030661078125 0.544819309375 0.9053392046875001 0.55345701875 0.9023813609375001 0.5557462578125 0.8987752125 0.5576185765625 0.8887266203124999 0.5573888874999999 0.8812793156250001 0.554078578125 0.873005428125 0.55099795625 0.8721788468749999 0.5479173359375 0.8713522671874999 0.538488240625 0.8698773843750001 0.5333056125 0.8716520921875001 0.5269995953125 0.87945595625
0 0.587738125 1 0.5900576546874999 0.9923892453125 0.5857899578125 0.9849135734375001 0.5805861015625 0.9824622 0.5698251562500001 0.9837952484375 0.5685145328125 0.9908292640624999 0.5685357625 0.9950553484375 0.5705140734375 1 0.587738125 1
1 1 1 1 0.7054178359375001 0.9972019062499999 0.7038612140625 0.9839432625000001 0.7055791890625 0.9800712578125002 0.7003198828125 0.9633150718749999 0.6947688296875001 0.9609409218749999 0.6814706453125 0.9498866046875001 0.66267814375 0.9422062796875 0.664837775 0.9288665437500001 0.6886910203125 0.9183565140625 0.7016974578124999 0.9202076031249999 0.6874227828125 0.9136506687499999 0.6835532578125 0.8928564765625 0.6779738390625 0.8823252187499999 0.6867541953125 0.87620643125 0.6935531984375001 0.86659010625 0.693083175 0.8561399375000001 0.6797282609375 0.847293765625 0.6794648828125001 0.8464811546875 0.670806071875 0.8237509609375 0.662597 0.8139898562500001 0.6715840015625 0.81082814375 0.6928926921875 0.8068113640625001 0.6970904078125 0.8080408953125 0.7121916625 0.798862715625 0.7223901671874999 0.7891228406249999 0.7356032515625 0.7773620515624999 0.7292823515625 0.76385249375 0.7193269375 0.7511979999999999 0.7264825 0.7511381375 0.752843853125 0.7471638125 0.7654937328125 0.7298285265625 0.7977707781250001 0.714157096875 0.816778003125 0.7007324515625 0.8237269218750001 0.6849162453125001 0.8521911734375 0.6728234484375 0.8563321546875 0.6684322046875 0.8625395906250001 0.6561946328125 0.8761375984375 0.644642303125 0.8730379203125 0.6364002828124999 0.8782121281249999 0.6341322734375 0.886044359375 0.6191074515625 0.9189413359374999 0.6125118828125 0.9456592484375002 0.6087884765625 0.9699825171875001 0.6177620171875 0.995602390625 0.6098520031250001 0.9903147156250001 0.6046906046875 0.9963155031250001 0.6047924218749999 1 1 1