0 0.20356286250000002 0.37339773125 0.2157207890625 0.385980109375 0.22570931249999998 0.3787400453125 0.22767051249999998 0.3651974234375 0.2241374328125 0.361006328125 0.2129538640625 0.3640689390625 0.20356286250000002 0.37339773125
0 0.27662633125 0.4296875 0.2774972578125 0.41970439062500003 0.2728600484375 0.41029375156250003 0.26332608281250003 0.4123233671875 0.25696155 0.4227124375 0.25717654375 0.4296875 0.27662633125 0.4296875
0 0.28256264999999997 0.388455334375 0.27973119375 0.40303549843750003 0.2926164140625 0.4072811578125 0.29921482187500004 0.40314917499999997 0.3030594984375 0.39483064375 0.3036958796875 0.3875360140625 0.294707384375 0.3833130890625 0.28256264999999997 0.388455334375
0 0.5364100859375001 0.4296875 0.5373439875 0.4264335453125 0.5353696 0.42225154375 0.52106865 0.42529596718749996 0.5202987515624999 0.4296875 0.5364100859375001 0.4296875
0 0.5344077234375 0.36177395625000003 0.5322903734375 0.350292778125 0.5245878328125 0.34920521875 0.5150538671875 0.35123483437499997 0.507598390625 0.3741289828125 0.5152100203125001 0.37625863125 0.5206654359375 0.3762904609375 0.5262117640625 0.3752802 0.5327192609375 0.37219030625 0.5344077234375 0.36177395625000003
0 0.499531496875 0.314652559375 0.4928421765625 0.31982663125 0.4943620046875 0.32921908125 0.50431166875 0.3313623734375 0.5130662890625 0.32932821093750003 0.5175084859375 0.32309840625 0.5150274890625 0.3157855890625 0.499531496875 0.314652559375
0 0.0645638578125 0.1254857390625 0.070019275 0.1255175671875 0.0756565140625 0.12346521875000001 0.07665654375 0.1120022296875 0.07385076093750001 0.099474415625 0.0691746890625 0.0994471328125 0.06101759062499999 0.103570021875 0.059147303124999995 0.116070553125 0.0645638578125 0.1254857390625
0 0.0312571140625 0 0.031050601562500002 0.0001757703125 0.0281670953125 0.00641466875 0.0295051 0.0178913 0.0330381796875 0.0220823953125 0.039597726562500005 0.027333768749999997 0.048157335937500004 0.0096591609375 0.047645960937499995 0 0.0312571140625 0
0 0.0844795828125 0 0.0840072125 0.009868325 0.090800634375 0.021376784375 0.1022180765625 0.0245712609375 0.1063875375 0.021467725 0.1096346921875 0.0110604671875 0.1105996046875 0 0.0844795828125 0
1 0.5890625 0 0.1707900859375 0 0.16987814375000002 0.017667675 0.1809319390625 0.025030509375 0.189102228125 0.0386322421875 0.21465198437500002 0.058591096875000005 0.219886715625 0.0700904609375 0.23656526718749998 0.1202335453125 0.2485281796875 0.11717548124999999 0.25459430781250003 0.13702065937500002 0.2523215125 0.1630729078125 0.26534969375 0.17461774375 0.25417931718750003 0.195404975 0.23713782343749998 0.21198747343750002 0.25136105 0.22770976250000002 0.273910009375 0.2195003609375 0.2873927515625 0.225834746875 0.29249770937499997 0.24775955781249998 0.28893895937499997 0.270676440625 0.2866141125 0.288387421875 0.30990355625 0.289565921875 0.3241524546875 0.2781802328125 0.341168275 0.2887057140625 0.3508320140625 0.276250653125 0.3633015375 0.27632340625 0.36244446875 0.295085571875 0.363782475 0.3065622 0.3845000078125 0.301469975 0.393345540625 0.2983937203125 0.4080233265625 0.30890555937499997 0.41911598124999994 0.30688503906250003 0.43323510625 0.30592479375 0.4440029765625 0.298689278125 0.44922451875 0.2924640203125 0.46325273281249996 0.2925458671875 0.4645907375 0.30402249531250003 0.47811234062499997 0.30097352499999996 0.48456778749999996 0.28954236718750004 0.4925042015625 0.2968870125 0.509377059375 0.3001133171875 0.52578216875 0.2908254484375 0.5401740296875001 0.2867389359375 0.5581898796875 0.285801428125 0.5703734781249999 0.271275828125 0.583336421875 0.25675477343750003 0.5890625 0.2524925734375 0.5890625 0
1 1 0.4296875 1 0 0.6261476515625 0 0.6199374546875001 0.023258489062500002 0.6272763453125 0.028514407812499996 0.635251621875 0.0264757 0.63604415625 0.04420486875 0.6252242359375 0.0430991203125 0.6175348859375 0.059736182812500004 0.621730725 0.0920818921875 0.60932644375 0.11807502656249999 0.6018709656250001 0.140969175 0.6110024234375 0.1524912765625 0.6221471296875001 0.1588120203125 0.6403059421874999 0.16517368906250002 0.6389554546875 0.1985296609375 0.6525034375 0.23092993437499998 0.667610109375 0.26333930156249996 0.671156378125 0.28525501875 0.6898086109375 0.2770228828125 0.6956408640625 0.29061097187499996 0.694692884375 0.310415228125 0.7034995562499999 0.31672233125 0.7033697828125 0.32714777968750003 0.6855100828125 0.353109084375 0.6895109109375 0.3698143515625 0.6993696625 0.372999734375 0.711825996875 0.35534786406249996 0.727231075 0.35752298437499996 0.7338426734375 0.37111562343750004 0.7380253234375 0.3857367109375 0.7422988875 0.399315709375 0.74657245 0.41289470625 0.7479104546875 0.42437133749999995 0.74693311875 0.4296875 1 0.4296875
0 0.3826861015625 1 0.383573515625 0.9928813515625 0.3817289015625 0.9782739046875001 0.3749875296875 0.9751067124999999 0.369675075 0.9823740593749999 0.3615286859375 1 0.3826861015625 1
0 0 0.5969527859375 0.0025472078124999997 0.5965478078124999 0.026018476562499997 0.595642128125 0.0378904765625 0.5936261546875 0.04296905625 0.5801017203125001 0.041176492187500004 0.573835540625 0.0310450046875 0.573776428125 0.014496932812499998 0.5757651203125 0.00070259375 0.5819403609375 0 0.582493071875 0 0.5969527859375
0 0.21043664843749998 0.5195641984375 0.21213830156250002 0.5268724671875 0.21621685156249998 0.5248110234375 0.22979050625 0.5301033187499999 0.23592116718749997 0.5134571640625001 0.2359600265625 0.5040738078125 0.230868259375 0.49987361875 0.2202822125 0.50502495625 0.21043664843749998 0.5195641984375
0 0.2327385453125 0.48737308749999997 0.225347603125 0.47377589999999997 0.2140731234375 0.4778806015625 0.20656559687499998 0.49243348437499995 0.1959406875 0.506968178125 0.1794967171875 0.5256394046875 0.1959927390625 0.5153094453125 0.21428132500000002 0.5112456671875 0.23059552343749998 0.5029998890625 0.2327385453125 0.48737308749999997
0 0.22802502656249998 0.62184360625 0.2182051359375 0.6092748703125 0.2077620515625 0.621725384375 0.2075413671875 0.6331929187500001 0.21254222500000003 0.6384352 0.2179067296875 0.6395091171875 0.2237257921875 0.6353725890625 0.22802502656249998 0.62184360625
0 0.370752121875 0.8895871374999998 0.37524636875 0.8916985984375 0.38565059218750003 0.8886314390625 0.3857415046875 0.8875893484375 0.3908200828125 0.8740649171874999 0.390586209375 0.86780783125 0.379168765625 0.8646133562500001 0.370466196875 0.8749887828125 0.369647990625 0.8843675921875 0.370752121875 0.8895871374999998
0 0.5686016953124999 0.8740595484375 0.5597041109374999 0.8687945359375 0.55039083125 0.8593566140625001 0.5427403421875 0.8666103203125001 0.5415584890625 0.8801574890625 0.538311334375 0.8905647484374999 0.5433642421875 0.904148290625 0.5502353859375 0.8968900390625001 0.5616007765625 0.8917432468750001 0.570173575 0.8917932640625 0.5686016953124999 0.8740595484375
0 0.5654322625 0.8657000937500001 0.5729529796875 0.8688718359374998 0.5778108750000001 0.8668149359375 0.5809671171875 0.8574497687499999 0.5832010515625 0.8407808781250001 0.5725629546875 0.8375909499999998 0.5684844046875 0.83965239375 0.564912465625 0.8448446546875001 0.5639124343749999 0.8563076437500001 0.5654322625 0.8657000937500001
0 0.5017070765625 0.8006858343750001 0.508539359375 0.8028109390625 0.513488165625 0.7997119515625 0.5177874 0.7861829703125001 0.5195667765625 0.7747245296875 0.5088377656249999 0.772576690625 0.5037071359375 0.7777598593749999 0.49794012343749994 0.7902376546875 0.5001483859375 0.8006767421875001 0.5017070765625 0.8006858343750001
0 0.4001964828125 0.72189705625 0.40882133125 0.730288340625 0.41808256093749996 0.7313849937500001 0.423213190625 0.726201828125 0.4268239921875 0.7116262109375 0.41829005625000004 0.7021928374999999 0.411003215625 0.7052781828125 0.40623623281250004 0.706292990625 0.40032625624999996 0.7114716109375 0.4001964828125 0.72189705625
0 0.3417317 0.6412741843750001 0.3470052921875 0.64339019375 0.3601632484375 0.6445095828125 0.3639170125 0.637233140625 0.3678005484375 0.6195312546875 0.36004595781250004 0.610102428125 0.3464334421875 0.6141934890625 0.3405755171875 0.627713375 0.3417317 0.6412741843750001
0 0.472377178125 0.752554178125 0.4676622453125 0.7619102515625 0.4731697125 0.7702833468750001 0.4817813703125 0.760950009375 0.49108146093749994 0.7526633078125 0.4945104390625 0.7401718703125 0.487080634375 0.7359580390625 0.47892353437499996 0.7400809296874999 0.472377178125 0.752554178125
1 0.5890625 0.4296875 0.3193351734375 0.4296875 0.315543440625 0.4409382921875 0.3066590453125 0.4533979 0.30942596875 0.4753090703125 0.3328972359375 0.47440339062500003 0.33823606875 0.5025852875 0.325870646875 0.51919506875 0.290086009375 0.54505179375 0.3338070609375 0.526539715625 0.354160946875 0.5256158484375 0.345653390625 0.55163171875 0.3530575234375 0.5829535265625 0.36008481875 0.600719071875 0.3716063625 0.6205960796875 0.3796857390625 0.6352399015625 0.39092135781250004 0.64051855625 0.36545003125000003 0.664350215625 0.37091863593749996 0.682106665625 0.37817980625000003 0.706129296875 0.415523134375 0.6802816671875 0.42323886406250005 0.6990938484375 0.45133415 0.6898741859374999 0.4680251859375 0.6951846703125 0.4561663734375 0.7149252671874999 0.46928546875 0.7254280109375 0.49565343124999994 0.73600805625 0.5084997921875 0.7496370718750001 0.5279445593750001 0.759134103125 0.5238792 0.7789201703125 0.5341536484375 0.7862784578124999 0.5564819234375 0.7895365921874999 0.584031740625 0.7865694671875 0.5890625 0.78659881875 0.5890625 0.4296875
1 1 0.4296875 0.5890625 0.4296875 0.5890625 0.9587004421875001 0.6080945703125 0.967995909375 0.6124201828125 0.9899161718750001 0.6095526078125 1 0.9863497546875 1 0.9890777765625 0.9983694734374999 1 0.986423246875 1 0.4296875