0 0.0160187359375 0.2210848640625 0.023465918750000002 0.2321330015625 0.0374538390625 0.22737627656249998 0.04040040625 0.2206286203125 0.037108550000000004 0.2135648515625 0.0262830640625 0.21080406875 0.0160187359375 0.2210848640625
0 0.0840906140625 0.2754155734375 0.080075578125 0.2746915984375 0.07555322656249999 0.2795375671875 0.06937951406250001 0.2865120921875 0.0675769953125 0.29670113593749997 0.0811978921875 0.30077475 0.0913110640625 0.2985544421875 0.099643453125 0.28388141718750004 0.0931244484375 0.2770445171875 0.0840906140625 0.2754155734375
0 0 0.428680675 0.00886151875 0.43088441718750004 0.019050271875 0.424633865625 0.0152619671875 0.4118191578125 0.0090344125 0.400182165625 0 0.40454413125000005 0 0.428680675
0 0.192842409375 0.2335584 0.19039228749999998 0.2460569921875 0.1966198453125 0.2576939875 0.2162632984375 0.2628535625 0.22215643125 0.24935825 0.21693263593749998 0.23790225 0.2087622703125 0.2331939046875 0.192842409375 0.2335584
1 0 0.559375 0.2390625 0.559375 0.2390625 0.262038896875 0.2145254890625 0.28033324375 0.2046928953125 0.2890743390625 0.19350038593750002 0.29514389531249996 0.186409359375 0.2865863 0.1705650765625 0.28292055 0.13980469375 0.2798002859375 0.1341274265625 0.29252575 0.14523349218749998 0.30180731875 0.1386927546875 0.31761218125 0.1335983796875 0.3207374578125 0.12304260468749999 0.3358183453125 0.10369060000000001 0.325858675 0.1148613734375 0.3424308828125 0.100797875 0.3512178515625 0.08411185625 0.3279897375 0.0659038984375 0.32147145625 0.021846665625 0.2755148421875 0.056146884375 0.32618230625 0.07276819062499999 0.3421197828125 0.0891736296875 0.3588271078125 0.079405746875 0.374858840625 0.0716562515625 0.379931678125 0.0694975765625 0.387630178125 0.062956840625 0.40343504062499996 0.0506849921875 0.4133538484375 0.0392010359375 0.424223496875 0.0366753375 0.4407523359375 0.028774684374999998 0.45388566093750005 0.033642325 0.4628511171875 0.0339876140625 0.47666254375 0.0267345640625 0.48748631875 0.021489031250000002 0.49867208124999995 0.023992996875 0.50478500625 0.0016835546875 0.5128938749999999 0.0017374015624999999 0.5315053953125 0.00796495625 0.5431423890625 0 0.54094683125 0 0.559375
0 0.24963986249999998 0.3878684125 0.24123189687500002 0.40657168125 0.24481519999999998 0.4088353578125 0.2590081203125 0.41462966406249996 0.271344678125 0.41200149531249997 0.275521740625 0.39334410000000003 0.2687868703125 0.38727705 0.2520791171875 0.3866907 0.24963986249999998 0.3878684125
0 0.5622526171875 0.2808650390625 0.55930605 0.2876126953125 0.5653177375 0.300019540625 0.5825328046875 0.295035946875 0.5840438765625 0.2896469953125 0.5778163203125001 0.27801 0.5661273640625 0.2783286203125 0.5622526171875 0.2808650390625
0 0.6640210718749999 0.267673309375 0.6597145890625 0.271749428125 0.651749225 0.2775921140625 0.6573291796875 0.291538659375 0.674468665625 0.290585309375 0.6808582453125 0.282840934375 0.6823046078125 0.27016134687500004 0.6749221359375001 0.2664038453125 0.6640210718749999 0.267673309375
0 0.7633063124999999 0.376158746875 0.756992309375 0.379872878125 0.7546177671875001 0.38834122656250003 0.7603488781250001 0.394227284375 0.777844521875 0.3957644796875 0.7802190640625 0.38729612812499997 0.7769272078125 0.380232359375 0.7703326265625 0.3774257015625 0.7633063124999999 0.376158746875
1 1 0.559375 1 0.50812605 0.9976782 0.4992971609375 0.9905871734375001 0.4907395671875 0.9773224328125 0.4891564984375 0.9731779734374999 0.4738512484375 0.9632915375 0.463980821875 0.952034315625 0.46275974062499997 0.9463679171875 0.46416432187499995 0.9341178046875 0.4514413640625 0.939579203125 0.43948575156249997 0.957226003125 0.43296245781250003 0.9587370765625 0.4275735078125 0.9626226921875001 0.41371620625 0.9634431859374999 0.38070440625 0.9508798921875 0.39542330625 0.941327878125 0.41068518750000005 0.933869828125 0.41095793281250004 0.9233357874999999 0.40339705625000005 0.9065633250000001 0.3955200671875 0.895662259375 0.39678953125 0.89120461875 0.40892613750000006 0.8826563640625 0.4243690125 0.8716797234375001 0.42966871875 0.8622788640625 0.43687011406250004 0.8548316796875 0.425821975 0.8489602812499999 0.41667552499999994 0.8376383484375001 0.40816380468749996 0.8102454 0.40807706718750003 0.8100186656249999 0.4201677984375 0.8138825453125001 0.4289522609375 0.7629822625 0.41492148437500004 0.7394640640625 0.412298328125 0.7221087078124999 0.41402152968749995 0.7038143031249999 0.4228543734375 0.6847428765625 0.41941549062499994 0.6859733703125 0.407505753125 0.6800372593749999 0.39106866406249996 0.672374209375 0.3807903765625 0.65710195 0.37884531875 0.6525687328124999 0.3950121703125 0.6557094343750001 0.41013642656249993 0.6551265421875 0.41973661562500003 0.6278847484375 0.4115893875 0.6184083125 0.422821028125 0.6007076671875 0.41073280156249997 0.5727426937500001 0.40892537031250004 0.5664178265625 0.42396038281250004 0.5651226203124999 0.42857948281249997 0.5340599218750001 0.44158019531250003 0.506019371875 0.44380300625 0.49870161093750004 0.44733614375 0.4680059359375 0.45150652031250005 0.451719053125 0.46070135 0.432723203125 0.453232225 0.41243214687499996 0.45038219843749994 0.3805168484375 0.45514143125000006 0.3816391625 0.48122458124999995 0.3867982484375 0.4853899453125 0.3596211671875 0.48453335624999994 0.32075513125 0.4839953875 0.3133509234375 0.5028796515625 0.3397292453125 0.5141062765625 0.34288081249999997 0.5179096515625 0.317991828125 0.5239358375000001 0.3281588453125 0.5403270515624999 0.3216181078125 0.5561319140625 0.309027271875 0.559375 1 0.559375
0 0.5844797953125 0 0.5819518828125 0.0037724203125 0.5799281296875 0.005097175000000001 0.5997172390625 0.023151284375 0.6241744875 0.018664798437499998 0.6275467499999999 0 0.5844797953125 0
0 0.48817942343750004 0.27802253125 0.49986837812499996 0.2777039125 0.502242921875 0.26923556249999997 0.50132560625 0.2537034421875 0.48964751875 0.2427011796875 0.4836896734374999 0.24890585468749998 0.48074310625 0.2556535109375 0.48425083124999996 0.2619474296875 0.48553516874999997 0.2686492109375 0.48817942343750004 0.27802253125
0 0.042991178125 0.8350571125 0.0323706921875 0.8428473640625 0.0348746578125 0.8489602875 0.0374542015625 0.8510429687500001 0.0460563015625 0.8542116140625 0.06032479843750001 0.8559756765625 0.061123559375000004 0.8456056375 0.0556083140625 0.8389497312499999 0.049229603125 0.835373225 0.042991178125 0.8350571125
0 0.1705441984375 0.8540130781249999 0.1643813515625 0.8496667234374999 0.1511166125 0.848083653125 0.14637839375 0.853699471875 0.1420719109375 0.8577755906250001 0.1353261734375 0.8630294218750001 0.14062555000000002 0.8704551781250001 0.15539049375 0.8779701781250001 0.16643184687499998 0.8799611109375001 0.1755412609375 0.8775598109375 0.1782072484375 0.8642913671875 0.1705441984375 0.8540130781249999
0 0.1586719765625 0.8211389015625 0.1644030875 0.8270249578125 0.17559559687499998 0.820955403125 0.1783262953125 0.8149775953124999 0.180700840625 0.8065092453125 0.176049065625 0.7967739390624999 0.169454484375 0.7939672828125 0.16479184687499998 0.7955528578125 0.1579705296875 0.8048369328125 0.15781937343750002 0.8128974203125001 0.1586719765625 0.8211389015625
0 0.11050239375 0.80113031875 0.1193094921875 0.8148499953125 0.125407628125 0.8119057140624999 0.1348084859375 0.8047043203124999 0.1409066203125 0.8017600390625 0.1407771984375 0.7871787625 0.13232625625 0.7759496312499999 0.1334164625 0.7607794984374999 0.12899142187499998 0.738953459375 0.1265413015625 0.7514520546875 0.121284903125 0.7739587 0.11338425156250001 0.787092025 0.11050239375 0.80113031875
0 0.2390625 0.9040860671875001 0.24672798281250002 0.908928571875 0.256560575 0.9001874781250001 0.2517685140625 0.8871917781249999 0.2390625 0.8895225953124999 0.2390625 0.9040860671875001
0 0.332263396875 0.9235431937499999 0.3252479484375 0.91095535625 0.3061009421875 0.9115467171875 0.297412396875 0.9237291984375 0.304935159375 0.9307470921875 0.3181243203125 0.93636040625 0.3136884140625 0.92585525 0.332263396875 0.9235431937499999
0 0.7911039921875 0.559375 0.7946323984375 0.5645160921875 0.8054470171875 0.5785977546875001 0.8113770671874999 0.559375 0.7911039921875 0.559375
0 0.40790150625 0.93960826875 0.42187855937499996 0.9461724265625 0.4335028046875 0.9385631703125 0.4294986328125 0.9265183140625 0.4174535203125 0.9243463875 0.40848439843750006 0.9300080812499999 0.40790150625 0.93960826875
0 0.5889560859375 0.9520359296875001 0.578907625 0.9615468734375 0.5900783984375 0.97811908125 0.6090851171875 0.9742673234375001 0.611459659375 0.9657989749999999 0.608675115625 0.9531652609375 0.590391578125 0.9506772234374999 0.5889560859375 0.9520359296875001
0 0.614017959375 0.9153074921875 0.61806510625 0.9572847484375 0.6363486437500001 0.9597727875000001 0.6534342875 0.9402079171875 0.6434831375 0.9230468546875 0.6156372125 0.8719256515625 0.614017959375 0.9153074921875
0 0.6717934015625 0.9386657125 0.6715884015625 0.9281146796874999 0.6652096875 0.9245381734375 0.6515132125 0.9244948046874999 0.6503582984375 0.9323742984375001 0.6518585031249999 0.93830623125 0.6585933734375 0.9443732812500001 0.6670551828125 0.94428153125 0.6717934015625 0.9386657125
0 0.5689574609375001 0.7939539546875001 0.5675110984374999 0.8066335421874999 0.581995465625 0.8076277546874999 0.5868739734374999 0.8052723296875 0.585956659375 0.7897402109375 0.5840247187500001 0.785347978125 0.5689574609375001 0.7939539546875001
0 0.79826806875 0.8110390703125001 0.7930981140625 0.818194590625 0.8043444671875001 0.8307365531249999 0.8180409421875 0.830779921875 0.8214948234375001 0.818462321875 0.8200701953125 0.808500146875 0.806665165625 0.8036566828125 0.79826806875 0.8110390703125001
0 0.740373578125 0.836994621875 0.752623690625 0.849717578125 0.7545556312499999 0.8541098109374999 0.7719001203125 0.863707490625 0.77943375 0.8594045031249999 0.7762174703125 0.8483104906250001 0.76109636875 0.8383049453125 0.7531527390625 0.8215058718750001 0.740373578125 0.836994621875