0 0.2493700640625 0.26652908124999997 0.25434938749999997 0.2466274265625 0.25423792500000003 0.231724490625 0.247982171875 0.2268473828125 0.2419153671875 0.232644765625 0.23123490625 0.24888149531249998 0.21905779218750002 0.2838360828125 0.2264445296875 0.2794576421875 0.2374689078125 0.2654385140625 0.241850109375 0.26768449843750003 0.2493700640625 0.26652908124999997
0 0.25377984531250003 0.14130146562499998 0.257950346875 0.1445528703125 0.2685315703125 0.14422449531249998 0.26874227031250003 0.1432190734375 0.27530795937499997 0.13118240781249998 0.2758068453125 0.12494312187500001 0.264959190625 0.11882545 0.255199015625 0.1268120515625 0.2533027140625 0.1358608390625 0.25377984531250003 0.14130146562499998
0 0.45 0.177308290625 0.44188065 0.1698101765625 0.43382783125 0.1580735 0.4254650765625 0.1632505984375 0.422725971875 0.1763210703125 0.4183230171875 0.185754996875 0.42170644843750005 0.20047955156250002 0.4293038875 0.19509569375 0.4410718296875 0.1929632375 0.44949031718750004 0.195237603125 0.45 0.17769544375 0.45 0.177308290625
0 0.3928201734375 0.08750345000000001 0.3992866265625 0.09137513750000001 0.40451063125 0.0895994375 0.410311003125 0.077356009375 0.413394025 0.066503140625 0.4031009859375 0.061597650000000004 0.39745558124999997 0.0653841921875 0.390335275 0.076208678125 0.391289540625 0.08708992812500001 0.3928201734375 0.08750345000000001
0 0.3696037546875 0.032363384375 0.3638808671875 0.0403783703125 0.3683178 0.0500758203125 0.377867275 0.0430946390625 0.387971365625 0.037325640625 0.392795721875 0.025880871875 0.38598535156249997 0.019791581250000002 0.37748937968749996 0.021745659375 0.3696037546875 0.032363384375
0 0.6014967421875 0.23749272656249998 0.5937660859375 0.239653565625 0.588886 0.24364686562500001 0.5917922984375 0.2529307953125 0.59290153125 0.255355159375 0.602218553125 0.261059309375 0.6080746578125 0.2562673484375 0.6102373921875 0.2536646078125 0.6109469781250001 0.24641989843749998 0.6068539609375 0.23894005 0.6014967421875 0.23749272656249998
0 0.5813728703125001 0.129008590625 0.579154403125 0.12415986718750001 0.57366396875 0.1194895171875 0.5661440125 0.1206449359375 0.5572266406249999 0.12460985468750001 0.5553303375 0.1336586421875 0.5582366375000001 0.14294257187499998 0.5656791078125 0.1460156 0.5674204421875 0.1454237 0.5728551453125 0.142642578125 0.5790551671874999 0.1400682203125 0.5813728703125001 0.129008590625
0 0.6390938140625 0.1584131515625 0.6451606203125 0.1526157671875 0.6481661562500001 0.1459913453125 0.6502731609375 0.1359371359375 0.6495853281249999 0.13150192968750002 0.6429856593750001 0.1244072203125 0.6345671703125 0.12213285468749999 0.6278125328125 0.12349503125000001 0.6246737796875 0.12689643281250002 0.6173427734375 0.1387263390625 0.620038371875 0.1490156921875 0.6239981734375 0.15327251718749998 0.6329712781250001 0.1567590671875 0.636032546875 0.157586109375 0.6390938140625 0.1584131515625
0 0.7039201390625001 0.0728794453125 0.709488059375 0.0733213484375 0.71610948125 0.0687361484375 0.7175286515625 0.05424673437500001 0.710374365625 0.0459398421875 0.7039636453125 0.049519621874999996 0.6978968390625 0.055317004687500004 0.696288721875 0.059131928125 0.6948138187499999 0.066169875 0.7039201390625001 0.0728794453125
1 1 0.31875 1 0 0.7441206359375 0 0.7446342140625 0.0020783796875 0.7315463390625 0.00279189375 0.7246924640625 0.0200624265625 0.7208998578125 0.038160001562500004 0.736339415625 0.045518237499999996 0.7442807703125001 0.0423519765625 0.7306505062499999 0.0726646 0.7330021890625 0.08073634843750001 0.7420527781249999 0.079994453125 0.7244069796874999 0.09859878125 0.7185848531250001 0.12252212031250001 0.7144265781250001 0.1500820046875 0.7154705546875 0.1875461015625 0.71455026875 0.195796228125 0.7199632203125 0.20469502031250003 0.731442975 0.207796428125 0.737255575 0.226364290625 0.738841940625 0.23422927968749999 0.748081478125 0.2441618734375 0.7514988890625001 0.2780178078125 0.7608716421875 0.2911734265625 0.7677159890625 0.31639409218750003 0.7679225984375 0.31875 1 0.31875
0 0.099855925 1 0.1069779015625 0.9921567140625001 0.1085860203125 0.9883417921875001 0.1030955828125 0.9836714453125002 0.089719525 0.9896188234375 0.084706221875 0.9903891015624999 0.077568353125 1 0.099855925 1
0 0.31217671406249997 0.8850552234375 0.32265869999999996 0.9006352062499999 0.33331740781249997 0.8960783890624999 0.33682182968749996 0.8832146765625 0.3338380453125 0.878159190625 0.32249150625 0.8782808046875001 0.31217671406249997 0.8850552234375
0 0.375976690625 0.9394736937499999 0.366371484375 0.93900340625 0.3589072625 0.947610290625 0.35719990625000003 0.96733356875 0.36540769375000004 0.97061335625 0.3709756140625 0.971055259375 0.3769092015625 0.9620348546875 0.37943760625 0.9499698046875 0.375976690625 0.9394736937499999
0 0.38805456875 0.9204274609375 0.38357412968750004 0.93408983125 0.39574171874999997 0.9416264468750001 0.40270705625 0.9392588468749998 0.407453928125 0.9320425218749999 0.4089288296875 0.9250045765625 0.40058782812500004 0.9185017656250001 0.38805456875 0.9204274609375
0 0.20445738125 0.604177796875 0.2098146 0.6056251203125 0.2155932203125 0.6050616046874999 0.2179109234375 0.594001975 0.2166127421875 0.580903121875 0.212020840625 0.579662559375 0.20352486875000003 0.581616634375 0.200231146875 0.593474925 0.20445738125 0.604177796875
0 0.18253644375 0.4888340953125 0.185520228125 0.49388958125000004 0.1913545796875 0.50077753125 0.2018243390625 0.4855462218750001 0.20289959375 0.4688392078125 0.197963775 0.46538104062499996 0.1861183484375 0.47174193906250006 0.182558196875 0.4771541828125 0.18253644375 0.4888340953125
0 0.2647570609375 0.48236379375 0.2519016390625 0.47039197499999996 0.2402669140625 0.47574745468749996 0.237028925 0.4950572109375 0.2423643921875 0.5081844484375 0.253212046875 0.5143021203125 0.25767073281249997 0.512319659375 0.2620736875 0.5028857328124999 0.26544489375 0.48679899843749996 0.2647570609375 0.48236379375
0 0.3117703921875 0.393080015625 0.3063914203125 0.40331260156250004 0.3070575 0.4194277171875 0.313734653125 0.422293984375 0.321387825 0.42436159062499995 0.32336161093750004 0.4110843578125 0.3196342640625 0.3941422 0.3117703921875 0.393080015625
0 0.12963842812499998 0.7103834375 0.137734753125 0.698760290625 0.133586003125 0.6838289734374999 0.1136877609375 0.6784531984375001 0.1055914359375 0.6900763453125001 0.10166561249999999 0.704950896875 0.1116704671875 0.7150902515625 0.12963842812499998 0.7103834375
0 0.568459603125 0.9390945859375 0.5784862109375 0.9375540296875 0.5879024687500001 0.927349825 0.590009471875 0.9172956156249998 0.5828551859375001 0.9089887234375 0.5776311828125 0.910764421875 0.5692684265625 0.9159415234375 0.5626470046875001 0.920526725 0.5617267187499999 0.92877685 0.568459603125 0.9390945859375
0 0.55465944375 0.8737503140625 0.5577424640624999 0.862897446875 0.556921415625 0.8552392171874998 0.5487911125 0.8477309875 0.54000695625 0.8549189296874999 0.5365800187499999 0.8635541953124999 0.54032911875 0.8688164421875001 0.551176775 0.8749341140624999 0.55465944375 0.8737503140625
0 0.48967004999999997 0.7478334390625 0.5008833734375 0.7444888015625 0.511885996875 0.7421495859375 0.5093453671875 0.7234033453125 0.49646819375 0.7231114390625 0.48349178281249994 0.7387278859374999 0.46215261406249997 0.7595214359375 0.4684083671875 0.7643985421874999 0.48967004999999997 0.7478334390625
0 0.4991298125 0.7142694109375001 0.5133269203124999 0.7159802625 0.522055346875 0.7013408515625 0.52041325 0.6860243968749999 0.509277409375 0.6851405890625 0.4986187015625 0.689697409375 0.4937168609375 0.705370621875 0.4991298125 0.7142694109375001
0 0.5416912859374999 0.5111744015624999 0.555655940625 0.5255705828125 0.5662928953125 0.532693675 0.5767626531250001 0.517462365625 0.5735124390624999 0.5059608328125 0.5609234484375 0.5004350609375 0.5416912859374999 0.5111744015624999
0 0.539547603125 0.428794740625 0.5453044703125001 0.43991113437500007 0.5584140984375 0.427517709375 0.561574603125 0.412436396875 0.5557402515625001 0.40554844843750004 0.5430737765625 0.40425111874999997 0.5359534703125 0.41507560625 0.539547603125 0.428794740625
0 0.5602668953125 0.4418287453125 0.572744421875 0.432451584375 0.5698381203125 0.423167653125 0.56218495 0.421100046875 0.55807018125 0.4253001078125 0.555197859375 0.43514755625 0.5602668953125 0.4418287453125
0 0.5705259546875 0.42760285625000005 0.576437790625 0.4302623625 0.5843791453125 0.4270961046875 0.58363558125 0.41520943125 0.5773798296875 0.4103323234375 0.5670093062499999 0.40965527812499997 0.565113003125 0.4187040671875 0.5705259546875 0.42760285625000005
0 0.6864953078125 0.352699090625 0.6886023109374999 0.34264488125 0.6690347328125 0.33817471875 0.66338193125 0.33794438437499996 0.665621046875 0.3481219734375 0.6731967328125 0.3544180234375 0.6800845859375 0.35627886875 0.6864953078125 0.352699090625
1 1 1 1 0.4275432375 0.6996606671875 0.34775713124999996 0.7025669671875 0.3570410625 0.6928067921875 0.3650276640625 0.680539965625 0.37339940625 0.6697480421875 0.3747332 0.6647129859375001 0.3871833890625 0.6549528109375 0.39516999375 0.6395472328125 0.4069431359375 0.6336693765625 0.4234150078125 0.61834128125 0.43095970625 0.6155246937500001 0.448258621875 0.615137271875 0.469400840625 0.6170675546875 0.47948343125 0.6021391078125 0.4966972 0.598002584375 0.5125771734375 0.5876320625 0.5119001265625001 0.58196490625 0.527366578125 0.5791483171875 0.5446654921875 0.5631323890625 0.5477749875000001 0.5595504828125 0.5648671421875 0.5611708281250001 0.5918635078125 0.572439884375 0.595970340625 0.57107644375 0.6179112203124999 0.555193734375 0.6242437359374999 0.53875640625 0.629364071875 0.5328785500000001 0.6458359453125 0.529773775 0.6683687234375 0.5237069703125 0.6741661078125001 0.5236852171875 0.6858460187500001 0.5429513609375001 0.6942380578125 0.5491853609375 0.7107950765625001 0.53533216875 0.7113018296875 0.527657246875 0.720914134375 0.53953665 0.7336846125 0.5556857921875 0.7337981421875 0.5695389843750001 0.7332913875 0.567565196875 0.7465686203125 0.5516267546875 0.7454496703125 0.5545113015625 0.7664135125 0.5594253671875 0.7815515890625 0.5566862640625 0.794622059375 0.5587280078125 0.819607584375 0.56515095625 0.8468390953124999 0.5768753906249999 0.8680664625000001 0.5632886312500001 0.8750192609375 0.5387767328125 0.8800828328125 0.49355776718750005 0.9029236890625001 0.5224291156249999 0.9117860125 0.5449889796875 0.9083197625 0.5628237265625 0.900389925 0.585882475 0.8906843875 0.597439715625 0.8895573546875 0.6074228171875 0.9113766203125 0.6156863359375 0.922107875 0.6236059390625 0.9306215265625 0.6100191781250001 0.9375743265625001 0.6064372734375001 0.9546664812500001 0.601324734375 0.9713451140625 0.6087454515624999 0.9860980515625 0.619726321875 0.9954387468749999 0.63164923125 0.9848494046875 0.6377160359375 0.9790520218750001 0.6429182875 0.9889562328124999 0.650072571875 0.9972631249999999 0.6558152703125 1 1 1