0 0.2035591421875 0.0161252359375 0.1931645375 0.0075760624999999995 0.1870169046875 0.0173100125 0.1870238765625 0.025812214062499998 0.190684271875 0.032520284375 0.2010788765625 0.041069456250000004 0.209924375 0.0371732671875 0.2035591421875 0.0161252359375
0 0.0932065125 0.32839580156250003 0.08607543906250001 0.3117528375 0.07511168124999999 0.31288411875 0.07203786718750001 0.31775109218750003 0.076857478125 0.3306048625 0.085906634375 0.3404862546875 0.0912919125 0.339408471875 0.0932065125 0.32839580156250003
0 0.0734809078125 0.43544966562500004 0.0798287125 0.4352421984375 0.0894435375 0.43119204062499994 0.0909787015625 0.4266330015625 0.089816 0.41623620624999996 0.0794213953125 0.407687034375 0.0723077484375 0.41229957031250003 0.067505565625 0.4207012984375 0.0677057390625 0.43022778125 0.0734809078125 0.43544966562500004
1 0.3796875 0.4890625 0.3796875 0.058186957812499995 0.37520743749999996 0.0624315375 0.3512205390625 0.064731096875 0.3458146125 0.0958256953125 0.3295271171875 0.10408750468750001 0.3231873953125 0.1003541875 0.3114335453125 0.1177128859375 0.298510403125 0.089036040625 0.27565999375 0.0973607875 0.2770442796875 0.12959749062499998 0.269815871875 0.1460504875 0.24944932656250002 0.147625484375 0.2528669890625 0.1757036484375 0.2449525890625 0.1835402390625 0.257210240625 0.228607146875 0.2456836859375 0.24717088125000003 0.23621101093750002 0.28658255312500003 0.2335203484375 0.3171337359375 0.2258291453125 0.32117406718749997 0.2143230953125 0.364744275 0.2034743328125 0.3819218328125 0.206668796875 0.41379625156250005 0.209201871875 0.467062028125 0.2098265890625 0.4890625 0.3796875 0.4890625
0 0.0933769 0.2463895484375 0.0827349328125 0.23976567499999998 0.07187386875 0.2419393515625 0.0659969453125 0.2506187015625 0.0734772515625 0.2653785046875 0.0749868125 0.266392734375 0.09610856718750001 0.2658513046875 0.0933769 0.2463895484375
0 0.4776748484375 0.040506475 0.490792484375 0.030378010937499998 0.4821797890625 0.014594307812499999 0.4719924171875 0.0103805125 0.468152965625 0.0199026203125 0.4681611671875 0.0299052078125 0.47609196875000004 0.042073796875 0.4776748484375 0.040506475
0 0.482736896875 0.1420367296875 0.485220765625 0.1352869796875 0.48611355312499993 0.1201019578125 0.474111903125 0.11124914999999999 0.46619750312499997 0.1190857375 0.46281264687499996 0.13101792343750002 0.466213903125 0.1390909125 0.4730082203125 0.1452343078125 0.482736896875 0.1420367296875
0 0.579655190625 0.2126780734375 0.5710588984375 0.2168995453125 0.571294396875 0.22810717343750003 0.575373446875 0.23479398593749998 0.5828455515625001 0.2395511984375 0.5903094578125 0.23430582656249999 0.5905244546875 0.2205069828125 0.5855403140625001 0.2140013109375 0.579655190625 0.2126780734375
0 0.57463648125 0.44002817343749995 0.57644665625 0.4396658953125 0.582782278125 0.4383979171875 0.5859398359375 0.42526069062499994 0.582761775 0.41339144687499996 0.569640040625 0.41851861875 0.5633085203125 0.42478789062500005 0.5621843359375001 0.43376658125 0.57463648125 0.44002817343749995
0 0.594544328125 0.43104180468750003 0.6017891375 0.4345939828125 0.612199709375 0.4350115203125 0.6176302390625 0.43392468281249996 0.6124106031250001 0.41621138437500005 0.5920358578125 0.40778379375 0.5868367234375 0.41507696562499996 0.5850306468750001 0.4204405390625 0.5875268171875 0.42869466875000006 0.594544328125 0.43104180468750003
1 1 0 0.633467721875 0 0.621149846875 0.03430165625 0.6157562203125 0.0804001390625 0.603775071875 0.096553796875 0.60583305 0.12240302656249999 0.59656716875 0.1380132671875 0.608122425 0.1544585859375 0.605650859375 0.17621221874999998 0.6115605890625 0.20754322187500002 0.6129325718749999 0.22477604062499998 0.603207996875 0.23297490937499998 0.603906290625 0.25659519999999997 0.6186232078125 0.264904590625 0.6197719953125 0.2859336671875 0.6068775578125 0.292265878125 0.6062161671874999 0.31365723125 0.6311204578125 0.32618041875000003 0.62932258125 0.341546578125 0.6277561046875 0.3631190703125 0.618023325 0.3613153515625 0.61756873125 0.358905278125 0.585431934375 0.35783379531250004 0.59496201875 0.3884402375 0.5999502578125 0.3999472046875 0.6171510421875 0.40150684375 0.641137940625 0.3992072875 0.659264315625 0.42559225625 0.6576855375 0.43216087031250006 0.662896971875 0.4398715796875 0.6921076078125 0.4602866171875 0.7088743 0.48444265 0.7115025156250001 0.4890625 0.8269476140624998 0.4890625 1 0.4557878609375 1 0
0 0.292688440625 0.4890625 0.28409905 0.5009636953125 0.294300453125 0.508488584375 0.30565061718750003 0.5094058687499999 0.30872443125000004 0.5045388953125001 0.305443471875 0.49137718750000003 0.30084035937500003 0.4890625 0.292688440625 0.4890625
0 0.1785451171875 0.8005814328125 0.1831610703125 0.7996576203125001 0.1846892625 0.7865963828125 0.182564034375 0.7753292734375 0.1767923515625 0.7743584890624999 0.17140707500000002 0.77543626875 0.1669912953125 0.785886565625 0.170079053125 0.7980239890625 0.1785451171875 0.8005814328125
0 0.162479909375 0.9143433703125 0.1674787796875 0.9112170234375 0.1666955125 0.8943665921874999 0.1564871390625 0.8783395031250001 0.15052922500000002 0.8848466375000001 0.14745540937499999 0.8897136109375001 0.14727266249999998 0.901442628125 0.1507398546875 0.9071264187499999 0.162479909375 0.9143433703125
0 0.23037025312499998 0.897567303125 0.22727901093749997 0.8811787796875 0.22303900781250002 0.8713978578124999 0.218612771875 0.8690948531250001 0.2076525015625 0.87447723125 0.20208447812500002 0.8872840312499999 0.204986003125 0.906899371875 0.2165328546875 0.9130920406249998 0.2296044125 0.9019723703124999 0.23037025312499998 0.897567303125
0 0.2708243140625 0.9681292906250001 0.269875728125 0.984263375 0.27507825937499997 0.9949146109375 0.2829647140625 0.99439920625 0.2869906015625 0.9776492453125 0.28524829218750003 0.9641795999999999 0.2775550390625 0.9657192875 0.2708243140625 0.9681292906250001
0 0.1018944265625 0.6904938796875 0.10630672031249999 0.675792484375 0.09840980625 0.663554590625 0.0805151515625 0.6575693890625 0.070327690625 0.6670488984375 0.07399505625 0.682259171875 0.08189196875 0.6944970671874999 0.1018944265625 0.6904938796875
0 0.5547617875 0.5534189484375001 0.557659828125 0.568783190625 0.5618963453125 0.5743130109375001 0.57613060625 0.573590140625 0.581515884375 0.5725123578125 0.589785259375 0.56979441875 0.5899714921875 0.5623165015625 0.5880394640625 0.5520736765625001 0.584572271875 0.546389884375 0.57879361875 0.5369169015625 0.5705207578125 0.5353837390625 0.5557173453125 0.5457870640625 0.5547617875 0.5534189484375001
0 0.5363746609375 0.65063839375 0.527898140625 0.63532765 0.5234719046875 0.6330246453124999 0.5171241 0.6332321140625 0.51462640625 0.6369208375 0.512525575 0.6554114234374999 0.5165723765625 0.6641680625 0.530040796875 0.667850259375 0.535419103125 0.6582702796875 0.5363746609375 0.65063839375
1 0.735361784375 0.4890625 0.733810928125 0.50376665 0.724385821875 0.504589990625 0.7220848156249999 0.5135540953125 0.71747235 0.518729009375 0.7093961765625 0.5224712296875 0.7042006171875 0.5203221953125 0.6918879265625 0.5185345953125 0.6847777671874999 0.5273982312500001 0.6797719234375 0.5220223765625 0.6664932203125 0.5151133640625 0.6680423265625001 0.527558725 0.6632436296875 0.54021155625 0.6588208796874999 0.54215965 0.651127625 0.5436993359375 0.6478501515625 0.5347887296875 0.6347716203125 0.5374061984375 0.631304428125 0.531722409375 0.6218793218750001 0.5325457515625 0.612657875 0.547146675 0.6165149578125 0.55913013125 0.6211413671875 0.5709596171875 0.617874346875 0.5748023109375 0.611519571875 0.566507578125 0.5992033953125 0.5604688765625 0.5963297531249999 0.574862334375 0.58594211875 0.5748153625000001 0.5749853328125 0.584448840625 0.583855228125 0.61031035 0.58000163125 0.60257799375 0.567492253125 0.5955150109374999 0.5549898453125 0.5969542296875 0.56211743125 0.6093460921875 0.5559872265625 0.640335540625 0.547145215625 0.64848283125 0.5433090453125 0.662005975 0.5342808 0.67763118125 0.5385242875 0.6916632015624999 0.5306413171875001 0.69642970625 0.52564593125 0.703807153125 0.5379725640624999 0.7225991515625 0.5289338640625 0.725471059375 0.5187533734375 0.7434527703125 0.5066338859374999 0.7426894515625 0.5108843453125 0.7652236734375 0.50492294375 0.7674797046874999 0.5060891328125 0.782127603125 0.4982026765625 0.7826430078125 0.4924484203125 0.8029277203125 0.49899291406249996 0.8079956359375 0.5092012875 0.8240227234375 0.49265905 0.8252075031249999 0.49478428125 0.8364746125 0.4844105890625 0.853432040625 0.473060425 0.85251475625 0.4590298234375 0.8670152078125 0.4546175296875 0.881716603125 0.45366894375 0.8978506890624999 0.4734991125 0.918329815625 0.47311967812500005 0.92478345 0.4800540625 0.9361510296875 0.4781429484375 0.9514148015625 0.4731475625 0.9587922484375 0.47239217812499995 0.9759506171875 0.490286834375 0.98193581875 0.48875864062499996 0.9949970546875001 0.4754869078125 0.9965902406249999 0.4755783296875 1 1 1 1 0.593540034375 0.9922225671875001 0.5870440593749999 0.982604259375 0.58684311875 0.9731756671875 0.5834153625 0.9616253296874999 0.5729715953125 0.957582015625 0.5684660546875 0.9464146 0.555819753125 0.9373654421875 0.5459383625 0.9263947140625 0.5385674421875 0.9165797156250001 0.53309111875 0.9058056765625 0.53099558125 0.8929133765625 0.5261351328125 0.8798313609375 0.5245015015625001 0.8702130531249999 0.5243005625 0.8503968265624999 0.52082583125 0.848664971875 0.5201094859375 0.8253780671875 0.5066998671875 0.8199893062499999 0.503526546875 0.8103709968749999 0.5033256078125 0.8034435828125 0.5004602265625 0.7943979109375 0.4948299359375 0.78496931875 0.49140217656249996 0.7732835625 0.4890625 0.735361784375 0.4890625