0 0.04103689375 0.04841825625 0.0412662609375 0.0715619484375 0.04449130625 0.077502521875 0.0554831859375 0.07199900000000001 0.056461668750000006 0.057139164062500004 0.050784629687500006 0.0451672453125 0.044449218750000005 0.044857946875 0.04103689375 0.04841825625
0 0.056738907812499996 0.15610836875 0.056533481249999996 0.17087743125 0.063001721875 0.17749039375 0.07105236875 0.17338544843749998 0.0720127015625 0.1637937921875 0.067561659375 0.154837546875 0.061848321875 0.1534019921875 0.056738907812499996 0.15610836875
0 0.1322259265625 0.22623535781249998 0.1288317484375 0.2245274859375 0.1217232859375 0.22430896093750002 0.119198696875 0.2393503421875 0.1278169703125 0.24992368593749997 0.1386397203125 0.248652865625 0.141901065625 0.244057075 0.1402402734375 0.232666775 0.1322259265625 0.22623535781249998
0 0.24896938125 0.16407953749999998 0.255081215625 0.18442608124999998 0.26354850625 0.1939639453125 0.2700711953125 0.1847723625 0.2674863703125 0.17243735468750002 0.260734315625 0.15848524375 0.255322940625 0.1591206546875 0.24896938125 0.16407953749999998
0 0.095173015625 0.349598903125 0.08657289375 0.33375737656250004 0.0722049859375 0.33228484375 0.06739753281250001 0.3370621796875 0.07088824375 0.3556100796875 0.0787334609375 0.36627419843750003 0.0908003578125 0.36275086875 0.095173015625 0.349598903125
1 0.31875 0.7 0.31875 0.2081103609375 0.3050698234375 0.2090994578125 0.2776746875 0.2207419078125 0.25276784218750004 0.22787933906250002 0.227577184375 0.22767762500000002 0.220281440625 0.23695997968750002 0.20169185625 0.24967489375000002 0.1322382859375 0.1777862390625 0.1901744359375 0.273144696875 0.177086971875 0.2588832890625 0.179955609375 0.2785574421875 0.1593851234375 0.283079275 0.1590468640625 0.2915446734375 0.14803683437499998 0.3023163765625 0.1390019171875 0.278100221875 0.12101625625000001 0.29495706093749996 0.1355590828125 0.335377834375 0.1388988125 0.3528902515625 0.12901824374999998 0.3498375984375 0.11335174374999998 0.3664221203125 0.08607129062499999 0.38963641718750003 0.06293991875 0.41973599375 0.05012390625 0.46126284999999995 0.053354740624999994 0.5103843625 0.054393457812500004 0.5229009171875 0.058071446875 0.531947934375 0.0197570265625 0.5280211765625 0.0115191 0.5416270062499999 0.027867909375 0.5512926234375 0.0228731765625 0.565570840625 0.006790034374999999 0.5685125531249999 0.0008349703125 0.592382428125 0.030325690625000002 0.6005049046875001 0.037850796874999995 0.6143662390625 0.0317447546875 0.6372006328125 0.05561288125 0.6175466468749999 0.0543142890625 0.6356037015625 0.0578049984375 0.6541516015625 0.0598824328125 0.6791847109375 0.049530775 0.678293796875 0.047628257812500005 0.6922089234375 0.05251099687500001 0.7 0.31875 0.7
0 0.048270048437500004 0.4161924953125 0.059865853125 0.41483090312500004 0.0602222625 0.4010973203125 0.047720573437500004 0.396246021875 0.04012286875 0.40345741406249996 0.048270048437500004 0.4161924953125
0 0 0.3610323125 0.06393654843749999 0.399607975 0.071836215625 0.3944675453125 0.07975403125 0.384058934375 0.066533734375 0.363493865625 0.0447916984375 0.3491954765625 0.02808648125 0.35326344062500004 0 0.350100503125 0 0.3610323125
0 0.6973940015625001 0.015498535937499999 0.69614985625 0.017751045312499998 0.69503854375 0.02630721875 0.701204821875 0.0308492171875 0.7073892515625 0.030123035937499997 0.714195753125 0.0282705984375 0.7183811312499999 0.024619515624999998 0.71839928125 0.0193513328125 0.7171914328125 0.011067478125 0.7156634765625001 0.0059808421875 0.71211831875 0.0032374874999999996 0.70129556875 0.004508309375 0.6973940015625001 0.015498535937499999
0 0.7819852484375 0 0.7819406578125 0.012943440625 0.7948952890625 0.0209011859375 0.8012307 0.021210484374999998 0.8080553500000001 0.014089864062499999 0.8090156828125 0.004498209375 0.8077287156249999 0 0.7819852484375 0
0 0.6114456453124999 0.110900715625 0.6149726546875 0.1189122546875 0.620836971875 0.1213832890625 0.626399328125 0.121783359375 0.6318288531249999 0.1158797671875 0.6312430796875 0.106469659375 0.63033719375 0.10025676875 0.6227939375 0.0916636140625 0.6128952203125 0.09387914375 0.6111799828125 0.0982933875 0.6114456453124999 0.110900715625
0 0.55652833125 0.171062890625 0.552965025 0.17358771875 0.5518537109375 0.1821438921875 0.5549096265625 0.192317165625 0.560453834375 0.19798541875 0.57050353125 0.196805371875 0.5816463921875 0.192337334375 0.5818155234375 0.1881046328125 0.5801547328125001 0.17671433281249999 0.5665961765625 0.1646146609375 0.5594695640625 0.16966431875000001 0.55652833125 0.171062890625
0 0.42431723125000004 0.3266642265625 0.41954607656250004 0.3209052 0.41058954375 0.31879725625 0.33699268125000004 0.28320425625 0.399126571875 0.32646251249999997 0.4171724671875 0.3369820625 0.41949162968750003 0.3367097453125 0.42352602656249994 0.3320231796875 0.42431723125000004 0.3266642265625
0 0.353129490625 0.39926899531250004 0.3643507375 0.416909165625 0.381943690625 0.4243222734375 0.3885992109375 0.4214343515625 0.3906345578125 0.413822890625 0.3841844671875 0.40194174374999997 0.376943171875 0.395419553125 0.3614820984375 0.3972350109375 0.353129490625 0.39926899531250004
0 0.3925007765625 0.410444125 0.39483808593749997 0.4049036234375 0.39904161406250005 0.395984359375 0.3961366796875 0.38684656875 0.39259152343750003 0.3841032140625 0.38284378750000003 0.387354225 0.3769613203125 0.390151371875 0.3812432328125 0.40334031562500006 0.3861653671875 0.4101348265625 0.3925007765625 0.410444125
0 0.41925569218750003 0.4051961109375 0.40939327343750004 0.396875275 0.4011916453125 0.3999447421875 0.3975920421875 0.41300593281250003 0.40466420625 0.4237608234375 0.41580706875000006 0.41929278437499995 0.4213875734375 0.4144246734375 0.41925569218750003 0.4051961109375
0 0.5082604484375001 0.7 0.5111386078125 0.695625225 0.5093449875 0.6779312625 0.49220497500000004 0.6736246 0.4873975234375 0.6784019375 0.483043015625 0.6862857203125 0.48193169999999996 0.6948418937499999 0.4842025109375 0.7 0.5082604484375001 0.7
0 0.5243640765625 0.7 0.5246006296875001 0.69088486875 0.51888729375 0.6894493140625 0.51317395625 0.688013759375 0.5043684046875 0.6869412984375 0.497712884375 0.6898292171875 0.50061781875 0.698967009375 0.5011786140625001 0.7 0.5243640765625 0.7
1 1 0.7 1 0.17058926562500001 0.9966854359374999 0.16993322187499998 0.9858205999999999 0.13855946875 0.9647006359375 0.12313482499999999 0.939564425 0.10712856562499999 0.917955221875 0.0991338421875 0.8912003078125 0.10438185468750001 0.8730034296875001 0.0928268203125 0.8588409515625 0.0765852234375 0.8478672203125001 0.0768205609375 0.8381557828125 0.06953520625000001 0.8208284921875 0.074729428125 0.8057056796875 0.06807948593749999 0.7914524546874999 0.078178796875 0.7869832640625 0.074490734375 0.7716731718750001 0.07734167187499999 0.7509154062500001 0.0913643859375 0.7399416750000001 0.09159972499999999 0.726497803125 0.091071896875 0.7244624546875 0.09868336250000001 0.7150166812500001 0.1040053375 0.699404628125 0.1047853125 0.689693190625 0.097499959375 0.67425026875 0.0940472328125 0.6814189671875 0.12164215 0.6698776093750001 0.1071991984375 0.656149925 0.0993322265625 0.6415947375 0.107360575 0.6452545781250001 0.12167577656249999 0.66143425625 0.1355740921875 0.6530634984375 0.14287625625 0.6425245609375001 0.151486221875 0.6396014765625 0.14761661406249998 0.6274017484375 0.14483627968749999 0.618710878125 0.1553356625 0.6053998375 0.1611115015625 0.6000849953125 0.1785869390625 0.5977295375 0.18939562031249998 0.602784503125 0.20249379374999998 0.593960803125 0.20668951406249997 0.588114634375 0.19895029687500002 0.5766879609375 0.1960791890625 0.5663000031250001 0.2057246359375 0.5742780546875 0.222692415625 0.5639082453125 0.22706968125000002 0.556063028125 0.216405565625 0.5485618578125 0.2404569859375 0.5683048421875 0.2518304734375 0.5526201921875 0.27368317656249996 0.545813690625 0.275535615625 0.5331610203125 0.269648834375 0.5193970359375 0.272318228125 0.5230387265625 0.29190160781249996 0.5237754812500001 0.3023472015625 0.5148008 0.3055074375 0.5076799765625 0.35373803125 0.5110378546875001 0.36598226875 0.49770866406250003 0.3770262890625 0.490032575 0.3621294703125 0.48088876406250003 0.36952240937499997 0.474873465625 0.36601589218749997 0.46616444843749993 0.3817834578125 0.4778204875 0.40779825625 0.475748840625 0.42594608593750005 0.46072256093749997 0.43613616874999994 0.460215171875 0.4488342703125 0.47641299843749996 0.4574644046875 0.4782247703125 0.4698901859375 0.48499497343750003 0.47857411406250006 0.49657262968750004 0.48248070312499997 0.48799644375 0.50455193125 0.5080050921875 0.5285327468750001 0.5020863265625 0.5418662578125 0.4872473265625 0.542555459375 0.4873801578125 0.548859121875 0.49486896874999997 0.5732568234375 0.4909855515625 0.5789788703125 0.4981361015625 0.6118419703125 0.5070381859374999 0.629754459375 0.5178246390625001 0.639020003125 0.5180903031249999 0.6516273328125 0.5326694265625 0.6815117390625 0.532180184375 0.68894165625 0.53911055 0.7 1 0.7
0 0.507899334375 0.0208978578125 0.5086360890625 0.0313434484375 0.514029315625 0.0359762203125 0.5189695984375 0.0375025453125 0.5260780625000001 0.0377210734375 0.5288864640625001 0.0300188359375 0.5279987281249999 0.0185377640625 0.5218324484375 0.013995764062499999 0.5162700921875001 0.0135956921875 0.507899334375 0.0208978578125
0 0.041572399999999995 0.7 0.039400046875 0.70153925 0.028257187499999996 0.706007290625 0.0228458109375 0.7066426984375 0.046756026562500004 0.7196332859375 0.061595025000000005 0.718944084375 0.0673446609375 0.7098432734375 0.06459070624999999 0.701740965625 0.0586020078125 0.7 0.041572399999999995 0.7
0 0.0990580078125 0.7008534046875 0.0934956515625 0.7004533312500001 0.085765115625 0.7013610609375001 0.0820145296875 0.713386771875 0.08056495625 0.7304083453125 0.0932357765625 0.73102694375 0.101739365625 0.7300284421875001 0.10673409687499999 0.7157502234375 0.0990580078125 0.7008534046875
0 0.217967478125 1 0.21475460468750002 0.987433078125 0.211378578125 0.9804570234375 0.1974636125 0.982090934375 0.1926561625 0.9868682734374999 0.19340971875 1 0.217967478125 1
0 0.2369974375 1 0.2342319265625 0.9861992390625 0.2271597609375 0.9754443484374999 0.218203228125 0.973336403125 0.21445264375 0.9853621140625 0.21658452499999997 0.994590678125 0.2202815765625 1 0.2369974375 1
1 0.31875 1 0.31875 0.7 0.1967240484375 0.7 0.181702146875 0.7122134375 0.1768221 0.738063503125 0.185724184375 0.75597599375 0.189873265625 0.762861275 0.20111266093750002 0.7752332656250001 0.20120919375000001 0.7920732921875 0.1849569203125 0.7992477046875 0.1942937984375 0.825534821875 0.207284728125 0.8229561999999999 0.2121524171875 0.8455552562499999 0.1973134171875 0.8462444578125 0.1911710734375 0.8796152140625001 0.21977405781249998 0.8762566203125001 0.2274682953125 0.8858852546874999 0.21664554531250002 0.887156075 0.20305069062499997 0.8855927687499999 0.1946980828125 0.8876267515624999 0.1978868296875 0.9041036874999999 0.1948911484375 0.9213068062499999 0.18974543906250002 0.9345495453125 0.190125784375 0.9587287171875 0.2009303859375 0.9627260796874999 0.21269531874999997 0.9571317875 0.21755721874999998 0.936549903125 0.22462938437500002 0.9473047937500001 0.234322671875 0.9598583296874998 0.2312123078125 0.9654896031250001 0.24271736718749998 0.9904689203124999 0.2374388234375 0.9974079937500001 0.2386932125 1 0.31875 1
0 0.48928716874999995 0.7364434546874999 0.49388919218750005 0.7464351812500001 0.504071721875 0.7515587984375001 0.51210421875 0.7527220328124999 0.5127444421874999 0.7463275953124999 0.520173015625 0.743348903125 0.5141940140625 0.7293060234375 0.5041624671875 0.7252178875 0.4950368046875 0.72734264375 0.48928716874999995 0.7364434546874999
0 0.4621634859375 0.8038741703125 0.46846259687499997 0.8147198328125 0.47063077812500004 0.8134120328125001 0.4793216453125 0.80291265 0.4816771046875 0.792103965625 0.47675497031249997 0.7853094578125 0.46717636562500003 0.78432776875 0.462483596875 0.8006769515625001 0.4621634859375 0.8038741703125
0 0.33006127812499997 0.9278664125 0.3300431296875 0.9331345953125 0.3400565296875 0.9424909109375001 0.3524253859375 0.941038546875 0.35770392968750003 0.9340994734375 0.35404409062500003 0.919784271875 0.347726828125 0.914206790625 0.337357021875 0.9185840562500001 0.33006127812499997 0.9278664125
1 0.5358724593749999 0.7 0.5348370984375 0.7037114640625 0.5370836609375 0.7245118734375 0.551113309375 0.734449809375 0.5520191953125 0.7406627 0.5442523593749999 0.752106790625 0.531678075 0.7683282218749999 0.5196111796875 0.7718515515625001 0.5071094890625 0.767000253125 0.48550028593750005 0.759005528125 0.46881321875 0.7578053125 0.4572537109375 0.7486305421874999 0.4388514062500001 0.7518445703125 0.44051219687500004 0.763234871875 0.45623893281250005 0.7740267421875 0.47337894375000006 0.7783334046875 0.4829393984375 0.7845832749999999 0.4817736375 0.8089439953124999 0.48586248281250005 0.7884528828125 0.493707703125 0.7991170015625 0.49012624687499995 0.8069100109375 0.487432528125 0.8261840953125 0.479327434375 0.8460935875000001 0.47597534374999995 0.8770302875 0.477297875 0.8968859890624999 0.4718502015625 0.9080577640625 0.4804684734375 0.91863110625 0.48103609843750006 0.9333093984375 0.4717594546875 0.9343986718749999 0.44845316406249996 0.9255500125000001 0.42190367812499996 0.9160289609374999 0.3951066765625 0.888632403125 0.3860775484375 0.9075971859375 0.40840535781250004 0.9313056828124999 0.4080308 0.950307446875 0.4223987078125 0.9517799828125 0.4331067734375 0.9389373140625 0.4510198390625 0.9431532031250001 0.455283603125 0.9616103296875 0.44168874843749995 0.9600470234374999 0.437316090625 0.9731989875 0.44127789218749996 0.9895851515625 0.44440637499999996 1 1 1 1 0.729963215625 0.9922307468749999 0.7237284859375 0.9872120796875 0.7000939484375001 0.98719838125 0.7 0.5358724593749999 0.7