1 0 0 0 0.36875 0.5296875 0.36875 0.5296875 0.0820852359375 0.5262885203125001 0.0827420390625 0.527509484375 0.075725090625 0.5296875 0.07364390781249999 0.5296875 0.06566306250000001 0.5188028171875 0.05977688437499999 0.505076634375 0.0726761328125 0.49994742812500004 0.0721603828125 0.498285990625 0.0577138859375 0.48671366562499996 0.04623734375 0.48416204843750005 0.0309080359375 0.49434425937500004 0.026378759374999998 0.4957603453125 0.0122417125 0.46696058437500004 0.0037927374999999998 0.44719827187499994 0.0033922109375 0.43883643437500003 0 0 0
0 1 0.11353663437499999 0.9933893328125001 0.11657036093749999 0.99121873125 0.12904493749999998 0.99204945 0.1362681859375 0.9950675140625 0.14291807343750002 1 0.1451469953125 1 0.11353663437499999
0 0.9202815515625 0.20679541562499998 0.9087427140625 0.21912130156249998 0.9069791 0.2292568953125 0.9108111390625 0.23122881562500003 0.9231212359375001 0.232466615625 0.9361096468749999 0.22980610937499998 0.94273114375 0.2217455875 0.942773859375 0.2035039375 0.942062059375 0.1835998125 0.9543386703125 0.1610351828125 0.9276408203125 0.1884961515625 0.9202815515625 0.20679541562499998
0 0.6121631390625 0.25593714843750004 0.61067085 0.2645134203125 0.6132819281249999 0.27350228906249996 0.6221075125000001 0.276769621875 0.639818140625 0.2769638484375 0.6446592796875 0.26713770625 0.6385636921875 0.26017836875 0.6308996109375 0.2562345265625 0.6188608390625 0.25343740625 0.6121631390625 0.25593714843750004
0 0.6150790296875 0.287169125 0.6183684171875 0.292259690625 0.6255493078125001 0.29298174062500004 0.6338917015625001 0.29302727812499996 0.6376475390625 0.2894384234375 0.638597178125 0.283980796875 0.6313400859375 0.2776979703125 0.6221075125000001 0.276769621875 0.6161643296875 0.2809318375 0.6150790296875 0.287169125
0 0.4528269265625 0.5446908984375 0.45724555625 0.5404687171875 0.46262180624999993 0.5307430453124999 0.45770466875000004 0.5237155437500001 0.4473216265625 0.5198716234375 0.43807550624999997 0.5236083953125 0.43663907812499997 0.531863628125 0.440119790625 0.5471463640625001 0.4528269265625 0.5446908984375
0 0.3261141765625 0.595413903125 0.31629959687500003 0.59536033125 0.3091480140625 0.601174303125 0.3106937890625 0.6134625890625001 0.3172966109375 0.6178596984375 0.33152982343750004 0.6136910890625 0.33385391875 0.6073917046874999 0.33271699843749997 0.5998110140625 0.3261141765625 0.595413903125
0 0.012526392187499999 0.5909477765625001 0.012366790625 0.5918650249999999 0.02411630625 0.5949130499999999 0.03707269375 0.5980824265625 0.0338215375 0.5744231046875 0.028335940625 0.5636052578124999 0.0223715296875 0.55553915625 0.012526392187499999 0.5909477765625001
0 0.14800644999999998 0.5392397453125 0.142291296875 0.536798484375 0.134322 0.533197271875 0.129334909375 0.5336291078125 0.12523548281250002 0.53601679375 0.1241182609375 0.5424375296875 0.130401875 0.5486691374999999 0.13989725 0.5505572078125 0.148734515625 0.5421128421875 0.14800644999999998 0.5392397453125
0 0.1338628875 0.54995044375 0.124866021875 0.55931205625 0.13702439375 0.5670676765625 0.1419218375 0.5600937484374999 0.14062531250000002 0.5534303046875 0.1338628875 0.54995044375
0 0.12406800625 0.5638982984375 0.1148218859375 0.56763506875 0.11233818749999999 0.5748517015625 0.11274704531249999 0.5795592953125001 0.1284363828125 0.58113688125 0.1375928546875 0.5708580203125 0.12406800625 0.5638982984375
1 0 1 0.5296875 1 0.5296875 0.7296176437499999 0.5266125546875 0.7275699015624999 0.5194412734375 0.7193824453125 0.4941669078125 0.7093746984375 0.4801632515625 0.7051667203124999 0.46019518281250005 0.6928926390625 0.46484337187499997 0.6802938703125 0.44744865312500004 0.667345246875 0.41598032500000004 0.6576479828125 0.39585265625 0.64629115 0.36568085 0.6432573296874999 0.33897005625 0.6415048156250001 0.317086753125 0.6402377125000001 0.306454459375 0.63076895 0.30153732031249997 0.6237414484375 0.28464110625 0.622042509375 0.265331153125 0.6201008640625 0.2542200484375 0.6133838453125 0.2441562125 0.60770543125 0.22477630624999997 0.6132231234375001 0.215300628125 0.62533648125 0.1897967078125 0.6237053203125 0.187133709375 0.617837771875 0.17923436718750002 0.6067772203125 0.1858174890625 0.5971729 0.193607484375 0.587689934375 0.193108978125 0.5764402515625 0.18368355625 0.5670928421875 0.15874809375 0.569252028125 0.14676902187500002 0.5745805875000001 0.14389616562500002 0.5910910546875 0.142300134375 0.6002635375 0.13742239218750002 0.62123889375 0.1232591328125 0.6179481625000001 0.104447684375 0.6272562031250001 0.085776140625 0.6216455625 0.0778265390625 0.632045778125 0.0639322328125 0.6483813171875 0.046716815625000005 0.6485168734375 0.027017698437499998 0.6558690625000001 0.014629770312500002 0.6564900312499999 0 0.6680894015625001 0 1
0 0.94211679375 0.7148093953125001 0.9511542453124999 0.72285784375 0.9674320453125 0.725287903125 0.9782925703124998 0.716860321875 0.97233264375 0.709121321875 0.947983775 0.705086403125 0.94211679375 0.7148093953125001
0 0.862703275 0.697304621875 0.8594138843750001 0.69221405625 0.8496386625 0.694404353125 0.8382354875000001 0.705950578125 0.8539706375 0.7114992812500001 0.8662045296875001 0.707176303125 0.862703275 0.697304621875
0 0.7633733203124999 0.7642671421875 0.7739625203125 0.7573988828125 0.7741576421875 0.7502787843750001 0.7639586875 0.742906846875 0.7524031062500001 0.7433315203124999 0.747350103125 0.7483765468750001 0.747773834375 0.7579387796875 0.7492828656249999 0.761263721875 0.7633733203124999 0.7642671421875
0 0.7746298859375 0.8915340328125 0.773001934375 0.9008899640625 0.7874399171875 0.9078948406249999 0.7998094734375 0.9027922 0.8079994609375 0.8917161859375 0.786787578125 0.881650278125 0.7746298859375 0.8915340328125
0 0.6706163484375 0.691476125 0.688250775 0.6861095765625 0.6897430640625 0.6775333046875 0.68726765 0.667764775 0.6709898515624999 0.665334715625 0.66237613125 0.6668484984375 0.659662878125 0.6824417171875 0.6706163484375 0.691476125
0 0.5296875 0.4902108890625 0.5400071390625001 0.4942971 0.5549710296875 0.486282115625 0.5557088015625 0.4760433734375 0.54113515625 0.46981815937500004 0.5302746328125 0.4782457421875 0.5296875 0.478381384375 0.5296875 0.4902108890625
0 0.5786750703125 0.51801776875 0.5664411765625 0.5223407468750001 0.5564540874999999 0.5197499265625 0.552503128125 0.5304588796875 0.56256641875 0.5386104765625 0.57342694375 0.5301828953125 0.596733228125 0.52221345 0.5786750703125 0.51801776875
1 0.5296875 1 0.73539035 1 0.7370957671875 0.9932690921875 0.7551371828125 0.985563559375 0.737681134375 0.9719087953125001 0.7309666937499999 0.9625073265624999 0.735172234375 0.9383378375 0.7374617578125 0.9131823859375 0.7426169375 0.88355526875 0.7393702640625 0.8602230531250001 0.7374969609375001 0.840995440625 0.7395151562500001 0.8173993109375001 0.7424402750000001 0.8065872078125 0.7729869078125 0.7929993750000001 0.73853203125 0.799054509375 0.7197955609375 0.798757134375 0.73030855625 0.7863280968749999 0.709113415625 0.788163403125 0.7181173796875 0.7724094218750001 0.7105889609375 0.76768591875 0.7104365546875 0.756564365625 0.7208900921875 0.750475765625 0.714777759375 0.7316152140625001 0.694184728125 0.7239914390625 0.682976675 0.7284175671875 0.6673344734375 0.7403308546874999 0.65822081875 0.72672163125 0.6484121109375 0.7051094984375 0.6424949 0.6791288484375 0.6615454125 0.65962525 0.664123003125 0.6448116921875 0.6795700828125 0.6400185031250001 0.6856321859375 0.6231754125 0.6987060281249999 0.5840316031249999 0.6729745609375 0.617936159375 0.6420803984375001 0.6275225359375 0.6358491468749999 0.621342859375 0.6229964 0.6232237062499999 0.6311009546874999 0.64863099375 0.6137973140625 0.646097784375 0.5919665765625 0.63358974375 0.5627430828125 0.6155785390625 0.5312133234374999 0.6108215687499999 0.5296875 0.6103630718749999 0.5296875 1