0 0.08502711874999999 0.41592193125000004 0.085154434375 0.40497609375000004 0.0831612984375 0.3970848296875 0.07796930156250001 0.39533912187500003 0.06859096718749999 0.395011490625 0.058052378125000005 0.404811446875 0.058994381250000005 0.41344815312499994 0.067267021875 0.4192123 0.0818737265625 0.4181582578125 0.08502711874999999 0.41592193125000004
0 0.018031320312499998 0.35022620937500004 0.026358521875000002 0.3512992828125 0.0347221 0.349244975 0.036924395312500004 0.339153790625 0.036969865625 0.3352445625 0.035955109375 0.33286262187500004 0.025552928125000002 0.33093489531250003 0.0213847796875 0.33078928125 0.0151052765625 0.332916396875 0.0108643765625 0.3390255484375 0.0149597734375 0.34542592656250004 0.018031320312499998 0.35022620937500004
0 0.1345265421875 0.46223449843750003 0.14499238125 0.45868930781249995 0.145101509375 0.449307159375 0.13995497968749998 0.44365222187500003 0.1316823421875 0.43788807656250006 0.12122559531249999 0.440651421875 0.12111647031249999 0.45003357031249996 0.12102553125 0.45785202500000005 0.1282743203125 0.462016078125 0.1345265421875 0.46223449843750003
1 0.3 0.4890625 0.3 0 0.0232567578125 0 0.0189247140625 0.0045412546875 0.0093554078125 0.02063238125 0.013378053125 0.0332875234375 0.0059292 0.0463240734375 0.004796221875 0.0541061265625 0 0.0577600796875 0 0.26509951875 0.0033283453125 0.269931909375 0.01253389375 0.28511460624999996 0.0144724640625 0.2976969421875 0.020570089062499998 0.3112067390625 0.040332417187500004 0.3150257875 0.038148309375 0.3235532828125 0.0379846203125 0.337626503125 0.0410652609375 0.341644940625 0.049301525 0.3505364703125 0.072244525 0.3497736578125 0.08898986875 0.3441013484375 0.0888443671875 0.3566108796875 0.0803716625 0.36804733437500003 0.0947692078125 0.38497573906250004 0.0945873296875 0.4006126515625 0.0944418265625 0.41312218125 0.09423266875 0.43110462812500006 0.09206675 0.43806843281249996 0.07825654531250001 0.4602687078125 0.076017875 0.473487275 0.0959257046875 0.46479679531249996 0.10764274062500001 0.443305559375 0.1172029515625 0.4279962796875 0.1296528328125 0.43312419375 0.1389584140625 0.43970659218749997 0.14926965625 0.44945277343749995 0.16702975625 0.4461624046875 0.1804398265625 0.4583633359375 0.191865859375 0.46189115625 0.21265203437500002 0.4673103 0.2293428140625 0.4663290671875 0.2439222390625 0.4676205609375 0.235467721875 0.477493325 0.2322506734375 0.4852025703125 0.23372847968750002 0.4890625 0.3 0.4890625
0 0.33645618593750004 0.059221290625 0.32171298125000003 0.0614668140625 0.3301339828125 0.07556388281250001 0.3325751359375 0.07656935625 0.3435870703125 0.07879444375 0.351028215625 0.0716928609375 0.348715446875 0.05964956875000001 0.33645618593750004 0.059221290625
0 0.5056874515625001 0.060532421875 0.5143331250000001 0.055313304687499995 0.5193759109375 0.0435269765625 0.5145684953125 0.0350773015625 0.503556559375 0.032852215625 0.48751253906249997 0.0414936390625 0.483738471875 0.049643521875 0.4873306609375 0.05713055 0.4909870390625001 0.059098670312500004 0.5056874515625001 0.060532421875
0 0.58577475625 0.1341850609375 0.5931731078125 0.1307627515625 0.598098209375 0.12909442499999998 0.6031089015625 0.12006755468750001 0.6019150703125 0.117265271875 0.5958710296875 0.1096925859375 0.5823537515625 0.11198093437500001 0.5737080750000001 0.11720005156249999 0.5748591125 0.1236816078125 0.5772574687500001 0.1283663546875 0.58577475625 0.1341850609375
0 0.5768036999999999 0.272820659375 0.5705456859375 0.283644340625 0.5741057765625 0.2938908265625 0.5802033109375 0.29686441874999997 0.5713757578124999 0.317720446875 0.5701284359375001 0.31951725625 0.5848074515625 0.32279064375 0.5898609359375 0.3100844984375 0.5961189484375 0.299260815625 0.5962045375 0.2919022703125 0.599989303125 0.28283256875 0.5939666625 0.273420246875 0.5768036999999999 0.272820659375
0 0.7055259140625 0.2773175671875 0.706912321875 0.2635631203125 0.6996958484375 0.251348515625 0.6850061359375 0.24899494687499998 0.6774794015625 0.26345507343749996 0.689631675 0.273081534375 0.7055259140625 0.2773175671875
0 0.708850634375 0.3078000546875 0.72008724375 0.2907089546875 0.728839903125 0.2762916546875 0.7277851578125001 0.2615317359375 0.7106114984375 0.26185196718750003 0.6994176828125 0.275263790625 0.6931489703125 0.28700729062499997 0.681880265625 0.306857846875 0.68287081875 0.3271366765625 0.6866020921875 0.32266606875 0.708850634375 0.3078000546875
0 0.73405386875 0.24978823593750002 0.7391501484375 0.2334028171875 0.7392892328125 0.22144517968750002 0.7347385859375 0.19091986249999998 0.7237159515625 0.1896145953125 0.7270834703125 0.216417809375 0.7221155718750001 0.22176540781249998 0.7158896546875 0.2298296359375 0.7169657984375 0.2427499203125 0.7229884421875 0.2521622421875 0.73405386875 0.24978823593750002
0 1 0.1897456109375 0.9996562593749999 0.190052640625 0.99219371875 0.1989938578125 0.9884410484374999 0.20530410468750002 0.9895278906249999 0.2173045703125 1 0.2327668171875 1 0.1897456109375
1 1 0 0.494811584375 0 0.49403801875 0.007674498437500001 0.5099750546875 0.008231259375 0.524664765625 0.010584828125 0.5368919296875 0.013772559375000002 0.536763546875 0.024810379687500002 0.525655321875 0.030863659375 0.5181178890625 0.0462436046875 0.533937240625 0.056918365625 0.5437232484375001 0.059100625 0.541239303125 0.0617744234375 0.535002684375 0.07075846875 0.5472298484375 0.07394620156250001 0.5558862203125 0.06780726718749999 0.560939703125 0.055101120312499995 0.5767911515625 0.0630164265625 0.5693072109375 0.0737972796875 0.5765343828124999 0.085092065625 0.5861920062499999 0.0983121453125 0.5995167109375 0.1125805234375 0.6165298921875 0.1260575671875 0.6397368921875 0.134229840625 0.6568142640625 0.142187975 0.6813434812500001 0.142124709375 0.6984743468750001 0.145483753125 0.6934957531249999 0.15175116875 0.6762472015625001 0.158510128125 0.6622912765625 0.19851103125 0.6919595656249999 0.178383071875 0.7377788671875 0.1404155109375 0.748694515625 0.15091896093749999 0.736424559375 0.1514105015625 0.7229072765625 0.153698853125 0.712960784375 0.1653138703125 0.7299953625 0.1769512765625 0.7397278796875 0.183732628125 0.7420513468750001 0.1948561015625 0.751805259375 0.199797815625 0.77146286875 0.19680378437499998 0.7826138890625 0.1870712328125 0.7949373390625001 0.1819805984375 0.798732803125 0.17199108125 0.8011953515624999 0.17115691718749998 0.8122072875 0.17338200312500002 0.829391646875 0.1721419546875 0.8526735421874999 0.1738754984375 0.8514262171875 0.175672309375 0.852470265625 0.19135204687500001 0.8721278734375 0.1883580171875 0.8796332109375001 0.17573752812500001 0.8820422687499999 0.17950245625 0.8942587328125 0.18361000624999999 0.8954418640625 0.18733210625000002 0.9027118281250001 0.19494761875 0.9186167671875001 0.19826383281249998 0.9285097656249999 0.1912479078125 0.9274229218750001 0.1792474421875 0.945822509375 0.1789700390625 0.9642648906249999 0.1750133625 0.9765990390624999 0.1690029109375 0.9926216671875 0.162201125 1 0.16213327500000002 1 0
0 0.3 0.9536221640625001 0.281406128125 0.9562887328125 0.2750902484375 0.9615432312500001 0.2801640265625 0.9734529328124999 0.2936468484375 0.979399096875 0.3 0.9796210437500001 0.3 0.9536221640625001
0 0.24550774999999997 0.9057583390625 0.2444293359375 0.9088493171875001 0.24848835781249998 0.9183770765624999 0.26623026875 0.9166504015625 0.27160414374999997 0.9027591984375001 0.267526934375 0.894795128125 0.255049771875 0.8920127499999999 0.24771004375 0.8956671531249999 0.24550774999999997 0.9057583390625
0 0.2291261625 0.8801568234375001 0.235432946875 0.8756841703125 0.24279995781250002 0.8696842296874999 0.23455460156250002 0.8615745453125001 0.22521264375 0.8581195328125 0.21683997187499998 0.8609556859375 0.2125536046875 0.8709740640625 0.2187148875 0.8790109421875 0.2291261625 0.8801568234375001
0 0.141318478125 0.9905029375 0.1434662078125 0.9851028249999999 0.143557146875 0.9772843703125 0.1321583984375 0.9714110125000002 0.12270731406249999 0.9773381453125001 0.11844822656250001 0.9850109875000002 0.1214833984375 0.992938653125 0.13185829843750002 0.9972119156249999 0.141318478125 0.9905029375
0 0 0.9863481453125 0.0110547609375 0.9867343421874999 0.0235955796875 0.9840438031249998 0.0361909625 0.9766621890625 0.03735121875 0.9665345999999999 0.030075150000000002 0.9647160843750001 0.014417312500000001 0.9665155671874999 0 0.9699346421874999 0 0.9863481453125
0 0.0634952734375 0.69056214375 0.0499124171875 0.6932162796875 0.047801062500000005 0.695489009375 0.037335221875000005 0.699034203125 0.04243628125 0.7085983671875 0.05910887031249999 0.7091808234375 0.0643099640625 0.7101446875 0.0685508609375 0.7040355359375 0.067599765625 0.6961806765625 0.0634952734375 0.69056214375
0 0.11506591562499999 0.8276780078125 0.12865786562499998 0.8242420265625 0.12883065 0.8093869609375 0.1216728 0.7974044515625 0.1153660140625 0.8018771046875 0.11213987031249999 0.8103681953125002 0.1037308234375 0.8163317328125 0.11506591562499999 0.8276780078125
0 0.1455578046875 0.8052783453125001 0.1580440609375 0.8072788781250001 0.1685553703125 0.79982445625 0.1727871765625 0.7944971515624999 0.1801723734375 0.7869335203125 0.160410046875 0.783114471875 0.1531703515625 0.7781685734374999 0.14268632187500002 0.7832774578125 0.14146240937500001 0.7988779640624999 0.1455578046875 0.8052783453125001
0 0.15105366250000002 0.691274503125 0.1457707265625 0.69734725 0.14358661875 0.7058747453125 0.1507808453125 0.7147298703125 0.16118302812500002 0.7166575984375 0.1747386015625 0.7163489984375 0.18210561249999999 0.7103490578125 0.1842260609375 0.7072944828125 0.1853590375 0.69951243125 0.174051228125 0.6858206171875001 0.1646728953125 0.685492984375 0.15105366250000002 0.691274503125
0 0.3522220296875 0.6843807125 0.368858246875 0.68809055 0.38036612187499996 0.6845817625 0.37836389531250003 0.6774723437500001 0.3711514796875 0.670180909375 0.3586379421875 0.6705259124999999 0.35647202343749995 0.6774897156249999 0.3522220296875 0.6843807125
0 0.695572121875 0.83090771875 0.6842097484374999 0.8219069796875 0.674804134375 0.823924884375 0.6695302921875 0.8292157859374999 0.6663041468750001 0.8377068765625 0.6892380546875 0.8377259078125 0.695572121875 0.83090771875
0 0.7140014078125 0.8597094249999999 0.7118536765625 0.8651095359375001 0.7096513812499999 0.8752007203125001 0.727329634375 0.8789469640625001 0.7367170609375 0.87849275 0.7399432046875 0.8700016578125 0.7379227890625 0.8644559328125 0.726533134375 0.8578007296875001 0.7140014078125 0.8597094249999999
0 0.5545772703124999 0.67424239375 0.54723754375 0.677896796875 0.5398614390625001 0.6846785828125 0.5366716703125001 0.690042290625 0.5365807312499999 0.697860746875 0.54905789375 0.7006431265625 0.5637009734375 0.6964617015625001 0.5638191953125 0.686297709375 0.5628771921875 0.6776610046875 0.5545772703124999 0.67424239375
0 0.5975789375 0.7414463703124999 0.6079811187499999 0.743374096875 0.617386734375 0.7413561921875 0.621636728125 0.734465196875 0.6133913703125 0.7263555125 0.6019926203124999 0.720482153125 0.5957949609375 0.715572659375 0.594607421875 0.728045784375 0.595558521875 0.7359006453125 0.5975789375 0.7414463703124999
0 0.37011845781249997 0.4890625 0.3721919453125 0.49110186875000006 0.3721737578125 0.49266555937499995 0.3929872171875 0.49573916718750005 0.407630296875 0.49155774374999994 0.4085008640625 0.4890625 0.37011845781249997 0.4890625
0 0.4480841 0.5985630375 0.44485795625 0.6070541281249999 0.45312149999999995 0.6136001203125 0.469821375 0.611837040625 0.477215665625 0.6034915640625 0.4731293640625 0.596309340625 0.4690066843749999 0.592254496875 0.458586315625 0.5918904625 0.4480841 0.5985630375
0 0.945870159375 0.8216621203125 0.931290734375 0.8203706234375 0.9228998765625 0.82477046875 0.9207703328125 0.8286068906249999 0.925825921875 0.8420802828125 0.94139281875 0.8480992546875001 0.948723453125 0.845226696875 0.9561177437499999 0.8368812203125 0.9551848359375 0.8274626703125 0.945870159375 0.8216621203125
1 1 0.4890625 0.45391049218749996 0.4890625 0.4575571328125 0.50112356875 0.4573752546875 0.5167604796874999 0.46651714687499996 0.537416096875 0.471472703125 0.559489790625 0.48696684843749993 0.571763528125 0.48265319843750004 0.5841274421875 0.49186784218749996 0.5985282953125 0.504272253125 0.6075654390625 0.504199503125 0.6138202015625 0.49162230781250005 0.619638125 0.49975853593749997 0.63712995625 0.5122811687500001 0.6360031078125 0.5257639921875 0.641949271875 0.5413490765625 0.646404553125 0.5602239640625 0.6368958250000001 0.56009665 0.6478416625 0.5682874421874999 0.6606424203125 0.5754089171875 0.675752309375 0.575245228125 0.6898255296875 0.5593600421875 0.711171153125 0.5633644999999999 0.7253899890625 0.551702028125 0.742190153125 0.5441076703125 0.76773623125 0.555579171875 0.767354825 0.57047688125 0.7412817234375 0.5882551671874999 0.7364276656250001 0.5968551859375 0.714045371875 0.6072573671875 0.7159730984375 0.61861065 0.725755684375 0.6393149796875 0.7382114375000001 0.6673499453125 0.747794634375 0.7090223328125 0.7500326218750001 0.716289309375 0.752632984375 0.7162074640625 0.75966959375 0.710606240625 0.793106934375 0.6988710171875001 0.8161618640625001 0.715598171875 0.8120532468749999 0.736611696875 0.7979262515625 0.75005814375 0.8069997984375 0.7466864984375 0.82800041875 0.7602602609375 0.8261281281249999 0.7738158359375 0.825819528125 0.7843726140625 0.8144558796875 0.7886953578125 0.8013101203125 0.7991975734375 0.7946375453125001 0.823100765625 0.8009477437499999 0.8358598390624999 0.7794929109375 0.8609323843750001 0.7748936765625001 0.8776322578125001 0.773130596875 0.873291325 0.7878400484375 0.8826150953125002 0.7928587546875 0.904543340625 0.789714 0.9190954843749999 0.7933510312500001 0.9368646765624999 0.7892788187499999 0.9452737234375 0.7833152828125 0.9514622875000001 0.789006621875 0.9650997078125 0.7816614140625 0.9818996125 0.77129803125 1 0.7672189890625 1 0.4890625