0 0.16641253281249999 0.43179348749999996 0.1496285390625 0.4389245609375 0.1505031734375 0.44988831874999996 0.1552914125 0.4529621328125 0.16823810781249998 0.44814252187500003 0.178315209375 0.43909336562499995 0.1773642671875 0.4337080875 0.16641253281249999 0.43179348749999996
0 0.27284814687500003 0.45151909218749997 0.2727886046875 0.4451712875 0.2689680734375 0.4355564625 0.26445152968749996 0.43402129843750004 0.2540431875 0.435184 0.24526503281249998 0.4455786046875 0.24970526875000001 0.45269225156250004 0.257982803125 0.45749443437500004 0.26749974375 0.4572942609375 0.27284814687500003 0.45151909218749997
1 0.5390625 0 0 0 0 0.2742797984375 0.01766079375 0.27213301093750003 0.0253016578125 0.2800474109375 0.070586453125 0.267789759375 0.08885447656249999 0.2793163140625 0.12798713125 0.2887889890625 0.1584302140625 0.2914796515625 0.16228566875 0.2991708546875 0.205523375 0.31067690468750003 0.22242305 0.32152566718750003 0.25432425468750003 0.31833120312499996 0.3075695578125 0.315798128125 0.348569753125 0.3146329359375 0.36829590156249997 0.3202743640625 0.38061105781250004 0.3263744875 0.399168128125 0.3041813625 0.4202823515625 0.2964696578125 0.430000903125 0.3161502078125 0.45747741406250003 0.30911219375 0.46684572187500006 0.291452715625 0.4873009328125 0.29415157812500003 0.48832991562499994 0.307050115625 0.4829966109375 0.3192749625 0.4990074 0.3321612 0.51834385625 0.3285244421875 0.5390625 0.316956884375 0.5390625 0.29865929687500004 0.5386086453125001 0.29478836249999996 0.5390625 0.2941345109375 0.5390625 0
0 0.3767161515625 0.34674512968750004 0.385425446875 0.3394962203125 0.38061105781250004 0.3263744875 0.355711425 0.333862996875 0.352315709375 0.34291798125 0.3664786828125 0.35241116093749997 0.3767161515625 0.34674512968750004
0 0.08453245000000001 0.43162310000000004 0.0776709703125 0.4422650671875 0.0795888359375 0.45312613125 0.088118584375 0.4590030546875 0.10303034687499998 0.4515227484375 0.1040781703125 0.4500131875 0.104028728125 0.42889143281250003 0.08453245000000001 0.43162310000000004
0 0.7777649640625001 0.29904560625 0.7763265640625 0.29089980937500004 0.7701240984375 0.29113120625 0.7464329953125001 0.2983924203125 0.7465030453124999 0.305860425 0.7515670296875 0.31332433125 0.762763428125 0.3130888328125 0.770583840625 0.30787739687500004 0.7777649640625001 0.29904560625
0 0.8658583203125 0.3170776703125 0.874158196875 0.31458150156250003 0.8765052046875 0.3066589 0.87490698125 0.29760801406250004 0.868954115625 0.29218158125000004 0.8617029453124999 0.293545365625 0.849617659375 0.2958183390625 0.8436450640625001 0.3044228328125 0.8495979328125 0.3098492625 0.8552311593749999 0.313465515625 0.8658583203125 0.3170776703125
1 1 0 0.5390625 0 0.5390625 0.0336690640625 0.54116750625 0.034010465625 0.551135653125 0.048033187500000005 0.546121990625 0.0620682140625 0.55923625625 0.072693778125 0.5432057453125 0.0738384640625 0.5390625 0.07396105 0.5390625 0.103064775 0.5397005312500001 0.1034872921875 0.55637033125 0.105962959375 0.5800417125 0.112732671875 0.5823689937500001 0.1188409953125 0.5883021390625001 0.13829835 0.6044027 0.14462166875 0.6242186234375 0.1437001765625 0.6459721375 0.1396088265625 0.66886413125 0.127822171875 0.6750468703125 0.14162169687499998 0.697759315625 0.142960878125 0.7269938703125 0.1458788375 0.7327869171875 0.15040018125000001 0.7673350515624999 0.1551242171875 0.7850535609375 0.15646749843750002 0.816046159375 0.16934143125 0.8326261875000001 0.178380015625 0.8401970046875 0.178826409375 0.8616111484375001 0.1869558046875 0.8870800187500001 0.17561964531250002 0.9239751625 0.17242108125 0.9436312625 0.1705945 0.9622386546874999 0.16990030625000002 0.9797075703125 0.17690141875 0.9973560328125 0.170776690625 1 0.168617984375 1 0
0 0.7713978703125 0.5882685750000001 0.7479366375 0.60390288125 0.74679815625 0.611598184375 0.75180215 0.614911928125 0.7805366828125 0.613070534375 0.79078465 0.606130746875 0.7940205406249999 0.5961706718750001 0.7865395 0.5891613625 0.7713978703125 0.5882685750000001
0 0.70857891875 0.296160453125 0.702076534375 0.28055075 0.693706609375 0.2755789125 0.682829853125 0.27762458749999996 0.676537615625 0.284418903125 0.6787751249999999 0.2970901453125 0.6834296921874999 0.309306790625 0.6847980421875001 0.30998458125 0.698251678125 0.3083894 0.70857891875 0.296160453125
0 0 0.9034142609375 0.010368528125 0.9008406703125 0.0212011828125 0.8900596593750001 0.020250240625 0.88467438125 0.006216757812499999 0.883339390625 0 0.88403385625 0 0.9034142609375
0 0.1356594015625 0.9011225125 0.1254036765625 0.891128253125 0.1182129328125 0.892480671875 0.1095110828125 0.897296796875 0.1038909828125 0.9015333156249999 0.10552116874999999 0.9107652187499999 0.1095538578125 0.9155708890625001 0.12550599375 0.91575015 0.133392746875 0.9063180718750001 0.1356594015625 0.9011225125
0 0.1121835671875 0.79822960625 0.10287878125000001 0.7936206265625 0.0917148890625 0.7965151796875001 0.08431198906250001 0.8026767546875 0.0833442796875 0.8092177625 0.084295221875 0.8146030390625001 0.0868168078125 0.8228724156249999 0.10647039218750001 0.8199708890625 0.10955213906250001 0.81939128125 0.11703135 0.807651228125 0.1121835671875 0.79822960625
1 0.5390625 1 0.5390625 0.6296875 0.2270684234375 0.6296875 0.2237352234375 0.6365562687499999 0.209939903125 0.6606124984374999 0.19872571249999998 0.699285909375 0.1950838046875 0.7087144999999999 0.188903540625 0.7218000015625 0.1808046328125 0.736041234375 0.1745480609375 0.754705215625 0.1713732421875 0.7727895890625 0.16798626249999998 0.7956831171875 0.161322146875 0.8120391234375 0.163283571875 0.8291574828125 0.1796432515625 0.83164471875 0.1816809828125 0.8431845984375 0.19234425625 0.8554868328125 0.1920390265625 0.8778007515624999 0.21227878125 0.8962506187500001 0.2143165125 0.9077904984374999 0.214902684375 0.929141890625 0.21331527343749998 0.9381840765625 0.21610855624999997 0.947992103125 0.22568503906249998 0.9541397343749999 0.234989821875 0.9587487156249999 0.2271030671875 0.9681807921875001 0.219275853125 0.983960675 0.21117694375 0.9982019078125 0.21239688281250002 1 0.5390625 1
0 0.6203208140625 0.9556312796875 0.6073741203124999 0.960450890625 0.5985364234375 0.9644976906250001 0.59435111875 0.97084898125 0.6009817015625 0.9783455468750001 0.609607240625 0.9791079 0.619879734375 0.9771758734375 0.6260432296875 0.9760166578125 0.6258478390625 0.9688995265625 0.6203208140625 0.9556312796875
0 0.6277815359375001 0.8596379046875 0.6125086468750001 0.8633052687500001 0.604969896875 0.8686975171875 0.6011921390625 0.877356784375 0.605632375 0.8844704296874999 0.6154210124999999 0.8858089078125 0.6126109625 0.887927165625 0.6272046078125 0.8804131734375 0.6363903093750001 0.8723265437500001 0.64003221875 0.8628979515624999 0.6277815359375001 0.8596379046875
1 1 1 1 0.6296875 0.7613645218749999 0.6296875 0.7586630609375 0.6331236390625 0.734280778125 0.639299153125 0.73732899375 0.662572115625 0.7310128812500001 0.6748882921875 0.7203160765625001 0.686438628125 0.7107060625 0.7041435671875 0.7085752578125 0.7101084531249999 0.6899916968750001 0.7310908656249999 0.68758919375 0.7355171 0.6768160828124999 0.7526459171875001 0.6704236640625 0.770540571875 0.676706240625 0.7820769671875001 0.671824928125 0.7965079171875 0.6721561656249999 0.8043943734375001 0.6598124109375 0.8186390906250001 0.66630714375 0.82536633125 0.664235878125 0.8376790218749999 0.6535558406249999 0.837303071875 0.64987115625 0.8284575734375 0.6389194203125 0.8265429734375 0.6162603953125 0.8244456265625001 0.61376481875 0.8463766281249999 0.6364833843750001 0.8548217781249999 0.6431902734375 0.8567398624999999 0.6524782921875 0.8732751296875 0.663820809375 0.889423990625 0.6642283546875001 0.8917319671874999 0.66337973125 0.9109685859375001 0.6744505484375 0.9255787953125001 0.68032558125 0.9348072125 0.675308415625 0.9484688375000001 0.6580405703125 0.9588704140625 0.6460448171875 0.9690753031250001 0.6571324031250001 0.9717592265625001 0.677269840625 0.965587196875 0.68738971875 0.9748121296875001 0.6845033609375 0.9825088687499999 0.6881117375000001 0.996932846875 0.6919225890625 1 1 1