0 0.4917140328125 0.03693523125 0.4770908859375 0.0305733453125 0.465401859375 0.032857967187499997 0.46594345312499996 0.043843821875 0.47768552187499996 0.0486197984375 0.49127572343750003 0.05497560312500001 0.498888809375 0.0448222265625 0.4917140328125 0.03693523125
0 0.30130876875 0.12759815000000002 0.298048015625 0.1213031453125 0.29005804999999996 0.11184240000000001 0.277336078125 0.11412094218749999 0.27108257187499996 0.1219288921875 0.27298374375 0.130569321875 0.2847258140625 0.13534529687500002 0.2944578296875 0.1322646796875 0.30130876875 0.12759815000000002
0 0.2773500578125 0.0395957859375 0.264628084375 0.0418743296875 0.2622886015625 0.051274271875 0.2714203890625 0.0599572640625 0.2817498390625 0.060018065625000006 0.2905577890625 0.05614753125000001 0.28762366875 0.0475010234375 0.2773500578125 0.0395957859375
0 0.29925965625 0.0381558015625 0.2985003046875 0.02873761875 0.286160803125 0.020820221875 0.2784946765625 0.0239130015625 0.2723500484375 0.0309371171875 0.2722411703125 0.031720953125 0.2783830046875 0.0396018671875 0.29349470312500003 0.0498890109375 0.3005633984375 0.043654809375 0.29925965625 0.0381558015625
0 0.06918375156249999 0.042292825 0.0873970828125 0.037693178125 0.08903025625 0.025935648437499997 0.082073234375 0.0164809828125 0.0669587390625 0.0210988703125 0.059345653124999995 0.031252246875 0.060811315624999994 0.0430280171875 0.06918375156249999 0.042292825
1 0.61875 0.4296875 1 0.4296875 1 0 0.61875 0 0.61875 0.4296875
0 0.30776946875 0.9405405328124999 0.3068984421875 0.9468112140624999 0.30722228125 0.9593647390625 0.314070421875 0.9696032406249999 0.32575665468750004 0.9822236484375001 0.33261039062500003 0.9626520875000001 0.33652720937499997 0.949339046875 0.3320157546875 0.944605634375 0.3173926078125 0.9382437484375 0.30776946875 0.9405405328124999
0 0.31081526249999997 0.9334981750000001 0.3160330265625 0.9405891734375 0.34038819062500003 0.9438704421875 0.3449024421875 0.9336988234374999 0.3403909875 0.9289654109375001 0.33120336250000004 0.928126853125 0.318699146875 0.928837725 0.3142407328125 0.9311649093749998 0.31081526249999997 0.9334981750000001
0 0.326583028125 0.9241772749999999 0.327942609375 0.9218318499999999 0.329358025 0.9116419921875 0.3244110578125 0.9100439187500001 0.3139727296875 0.9107669515625 0.30592413125 0.9240556703125 0.3157091890625 0.9280356484375 0.326583028125 0.9241772749999999
0 0.042481335937499996 0.855824471875 0.03030375625 0.8541838390625 0.0237794515625 0.8564988625 0.020298146875 0.8666765609375 0.017849784375 0.876860340625 0.026763815625 0.887111 0.04166055625 0.884060784375 0.054329487499999995 0.87472164375 0.0564512140625 0.8668893718749999 0.0480257375 0.8605639671875001 0.042481335937499996 0.855824471875
1 0.61875 0.4296875 0 0.4296875 0 0.81064064375 0.0055214671875 0.8093228187499999 0.0162277953125 0.8289977453125001 0.0283523359375 0.82357778125 0.03308434375 0.8118384937500001 0.0468392625 0.8095660312499999 0.041398146875 0.8338527640625 0.05759863125 0.8363015546875001 0.07994094375000001 0.8466312593750001 0.092771796875 0.8435688828125001 0.1459907828125 0.8697698625000001 0.1587685921875 0.8596468859375002 0.16224989843749998 0.849469190625 0.1729031859375 0.8620835171875001 0.1912784375 0.8637606328124999 0.1944889453125 0.8480900078125 0.20329689687500002 0.8442194749999998 0.21340858749999997 0.845847946875 0.2258569671875 0.8529815078125 0.2421132875 0.847585865625 0.25483525937499996 0.8453073234375001 0.2539083984375 0.8594224390625002 0.2710329484375 0.8626611453125002 0.2708682328125 0.8712894140625 0.2847292328125 0.8831381468749999 0.298431109375 0.8738050874999999 0.30131498125 0.8604859687499999 0.3207790140625 0.85432473125 0.3202932578125 0.83549444375 0.31953390625 0.826076259375 0.3326913921875 0.8206623765625001 0.32882481874999997 0.85594104375 0.349427878125 0.8639070828125 0.3668790625 0.864794284375 0.399707153125 0.911271615625 0.37879423437500004 0.816226896875 0.3983671453125 0.809281825 0.4244643609375 0.8000217296875001 0.45659452968750003 0.7994263828125 0.45898985000000003 0.78218200625 0.46497255937500004 0.7688811281250001 0.463886571875 0.7618144499999999 0.47530480312499995 0.7540369 0.4855812109375 0.7470371046875 0.49579898437500003 0.762786775 0.5160251640625 0.7511386906249999 0.5050452437499999 0.7408758671875 0.5078732796875001 0.73540118125 0.51961535 0.74017715625 0.5315221343750001 0.7363248640625001 0.546851590625 0.7450443375 0.557672390625 0.7341253640625001 0.5575663078125 0.7200041687500001 0.5389733015625 0.7198947234374999 0.5319074015624999 0.71122389375 0.5291910390625 0.7010097140625 0.5452826453124999 0.704242340625 0.5738812609374999 0.6918590625000001 0.594925425 0.6668797 0.5909583625 0.6582271093750001 0.553442915625 0.6752647546875 0.5666031984375001 0.654945840625 0.585958353125 0.6495684390625 0.5962905968750001 0.6347242125 0.6180354796875001 0.6419124953124999 0.61875 0.641741959375 0.61875 0.6142121578124999 0.6087445687499999 0.6120477109375 0.61875 0.6124885546875001 0.61875 0.4296875
0 0.9519135828125 0.49474568125000007 0.9546327421875 0.49005482968749997 0.9580051703125001 0.4806609671875 0.9517544593749999 0.4735638875 0.9361514078125 0.47425651875 0.9318549140625001 0.48286046562500007 0.93228763125 0.49463015468750005 0.9446829703125001 0.49470311875000006 0.9519135828125 0.49474568125000007
0 0.8427899218749999 0.5584303859374999 0.8448027687499999 0.5513819484375 0.8483929531250001 0.5404204140625 0.8373041546875001 0.530941428125 0.818493390625 0.5323996531249999 0.8107714265625001 0.5433368656249999 0.8163688671875 0.5551369562499999 0.8311008921875 0.5607150078125 0.8427899218749999 0.5584303859374999
0 0.7709667421875 0.5917400828125 0.779177259375 0.584728128125 0.77678753125 0.5721624421875 0.7625440609374999 0.5705096468749999 0.7544424203125 0.5767377671875 0.7535713953125 0.58300845 0.7607461718749999 0.59089544375 0.7709667421875 0.5917400828125
0 0.6498692734375 0.7267416375 0.6375297734375 0.7188242406249999 0.6234482203125 0.7234482078125 0.624369490625 0.73914315625 0.6370356265625 0.7447090453125 0.646876521875 0.7408445921875 0.6498692734375 0.7267416375