1 0 0.36875 0.45 0.36875 0.45 0 0 0 0 0.36875
0 0.8355471140624999 0.25895219687500004 0.8407617984375 0.2588308 0.8500390078125001 0.2523533859375 0.8488185765624999 0.24220695937499997 0.843549275 0.2391989078125 0.834190146875 0.24098214843750002 0.8311432546875 0.245749159375 0.8312388296875 0.2512256953125 0.8355471140624999 0.25895219687500004
0 0.7753403734375001 0.15704005625 0.7682855734375 0.1712925296875 0.7695060046875 0.1814389578125 0.774816265625 0.18679409375 0.7779450765625 0.18672125625 0.782171440625 0.1897535859375 0.7873588203125 0.1880674640625 0.7923687046875 0.1762106359375 0.79215025 0.163692840625 0.78998245625 0.159047228125 0.7753403734375001 0.15704005625
0 0.7328939703125 0.176029846875 0.727843125 0.1855395890625 0.721817609375 0.19898542187499998 0.7157784406250001 0.21164889374999998 0.71693060625 0.2178835109375 0.72951411875 0.2215039671875 0.7409181625000001 0.21732508125 0.7408089359375 0.211066184375 0.7396021562499999 0.20170211875000002 0.7373251359375 0.1907976078125 0.7352529140625 0.1916285296875 0.7328939703125 0.176029846875
0 0.7124805078125 0.2618171859375 0.7208649671874999 0.2639700359375 0.7323509312500001 0.26448532343750003 0.7395968796875 0.26118591874999997 0.740489628125 0.25255565468749996 0.7403530937499999 0.2447320328125 0.7370877484375 0.2369812515625 0.7203734453124999 0.235805 0.704784 0.23929864374999998 0.705002453125 0.2518164359375 0.7124805078125 0.2618171859375
0 0.9545179859375 0.140345921875 0.9556155359375001 0.143451090625 0.9682400109374999 0.149418634375 0.9817026234374999 0.1436264640625 0.9795484812499999 0.13976321249999998 0.9753084640624999 0.1359485203125 0.9700255125 0.13215810781249998 0.9606390765625001 0.1323766234375 0.9545179859375 0.140345921875
0 0.397222715625 0.77268534375 0.3982320890625 0.78268186875 0.40419441093749997 0.789431828125 0.4200625984375 0.789688659375 0.431550228125 0.7781487203124999 0.42970624218750003 0.768171578125 0.42293119062500006 0.762693071875 0.4055249390625 0.7699870515625 0.397222715625 0.77268534375
0 0.4262782203125 0.66742481875 0.41875595624999995 0.6669736953125 0.4095754546875 0.6671874171875001 0.4038425484375 0.6735833984375 0.408179378125 0.6828762171875 0.420849215625 0.6870645625 0.43899374843750005 0.6784013578125 0.44546290937500005 0.66635195625 0.43530577812500004 0.6584471203125 0.4262782203125 0.66742481875
0 0.4190575359375 0.73209689375 0.41884996875 0.7202029265625 0.418729796875 0.7133169625 0.41193286249999994 0.7065864328125 0.40030321406249997 0.70998843125 0.391177475 0.7206278796875 0.3956233828125 0.7288849374999999 0.400805746875 0.7387843140625 0.41329185625 0.7366148625 0.4190575359375 0.73209689375
0 0.37320959062500003 0.7362954921875 0.3639198125 0.7302492375 0.353070121875 0.73050181875 0.3491265765625 0.7437449078125 0.3542324390625 0.7492623203125 0.362567434375 0.7484420390625 0.370869659375 0.7457437468749999 0.37320959062500003 0.7362954921875
0 0.368595303125 0.7589479734375 0.3687482484375 0.7677119515624999 0.3788398328125 0.771860765625 0.38709835937500003 0.7666585203125 0.3935456703125 0.7533570953125001 0.40009130624999995 0.7456897078125 0.4041222484375 0.737454571875 0.39408531875 0.7364357484375 0.393550071875 0.7370089234374999 0.3825211859375 0.743593725 0.371780740625 0.75010628125 0.368595303125 0.7589479734375
0 0.21615763906250002 0.6835889796875 0.22049447031249997 0.6928817984375 0.2289059375 0.69644348125 0.2430175390625 0.6917312203125 0.245368365625 0.6829089546875 0.24277719687500002 0.6779592421875 0.23186192656250001 0.674455846875 0.21936489531249997 0.6759992609375 0.21615763906250002 0.6835889796875
0 0.21004230937499999 0.66807504375 0.21435729062500003 0.6761158390625 0.226908946875 0.6777024125000001 0.24017507343750003 0.6723835421875 0.24082396718750002 0.6617221703125 0.232357875 0.6550304984374999 0.220695421875 0.6565544843750001 0.21004230937499999 0.66807504375
0 0.2519663484375 0.5825550328125 0.2378219125 0.5853893328125 0.22884904062500003 0.597496971875 0.23487688125 0.60800295625 0.2457375265625 0.6083763609374999 0.2556433609375 0.601883234375 0.2589052078125 0.5974235531250001 0.25790682187499997 0.588053015625 0.2519663484375 0.5825550328125
0 0 0.6880223109375001 0.0051915234375 0.699146534375 0.0161941890625 0.7076579296875 0.0353460703125 0.70470705625 0.035160353125 0.6940651156250001 0.027463356249999998 0.6835979875 0.014824303124999999 0.6770034625 0.0065767046875 0.6828317453125 0 0.687985259375 0 0.6880223109375001
1 0.45 0.8073994109375 0.4305146625 0.8144954156249999 0.41404131250000004 0.8274039546874998 0.4006769265625 0.8270888375000001 0.4045876984375 0.8119677359375 0.3811972734375 0.8112597796875001 0.3784968609375 0.800050090625 0.38163856875 0.7887044421875 0.37070148125 0.7839490234375 0.366266328125 0.7690222171875 0.3389556109375 0.7546279531250001 0.318706903125 0.7425743031250001 0.301060296875 0.7360963515625001 0.2801080953125 0.73157413125 0.26675461875 0.7318850015624999 0.25244639062499996 0.7253292859375 0.244166015625 0.729279603125 0.23172360625000002 0.7339530062499999 0.2207537296875 0.727319621875 0.22812305156249998 0.7190067703125 0.22951910937500003 0.7033179703125001 0.2111253203125 0.7018674515625 0.204361175 0.6970148828125 0.20666831718749998 0.6856886203125001 0.18974704375 0.6729312625 0.1875054640625 0.68801350625 0.1760396546875 0.7008054687499999 0.1559329890625 0.69688980625 0.136682753125 0.6942066921875 0.111797934375 0.7035535015625 0.1045378578125 0.71812633125 0.0886805953125 0.7184954890624999 0.084245440625 0.7035686796875 0.0707827359375 0.697619571875 0.04754525625 0.70567559375 0.0426797046875 0.7139301109374999 0.0043758125 0.7198318609375 0 0.723875190625 0 1 0.45 1 0.45 0.8484355656249999 0.44856549843750004 0.8441353078125001 0.45 0.8431809078124999 0.45 0.8073994109375
0 0.8390482484374999 0.77733735625 0.8358238640625 0.7719336609375 0.82948431875 0.767385165625 0.8231993875000001 0.76596611875 0.815885175 0.7653537140625 0.813015778125 0.78029143125 0.8194099359375 0.7879693765625 0.8308958984375 0.7884846624999999 0.8381281937499999 0.7844028953125 0.8390482484374999 0.77733735625
0 0.7559325703124999 0.73779025 0.770561 0.7390150625 0.7756255 0.73028768125 0.773403090625 0.72251261875 0.771289909375 0.7209964546875 0.7587337015625 0.718940721875 0.7537101625 0.730015190625 0.7559325703124999 0.73779025
0 0.70611424375 0.633288228125 0.7135649921875 0.641724253125 0.7198226171875 0.6415785765625 0.732214984375 0.6342459625 0.73936535625 0.625470021875 0.7465020796875 0.6159117203125 0.7638770234375001 0.5951575531250001 0.734920540625 0.6099199000000001 0.7235164953125001 0.6140987843750001 0.7183427703125 0.61656726875 0.717354446875 0.619720996875 0.7122489875 0.6261012921875 0.70611424375 0.633288228125
0 0.63456645 0.5989505828125 0.627347809375 0.6038147125 0.625439428125 0.6140339781249999 0.6328765234375 0.6216876421875 0.64329224375 0.6206624843749999 0.6525284921875001 0.611837984375 0.653462203125 0.605554809375 0.651253446875 0.598562109375 0.64915391875 0.59782830625 0.63456645 0.5989505828125
0 0.5946428312500001 0.6429274015625 0.59892380625 0.6490891796875 0.610409771875 0.649604465625 0.6166400890625 0.6478940640624999 0.6237495015625 0.6367710390625 0.617191503125 0.61970475 0.6077094921875 0.6144467312499999 0.6005454671875 0.6224403093750001 0.5944380296875 0.6311919687499999 0.5946428312500001 0.6429274015625
0 0.6971942062500001 0.4808732953125 0.6877804624999999 0.4795270875 0.6764719953125 0.48918250781249994 0.6765948749999999 0.4962237671875 0.674549959375 0.49861941249999997 0.6842231171875 0.5148305 0.69675201875 0.5153215078125 0.704958984375 0.50730365 0.704631303125 0.48852695937499996 0.6971942062500001 0.4808732953125
0 0.869588528125 0.8533290140624998 0.8839848484375 0.8412536687500001 0.8775906906250001 0.8335757265625 0.8671067062500001 0.8306890734374999 0.8556617 0.832520871875 0.8537942812499999 0.845087225 0.8549191390625002 0.84975711875 0.869588528125 0.8533290140624998
0 0.9092747593750001 0.8555358406250001 0.8946190250000001 0.8527463046874999 0.8957575359375 0.858198559375 0.8897456734375 0.8724267546875 0.8981437843750001 0.8753619671875 0.9086004656250001 0.8766838953124999 0.9147761687500001 0.8718440453125 0.916698203125 0.8624071421874999 0.9092747593750001 0.8555358406250001
0 0.9703605953124999 0.9480353562499999 0.9610424265624999 0.9521656828125 0.9506813218750001 0.9563202890625 0.94884120625 0.970451365625 0.9581457234374999 0.9655386765625 0.9716219890625 0.9605288703125 0.9767274468749999 0.9541485749999999 0.9703605953124999 0.9480353562499999
0 1 0.9575375109375 0.9976408078125001 0.9567924328124999 0.9819694406250001 0.9555919015625001 0.9789771640625 0.9634883609374999 0.9801702875 0.9720700656249999 0.9896249906249999 0.975763359375 1 0.9747422078125 1 0.9575375109375
0 0.6090202203125 0.68955349375 0.606027940625 0.697449953125 0.6123401796875 0.700433725 0.6176094812499999 0.7034417749999999 0.6279978921875 0.7008518921875 0.62570721875 0.6891650203124999 0.6214398937500001 0.683785603125 0.6120534578125 0.6840041203125 0.6090202203125 0.68955349375
1 0.45 1 0.92030000625 1 0.9201304859375 0.9992962296875 0.919884725 0.9852137124999999 0.9205863265625001 0.9656303796875001 0.917061565625 0.9430147171875 0.9084176921874999 0.9259969874999999 0.9081446234375001 0.9103497453125 0.889003109375 0.8896630015625 0.8700800515625 0.8814940499999999 0.8761601812500001 0.8711776656249999 0.8655806187499999 0.862814478125 0.8508020015625 0.852983684375 0.8548099125 0.8434982203124999 0.8421990906250001 0.838313040625 0.8223696281249999 0.8379919921875001 0.8138895953125 0.8303626062500001 0.8126691625 0.820216178125 0.819683003125 0.8036166187500001 0.7975492125000001 0.7908263328125 0.7953131484375 0.782268909375 0.8033835796875 0.76642743125 0.8123604140625 0.7427380515625 0.8194425203125 0.7300503 0.8284739671875 0.7094903703125001 0.8405249984375001 0.6825987031249999 0.8310566421875001 0.6781230468749999 0.8187598484375 0.690932196875 0.8065586312499999 0.709217878125 0.7964569390625 0.728237365625 0.7841874531249999 0.7426112375 0.7686935796875 0.7515814140625 0.749797828125 0.7449771875 0.7276640359375 0.7321869031249999 0.696171115625 0.7211798593750001 0.6638400578125 0.7219325265625001 0.640840821875 0.7193372281249999 0.6240309453125 0.7126844421875 0.6166757703125001 0.7097249515625 0.599961465625 0.7085487 0.5976844437500001 0.6976441890625 0.60476655 0.6849564390625 0.601419284375 0.6725114828125001 0.581685396875 0.67766696875 0.5662461359375 0.6897665937499999 0.5486254296874999 0.6964382421875 0.5350808984375 0.697536240625 0.5288096203125 0.6968995546875 0.518434859375 0.7002717984375 0.5028317609374999 0.7029830796875001 0.49443364843750004 0.700047865625 0.49738496562499995 0.6898043203124999 0.496314721875 0.6882638765625 0.4890141625 0.688433834375 0.463983665625 0.68901654375 0.46189779062499997 0.6890651015625 0.45669675625000006 0.6899688625 0.45 0.6911325265625 0.45 1