0 0.3245337546875 0.49514893125 0.3279974609375 0.4970509296875 0.3331825640625 0.4872629234375 0.3266311 0.47290199531250005 0.311820715625 0.472724815625 0.31105836249999996 0.48119767187500007 0.31549156875 0.4925235265625 0.3245337546875 0.49514893125
0 0.5137668703125 0.45866929062499995 0.50741209375 0.44956406718749997 0.495861759375 0.43760584375 0.4918358703125 0.45364607343749996 0.4964657640625 0.47022763437500004 0.5080091296875 0.4737585203125 0.5141602468750001 0.46918070156249997 0.5137668703125 0.45866929062499995
0 0.5890625 0.42831628125 0.587214784375 0.4269333984375 0.578565971875 0.434819403125 0.5764477140625 0.431784328125 0.5728047468749999 0.4456949671875 0.5780072765625001 0.45697530156250005 0.5882051953125 0.4616392625 0.5890625 0.46148861874999997 0.5890625 0.42831628125
0 0.38792118593749997 0.39237242031249997 0.39234742031250003 0.3952709390625 0.40157932343749997 0.3947247125 0.4054154921875 0.3818561125 0.4046391984375 0.373474296875 0.39444128125 0.3688103359375 0.38559926718750004 0.3756543046875 0.383874384375 0.383130640625 0.38792118593749997 0.39237242031249997
0 0.0672654046875 0.1311220640625 0.0691974328125 0.1415424390625 0.0820897296875 0.14815391718749998 0.09016241875 0.141355465625 0.083610953125 0.1269945375 0.07282994375 0.114990796875 0.0701425328125 0.1214706140625 0.0672654046875 0.1311220640625
0 0.0334081203125 0.12469755625000001 0.023989984375000002 0.13262908125 0.0445755359375 0.138785371875 0.0399630703125 0.143272153125 0.05419384687499999 0.1403232203125 0.06476771249999999 0.1344302515625 0.0659095015625 0.11961413437499999 0.058978601562499997 0.111596465625 0.0441717046875 0.11563295468749998 0.0334081203125 0.12469755625000001
1 0.5890625 0 0.1397941828125 0 0.13871158125 0.00469243125 0.13661075 0.0227256984375 0.1481576 0.0304702515625 0.1425895765625 0.0423878515625 0.13239514531250002 0.041937559375 0.138760378125 0.0636837875 0.124143196875 0.0645486453125 0.121083321875 0.0857990625 0.141862078125 0.0929973921875 0.14629876718749998 0.10853691406249999 0.16611150937500002 0.11052505625 0.1749500375 0.09946741875000001 0.18303318125 0.1053099734375 0.1866970609375 0.11668134687500001 0.161119609375 0.1213550984375 0.1513220375 0.1356298859375 0.160181478125 0.1498542578125 0.1551965484375 0.16911163906249999 0.12136714687500001 0.196396478125 0.20000016406249999 0.15487257968749998 0.2154145546875 0.18767155 0.2175467546875 0.2075612984375 0.22853490937499998 0.23746174999999997 0.24257596874999998 0.23768445 0.24622242187499999 0.22798748125 0.26180561562500004 0.23233280937499998 0.27431848125 0.245287553125 0.288939146875 0.2486363640625 0.289905159375 0.2538465484375 0.278182534375 0.2661282984375 0.2883909078125 0.283433265625 0.2949249453125 0.2767258546875 0.3018488734375 0.276316184375 0.3007035984375 0.2869186328125 0.30533000625 0.29928652499999997 0.3034223796875 0.31836182968750004 0.32035450625 0.325787753125 0.3263089359375 0.31595422812499996 0.3253359515625 0.302316703125 0.3347506 0.2901715109375 0.34148481249999996 0.2929334734375 0.3401672484375 0.3277758953125 0.3605630828125 0.337103815625 0.3715372953125 0.3501495953125 0.3946135703125 0.34457036093750004 0.3882518234375 0.3270378015625 0.3676662703125 0.32088150937500004 0.36553755625 0.30520542968750003 0.39632799531249996 0.3244530203125 0.40768861406249995 0.33958287343750004 0.4175001265625 0.34216275937499996 0.4188525453125 0.349457021875 0.414250534375 0.36658480937500004 0.426383965625 0.3858828125 0.44350232500000003 0.385923434375 0.442518884375 0.35964490625 0.4502365359375 0.38868539687500003 0.46620264999999994 0.3909011328125 0.46926252343749997 0.3696507140625 0.4858047609375 0.37077889375 0.5021642515625 0.3835060421875 0.5163950265625 0.380557109375 0.5238915921875 0.3748462140625 0.544094225 0.3831321 0.55716926875 0.3781446125 0.581218528125 0.38620290156250003 0.5890625 0.384896284375 0.5890625 0.37397600937500003 0.58851491875 0.371022634375 0.5890625 0.371194009375 0.5890625 0
0 0 0.27269258281250003 0.0083390640625 0.2789337765625 0.02525725 0.269505025 0.020623871874999998 0.248709796875 0 0.2526414953125 0 0.27269258281250003
0 0.76796966875 0.5 0.7675191765625 0.49478997812500003 0.7652042296875 0.486499196875 0.75904265625 0.478436009375 0.7494278328125 0.4811118296875 0.74500856875 0.4866406484375 0.7429743359375001 0.5 0.76796966875 0.5
0 0.868425740625 0.5 0.86445416875 0.48905460468750006 0.8544459671875 0.4812190140625 0.843478725 0.47660057031249997 0.8400219890624999 0.4831259078125 0.840415365625 0.4936373203125 0.8422777546875 0.5 0.868425740625 0.5
1 0.5890625 0 0.5890625 0.346222978125 0.5890964578125 0.3462729828125 0.59757995 0.3710542859375 0.6112415734375001 0.377620246875 0.6174136031249999 0.3983244375 0.6199252375000001 0.411870925 0.62763591875 0.432484078125 0.6466688781250001 0.4218767328125 0.650508534375 0.4132218015625 0.66492205625 0.398673903125 0.6843623328125 0.4154326421875 0.6959022125 0.4147498609375 0.7045545093750001 0.4110775234375 0.717432865625 0.40083432812500003 0.7332092640625 0.40622169531249996 0.750721 0.4167737296875 0.7686051984375 0.412555165625 0.7884249109375 0.42297064375 0.8040081062500001 0.42731597343749994 0.8147891156250001 0.43931971562500005 0.8342189375 0.44343744999999996 0.832662859375 0.42246014687500005 0.8490084078125001 0.41833262031249996 0.8693903015625001 0.41080586874999997 0.8778424234375001 0.39766415624999996 0.88823005625 0.39915648593749997 0.896871896875 0.3828431421875 0.9166706953125001 0.3679766109375 0.9387879265624999 0.36561452656250004 0.950886503125 0.342775846875 0.9691466515625 0.32800035156249996 0.9793236546875 0.3073823015625 0.9916154328125 0.285585659375 0.9987255921875 0.277790690625 1 0.2775667546875 1 0.0581412453125 0.9892201125 0 0.5890625 0
0 0.9576416249999999 0.3708198203125 0.97535005 0.38662755781249997 0.9889977328124999 0.3763388453125 0.9828257015625 0.3556346546875 0.969933403125 0.349023175 0.9541674625000001 0.3562768140625 0.9576416249999999 0.3708198203125
0 0.10552784687500001 0.9457780031249999 0.11379373749999999 0.940021590625 0.1189858125 0.9386609203125001 0.125720021875 0.9414228828125001 0.13071889375 0.9390201765625001 0.127827825 0.931816953125 0.119937884375 0.9270164359375 0.1099366546875 0.927608178125 0.09724801562499999 0.9346797421874999 0.0903310578125 0.9435167484375 0.0822548859375 0.9461015312499998 0.0747583203125 0.951812425 0.0816857328125 0.955616425 0.09322561406249999 0.954933640625 0.0976483625 0.9536184921874999 0.10552784687500001 0.9457780031249999
0 0.262028040625 0.86698939375 0.258947253125 0.8629578015625 0.2512505140625 0.859199321875 0.2416356890625 0.861875140625 0.23991429375 0.873565146875 0.2439645796875 0.88702059375 0.2520442375 0.8886494812500001 0.2568499078125 0.8852047375 0.260116925 0.8818510312499999 0.2629975390625 0.8764132484375 0.262028040625 0.86698939375
0 0.28385994531250003 0.9847396203125001 0.2919326328125 0.9779411703124999 0.29153925625 0.9674297578125 0.2855708859375 0.960408609375 0.27787763125 0.9608637953125001 0.2705742703125 0.9676167281249999 0.2646233265625 0.981663921875 0.2603937796875 0.9840211078125 0.2679042875 0.9951648890625 0.27328956249999997 0.9948462578124999 0.27944068125 0.9902684374999999 0.28385994531250003 0.9847396203125001
0 0.24009007031250001 0.8535388421875 0.2539344390625 0.8485058343749999 0.2656640375 0.8446514203125 0.27873908125 0.8396639328125 0.2933562625 0.8387990750000001 0.3052790609375 0.8359866984375 0.2950776578125 0.8271090687499999 0.2821888453125 0.8247112578125 0.2741126734375 0.8272960406250001 0.26180346718749997 0.828024340625 0.2521851578125 0.8264864921875 0.240834996875 0.8239976437500001 0.2373782609375 0.83052298125 0.239303315625 0.83251601875 0.2389273671875 0.8430729484375 0.226052496875 0.8575298109375 0.24009007031250001 0.8535388421875
0 0.292043684375 0.647145440625 0.289152615625 0.63994221875 0.2826116078125 0.63822229375 0.2749183546875 0.63867748125 0.2716513359375 0.6420311875 0.271465103125 0.6494164875 0.276284715625 0.6628264171875 0.2878280796875 0.6663573015625 0.2899428546875 0.6651787109375 0.292440546875 0.6618705234375 0.29435863125 0.655436221875 0.292043684375 0.647145440625
0 0.259061790625 0.5363757421875001 0.24867764218750002 0.5390970796875 0.24137427968749997 0.5458500109375 0.2388800734375 0.5533718671875001 0.239276934375 0.568096946875 0.2444759796875 0.575163615625 0.250440865625 0.5779710953125 0.26024540625000003 0.5721236453125 0.2652407921875 0.5655072703124999 0.2708123015625 0.5578033390625 0.273116790625 0.5534531140625 0.2742655515625 0.5470643328125 0.27214380781249997 0.5398155921875001 0.259061790625 0.5363757421875001
0 0.41446598906250004 0.9928140562500001 0.41522834218750004 0.9843411984374999 0.412140584375 0.9718822687500002 0.404443846875 0.9681237906250001 0.399638178125 0.971568534375 0.39503268125 0.9844826515625 0.39560880468750004 0.9833950953125001 0.397920265625 0.9874722078125 0.4029261078125 0.9934968390625001 0.409853521875 0.9973008359375001 0.41446598906250004 0.9928140562500001
1 0.5890625 1 0.5890625 0.5 0.3171112046875 0.5 0.3155915171875 0.5140686 0.3157951765625 0.52775164375 0.30752579999999996 0.5292943859375 0.28540856875 0.531656471875 0.287340596875 0.5420768453125 0.2846566703125 0.55277033125 0.303882834375 0.543205025 0.3146603578125 0.550995096875 0.31583003125000003 0.5698883265625 0.3183346953125 0.5750074765625 0.319300709375 0.5802176640625001 0.30699150468749997 0.580945965625 0.3006541546875 0.59290908125 0.302392978125 0.60228741875 0.3112454484375 0.6080844546875 0.3177934265625 0.6182317171875 0.3141434890625 0.623715015625 0.30144439218749997 0.6181455734375 0.29664220937499997 0.6258039859375 0.2972287890625 0.6373574359375 0.302810753125 0.6422945109375 0.308585921875 0.648273621875 0.301096328125 0.6624118515624999 0.299181728125 0.6730598203125 0.301306959375 0.6845222296875 0.30017214062500003 0.7077656859375001 0.30633719843749996 0.720042540625 0.3171042671875 0.7151916078125 0.32172022031249997 0.7149184953125 0.32596719375 0.7336296484375 0.3242492828125 0.749533321875 0.3256051875 0.761041253125 0.3198439609375 0.7719168156249999 0.318895375 0.7877749703125 0.3017909578125 0.8045890203124999 0.31103680312500004 0.8208974687499999 0.3233529796875 0.8285965031250001 0.33546898125 0.8268261656250001 0.3435451546875 0.8242413828125 0.35354986875 0.8278633078125001 0.353560325 0.8405043125 0.354533309375 0.8541418359375001 0.3645345390625 0.8535500921875 0.369930271875 0.8658724640625 0.3747429125 0.8708550578124999 0.373218203125 0.88780076875 0.37824147343750003 0.914893740625 0.3876770375 0.9280305578124999 0.39749900625 0.9432514484375 0.4092460296875 0.9604653765624999 0.4202202421875 0.9735111578125 0.4306148484375 0.983430821875 0.4276355640625 1 0.5890625 1
0 0.8472415453125001 0.8001594515624999 0.851657325 0.7904169640625 0.8483763640624999 0.7769159984374999 0.838178446875 0.7722520359375 0.8349184000000001 0.7840330796874999 0.83184806875 0.7926424921875 0.8330072843749999 0.7988947171875 0.8403211031250001 0.8047827906249999 0.8472415453125001 0.8001594515624999
0 0.6843029265625 0.7687147953125001 0.6879598359375 0.77165883125 0.7064201578125 0.7663527140624999 0.7366100765625 0.7571921796875 0.7331359140625 0.7426491765625001 0.697750434375 0.7489567078125 0.685441228125 0.749685009375 0.6823674140625 0.754080753125 0.6843029265625 0.7687147953125001
0 0.8025161125 0.6763894921875 0.7786705140625 0.68201424375 0.8050242624999999 0.685722309375 0.8133040953125 0.6968205703125 0.8319611046875 0.69677015625 0.8404167125 0.6878421125 0.8365596296875001 0.6754287015625 0.8225150859374999 0.6709923359375 0.8038545906250001 0.6668290796875 0.8025161125 0.6763894921875
0 0.6811195578125 0.8731965421875 0.685549278125 0.8803087296874998 0.692286975 0.8872843609375 0.703247246875 0.883475465625 0.7074593671875 0.8600499359375 0.7024500375 0.8498116375 0.6932111625 0.8419305265624999 0.6845588671875 0.8456028640625 0.6789908437500001 0.8575204640624999 0.6811195578125 0.8731965421875