1 0 0 0 0.5 0.14449917343750002 0.5 0.3372613125 0.46642481562500004 0.36830468125000004 0.0224839765625 0.3656992265625 0 0 0
0 0.4223602296875 0.057709037500000004 0.4223040875 0.06712249375 0.42528155156249997 0.0752239171875 0.43632135156249996 0.07957013125 0.44471113281249997 0.07889244375 0.45635439062499994 0.06902803125 0.45064504687499995 0.055133325 0.44807689375 0.05087880625 0.4352875640625 0.049971884375 0.42610487812500003 0.0531385984375 0.4223602296875 0.057709037500000004
0 0.47756867031250005 0 0.4783358125 0.007209978125 0.48322653437500007 0.013410873437500002 0.500169821875 0.0135942609375 0.50142818125 0.005538684375 0.5008388640625 0 0.47756867031250005 0
1 0.433254871875 0 0.44086831093749995 0.012952403125000001 0.4542002515625 0.0388412859375 0.468217515625 0.051288925 0.4643348609375 0.0645034390625 0.4552597578125 0.0786223703125 0.44705942031249996 0.0910216578125 0.45301435 0.10722450624999999 0.44402110937500006 0.1221128203125 0.4191792109375 0.12722340468749999 0.410815146875 0.1380839296875 0.4135470265625 0.1438772109375 0.404308196875 0.15645738125 0.4 0.15990144374999998 0.4 0.41541954062500003 0.41161715625 0.42397275468749995 0.418037540625 0.434609053125 0.420247821875 0.45538234062500005 0.43434694843750005 0.468599359375 0.4460416453125 0.47910062187499997 0.45686157656250004 0.491321528125 0.469051153125 0.5 0.923197378125 0.5 1 0.48675670000000004 1 0 0.5258249765625 0 0.516212628125 0.0053144578125 0.498665878125 0.0193416953125 0.4838252890625 0.028979378125 0.45947926875 0.00892711875 0.4520101078125 0 0.433254871875 0
0 0.4 0.1431079109375 0.4029165375 0.143377903125 0.41209922343749994 0.14021118906250002 0.41551642343750006 0.132563225 0.40647174374999995 0.1270858640625 0.4 0.1271062703125 0.4 0.1431079109375
0 0.101509896875 0.7184279484375 0.09090512656250001 0.728111478125 0.1055515703125 0.7365313265625 0.1211289203125 0.7338180734374999 0.12375321718750001 0.7286591375 0.1170872453125 0.7157146953125 0.10645675937500002 0.7152153875 0.101509896875 0.7184279484375
0 0 0.9051046406250001 0.0008861484374999999 0.9060043593749999 0.008073715625 0.90396879375 0.0181311671875 0.8990824343749999 0.0202642890625 0.8893072109375 0.028326621875000003 0.8855519984375 0.015209843749999999 0.8815675531250001 0.00507053125 0.8856845312499999 0 0.8887484984375 0 0.9051046406250001
0 0.3590413078125 0.7629062281250001 0.3549434921875 0.75421630625 0.3458169484375 0.7479695625 0.3554393703125 0.7290534609374999 0.347515040625 0.7241645968749999 0.3374833078125 0.73923379375 0.3349408734375 0.7451621125 0.3258961953125 0.73968475 0.307586965625 0.7366047218749999 0.31496397656249997 0.74629075625 0.31583874375 0.7445711109375 0.3340099671875 0.7562952140625001 0.334608721875 0.77186371875 0.3403742078125 0.7763449687499999 0.34972061718749997 0.7747170171875 0.35578783281250004 0.772092953125 0.3590413078125 0.7629062281250001
1 0 1 0.4 1 0.4 0.8134765625 0.3963356796875 0.8151833015625 0.37002026093749996 0.806445028125 0.359773365625 0.7996097875 0.3414641375 0.796529759375 0.33476774374999996 0.8031816109375001 0.3184279125 0.788787596875 0.3027687015625 0.79073146875 0.2936678765625 0.7946675640625 0.26978260625 0.798827884375 0.2725402046875 0.814804003125 0.24562132656250002 0.82027635625 0.220615703125 0.8238481796875 0.21055825156250002 0.8287345390624999 0.21250193125 0.8072377156249999 0.19356352500000001 0.8081854765625 0.181295790625 0.7922985468749999 0.16571844062500002 0.7950117999999999 0.1437721453125 0.8074544296875 0.15267882187499998 0.821575865625 0.15341558125000002 0.8285002953125 0.1445346265625 0.8245616953124999 0.1040124984375 0.7916541859375 0.1029482890625 0.78165223125 0.090240821875 0.781514690625 0.0703504921875 0.7536335843749999 0.065567353125 0.7583849078125 0.07687845625 0.7752221015625 0.041052903125 0.7665730171874999 0.037471979687500004 0.77268221875 0.0843630515625 0.795860353125 0.0994188046875 0.8081271078124999 0.1298577609375 0.835738140625 0.1343648890625 0.8482749671875001 0.1416600390625 0.8571916203125 0.1373680734375 0.8665592296875 0.1257552390625 0.8568273484375 0.11097079218749999 0.8570515750000001 0.10091334062499999 0.861937934375 0.09733241718749999 0.8680471359374999 0.06721620625 0.8732927578125 0.0483853828125 0.8851927359375 0.0327518875 0.8973194453125 0.0179931609375 0.907726509375 0.006022453125 0.9145133968749999 0 0.908448553125 0 1
0 0.46252249843750004 0.7949655859375 0.45814867187499997 0.8035638140625 0.46456905468750004 0.8142001125 0.48014640625 0.811486859375 0.484683959375 0.8044273937499999 0.4837834734375 0.7959642015625 0.471950771875 0.794107015625 0.46252249843750004 0.7949655859375
0 0.4 0.5558317609375 0.403422340625 0.55762944375 0.419081553125 0.5556855734375 0.4289752796875 0.5492604515624999 0.4257522265625 0.5388508828124999 0.416707546875 0.533373521875 0.40014785 0.5268542015625 0.4 0.5268412 0.4 0.5558317609375
0 0.551018721875 0.7419366625 0.5461537203125 0.745918603125 0.5456882671875001 0.7514851546875001 0.549540496875 0.7578669328125001 0.5633683171875 0.758592971875 0.5706377453125 0.7573267875 0.57293459375 0.7490903265625001 0.5702845796875 0.7440664265625 0.5625239734375 0.740716325 0.551018721875 0.7419366625
0 0.9725754156249999 0.7672488015625 0.9733121765625 0.77417323125 0.983395346875 0.779469709375 0.9948187359375 0.7774799906250001 0.9858863421875 0.7531757171875 0.9725754156249999 0.7672488015625
0 0.6827548390625 0.8169459218749999 0.6808415828125 0.8188464515625 0.6793376375 0.8245938859375 0.6790359078125 0.8316991984375001 0.6907048875 0.8320176234375 0.7042871187499999 0.8304355187500001 0.7082773546875 0.8281732218750001 0.7055454765625 0.8223799406250001 0.7008184796875 0.8177178078124999 0.6827548390625 0.8169459218749999
1 1 1 1 0.86529771875 0.9990965890624999 0.8574497734375001 0.9895045921874999 0.85676958125 0.9824807515625 0.8603439093749999 0.9720958515625 0.8621527453125001 0.9598281171874999 0.846265815625 0.94693120625 0.834406675 0.9352879484375001 0.8442710874999999 0.9148198781249999 0.8407834453125 0.915039746875 0.8329087515625 0.89080130625 0.8238087109375 0.8894962124999999 0.7817194828125 0.8696830406250001 0.7843868890625 0.8670844656250001 0.7997286625 0.8487495156249999 0.7864657968750001 0.826941225 0.7902643515625 0.8231147156249999 0.794065409375 0.8239590578125 0.8119420578125001 0.8152114031250001 0.8291385140624999 0.8138711828125 0.8364247109375 0.7972553421875 0.8393188468750001 0.79132613125 0.833298834375 0.778429221875 0.82143969375 0.7582885984375001 0.8210295765625 0.7512904765625 0.834786740625 0.7585037640625 0.8429340125 0.7440467640625 0.8462357624999999 0.724617184375 0.8425672375 0.7001027343749999 0.850755346875 0.677910853125 0.8608898328125001 0.6515650093750001 0.8717478515625 0.63216115 0.8782621625000001 0.6196992703124999 0.880432765625 0.609211490625 0.8415102515624999 0.6007702703125 0.8218222640625001 0.585632653125 0.808786128125 0.5697278546875 0.8084218578125 0.5675643078125 0.8377933734375 0.5729462015625 0.84861055625 0.5827019234375 0.850829509375 0.5939568875 0.8770801593750001 0.5990931921875 0.8855891984375 0.588079115625 0.891425821875 0.5777503578125 0.8838212015625 0.56632696875 0.8858109187500001 0.5535937796875 0.8754905421875 0.5419762421875001 0.8955377906249999 0.5420581046875 0.8963071718750001 0.51453576875 0.9159901515625 0.5344565218749999 0.9242749640625 0.49941916875 0.9429159828125 0.48859453437500006 0.96047420625 0.4789463921875 0.969207471875 0.462330553125 0.9721016078125 0.45915894062499996 0.9820577140625 0.4479811359375 0.9863555765625 0.43376972656249996 0.9919654703125002 0.4277643078125 1 1 1