0 0.1611176296875 0.3190436546875 0.177317640625 0.3117203515625 0.1746814953125 0.300102196875 0.1644528296875 0.29206698750000004 0.1512977234375 0.2989180484375 0.14749257031250002 0.3099316015625 0.153173621875 0.3210775125 0.1611176296875 0.3190436546875
0 0.072252540625 0.36730338749999997 0.0829294578125 0.368052875 0.0932154 0.3624486 0.0914184796875 0.3498984875 0.0803505875 0.34279523749999996 0.0700251578125 0.3435948359375 0.06754696875 0.35119538437500003 0.06727446249999999 0.35925565000000004 0.072252540625 0.36730338749999997
0 0.09376041406249999 0.34632807187500003 0.0935451828125 0.3407488515625 0.0946964046875 0.3365613046875 0.0958081375 0.3275690828125 0.0861461890625 0.3266621796875 0.0775781890625 0.335207215625 0.0774814234375 0.3440420234375 0.0858164078125 0.3483619296875 0.09376041406249999 0.34632807187500003
0 0.07410281875 0.32452101875 0.06440138125 0.3188094390625 0.061395964062499996 0.3240863578125 0.0654775421875 0.3467055390625 0.0779691640625 0.341560978125 0.07652373125 0.330559953125 0.07410281875 0.32452101875
0 0 0.49342979531250003 0.012205389062499999 0.500895278125 0.01402009375 0.495001228125 0.024266546875 0.4845922765625 0.0233088546875 0.4711102078125 0.0207911765625 0.47390608125 0.0067178671875 0.4720797484375 0.0014100046875 0.485731759375 0 0.4880088359375 0 0.49342979531250003
1 0.309375 0 0 0 0 0.253104765625 0.002383684375 0.253860525 0.0163997171875 0.26932634218749996 0.0347481359375 0.2761022375 0.045425053124999996 0.276851725 0.0666426328125 0.282380834375 0.0845605859375 0.277998290625 0.0951980140625 0.2739431015625 0.103414528125 0.2638489796875 0.11840604218749999 0.27435270625 0.1316006375 0.2723063203125 0.140150853125 0.28220544531249997 0.16318313906249998 0.28184050625 0.193632203125 0.277118078125 0.21908540156249998 0.2827920734375 0.23056205625 0.2778049265625 0.2253687453125 0.2641779703125 0.23670914375000002 0.26322095624999997 0.25293085937500004 0.2791464890625 0.2839466421875 0.2815523671875 0.2914996734375 0.273164746875 0.3071151828125 0.2771572953125 0.309375 0.2783285265625 0.309375 0
0 0.9540835703125001 0.20060340000000002 0.9620286234375002 0.19748459062499998 0.95369098125 0.1770819328125 0.9391087953125 0.17274046406250002 0.9230119312500001 0.17806685312499998 0.9209699 0.1963061484375 0.9274002734375 0.202855196875 0.9399613546874999 0.20373694687500002 0.9540835703125001 0.20060340000000002
0 0.5923465375 0.50762244375 0.6017388859375 0.5108822281250001 0.6118653468749999 0.5064818062499999 0.6163884546875 0.49917724531249996 0.610531890625 0.48970931875 0.6059158671875 0.48570876093750004 0.5931480328125 0.48391578125 0.5904857296875 0.49942139374999994 0.5923465375 0.50762244375
0 0.7015097265625 0.45484684687500004 0.69512580625 0.45395035781250004 0.683185 0.4558022890625 0.6816238625000001 0.4598175875 0.6883074546875 0.47293042500000004 0.70346345 0.4743530171875 0.7087671265625 0.4650408078125 0.7081468578125 0.46230712343749997 0.7065392656249999 0.46066986249999997 0.7015097265625 0.45484684687500004
0 0.48165484531249997 0.4229141421875 0.4672794171875 0.4194839015625 0.46094195625 0.4242399734375 0.4600475484375 0.43664151406249996 0.46746525000000005 0.4420941421875 0.47722465312499995 0.441523825 0.48356211250000003 0.436767753125 0.4842962234375 0.4291075453125 0.48165484531249997 0.4229141421875
1 0.309375 0 0.309375 0.47550213125 0.3121208828125 0.47656315937500004 0.3370362859375 0.47741543281250004 0.34592220625 0.46754764375 0.3458292890625 0.45624252500000007 0.33758456406250004 0.44714498437500005 0.3305339203125 0.43786225156249997 0.3378122453125 0.4263572 0.3401539484375 0.42033425312499995 0.3654364046875 0.4173564234375 0.3754954828125 0.42900245156250005 0.395060746875 0.433514375 0.40477369375 0.427291496875 0.41547396562500005 0.41997219843750005 0.43457925937499997 0.41700910625 0.45129639531250004 0.4144164 0.45581950468750004 0.40711183906250004 0.46589950468749997 0.39705885625000004 0.48759971875 0.3946366046875 0.51407625625 0.39147358125 0.5439282796875 0.38684375000000004 0.563354171875 0.37439799375 0.5941470625 0.3630191796875 0.6107712796875 0.34912135312500003 0.6054885265625 0.3367345515625 0.6247076640625 0.3233775671875 0.638416365625 0.3184215640625 0.6630320968750001 0.307057490625 0.6697366109375 0.2984713140625 0.6919177203125 0.2818250671875 0.7051664515625 0.26939404843750003 0.7301283109375001 0.27589888125 0.7517356078125 0.2621715109375 0.7720349843750001 0.2590232265625 0.7845031484375 0.24859985624999997 0.7930429375 0.22086315937499998 0.7957516984375 0.21101010781250001 0.8233294000000001 0.1963567703125 0.8204348093749999 0.18359958125 0.7962535187500001 0.1750870984375 0.8015571937499999 0.16577488906249999 0.7873420624999999 0.15760331562500002 0.786835634375 0.14447574218749998 0.7909452296875 0.135348725 0.808763528125 0.12126570625 0.8061895359375001 0.0990258515625 0.8188644578125001 0.089513709375 0.8101597593750001 0.0729411546875 0.79463670625 0.07534866875 0.7907083328125 0.0580353390625 0.7878137421875 0.04527815 0.7783284765625 0.030713245312499998 0.784205965625 0.01848215625 0.771345215625 0.0053840609375 0.77252879375 0 0.309375 0
0 0.9328943921875 0.26520381249999997 0.9386115828125 0.25771405937499997 0.9381516109374999 0.2502390421875 0.9320882906249999 0.23985988906250003 0.9177593203125 0.2420822078125 0.9044641312499999 0.24886066406250001 0.9048776437499999 0.2506831203125 0.9113080218749999 0.2572321703125 0.9187257203125 0.2626847984375 0.9255231500000001 0.2654037421875 0.9328943921875 0.26520381249999997
0 0.738707459375 0.42266550937499997 0.7467918874999999 0.4365043828125 0.7571715593749999 0.4386677484375 0.7607073453125001 0.43245960625 0.763576403125 0.417865225 0.7442178937499999 0.4142645296875 0.738707459375 0.42266550937499997
1 0.309375 0.5296875 0 0.5296875 0 1 0.28278834062499997 1 0.28916847031250004 0.997303259375 0.3046780953125 0.9878407796875 0.309375 0.9834994015625 0.309375 0.5296875
0 0.9643812562499999 0.7094617859375 0.9779273359375 0.7089644875000001 0.9851288828125 0.6990277812500001 0.9830199656249998 0.68973325625 0.9709765953125 0.6875920953125 0.9605149109374999 0.6924218265625 0.9584276968750001 0.706376140625 0.9643812562499999 0.7094617859375
0 0.763022353125 1 0.7626017078125 0.991719753125 0.7591658265625 0.98583823125 0.746674203125 0.9909827921875 0.7455229812499999 0.9951703390625 0.746618825 1 0.763022353125 1
0 0.48861476875000004 1 0.481451428125 0.9936305109374999 0.47364367500000004 0.991634234375 0.469720053125 0.988233759375 0.46359075 0.9843735703124998 0.45498325937499995 0.9881139296875 0.44791796718750004 0.9940205062499998 0.451411084375 1 0.48861476875000004 1
1 0.309375 0.5296875 0.309375 0.8425872890624999 0.32634689375 0.9166592828125001 0.334506134375 0.9202046453125 0.352015325 0.9279124984375 0.349906409375 0.9186179750000001 0.375790071875 0.935450409375 0.37885668125 0.9582270031250001 0.3924205484375 0.93928554375 0.407333084375 0.94017991875 0.4156285765625 0.9396951484375 0.42982035468749996 0.9559355078125 0.44676282812500007 0.9565150546875 0.45140720625 0.9445695453125001 0.47117935468750005 0.9390976281250001 0.44994398750000003 0.9520126796875001 0.4635690484375 0.9611247328125 0.4798085484375 0.9586061046874998 0.4947605734375 0.96430515625 0.515411434375 0.9627059578124999 0.547345421875 0.9737892296874999 0.57594029375 0.9701561734374999 0.580584671875 0.9582106640625 0.589719390625 0.956793934375 0.5967274093749999 0.9645268437500001 0.609922003125 0.9624804578124999 0.6084765703125 0.9514794328124999 0.60927630625 0.9457427984375 0.6352172453125 0.9489357500000001 0.6572345625 0.9487282234375 0.6632453968750001 0.938174384375 0.67687045625 0.9472864390625 0.6860446640625 0.9506743859375 0.6948101125 0.9661527312499999 0.714973234375 0.9670345781249999 0.7228382640625 0.95539136875 0.7317182609375 0.9435907453125001 0.7431949140625 0.9386035984374999 0.751547684375 0.9244793437500001 0.7330235234375 0.9169289046875001 0.7331202875 0.908094096875 0.7441881796875001 0.9151973484375 0.7581252359375 0.9210538140625001 0.7737229578125 0.943490521875 0.7873480171875 0.9526025749999999 0.796228015625 0.9408019515625 0.8012633703125001 0.935210203125 0.7918739296874999 0.9262430375000001 0.7653840578125 0.8974776203125 0.7824627859375 0.8940270343750001 0.8005564812500001 0.8904190328125001 0.823158303125 0.8788956546875 0.8296568765625001 0.8658607703125 0.854622334375 0.8740158125 0.8592272265624998 0.8572656249999999 0.8474958499999999 0.8518688765625001 0.84975880625 0.83868910625 0.8483133734375 0.8276880796875 0.8595747953124999 0.817121715625 0.8637709234375001 0.812461925 0.8772202390625001 0.8207994375000001 0.8906873421875 0.8106927859375 0.8760473140624999 0.8017381468749999 0.8841275750000002 0.7956741562499999 0.895331721875 0.798747275 0.9003670765624999 0.793155528125 0.9231663453125 0.8056555296875001 0.9298406625 0.7933951890625 0.9263258015625 0.7779043171875 0.9108860359375001 0.7746863109375 0.9021422937499999 0.782456803125 0.8927133625 0.7686849609374999 0.8917556687499999 0.7552028906249999 0.913733496875 0.7501906875 0.9276883375 0.73760299375 0.9540775281249999 0.733510221875 0.9514018937500002 0.7170873906249999 0.9356106437499999 0.7123202984375 0.9202103671875002 0.7139069703125 0.90953345 0.71315748125 0.923624546875 0.696539653125 0.9315863406249999 0.676061634375 0.94548390625 0.677113425 0.9592847093749999 0.6870000218750001 0.970897615625 0.67798274375 0.968709721875 0.6590788671875 0.9721633890625 0.6465162281250001 0.9630464546875 0.6294887953125 0.9555901890625 0.6290416078125001 0.9494213968749999 0.6203767421874999 0.9469609953125001 0.60953313125 0.9534595687500002 0.5964982484375 0.949320715625 0.587518553125 0.945142371875 0.5737341828125 0.9497472625000001 0.556983996875 0.9408060718750001 0.5407311078125 0.9383002906249999 0.5296875 0.309375 0.5296875