1 0 0.51875 0.4890625 0.51875 0.4890625 0.07841397343749999 0.47190867656249996 0.0689162359375 0.469289884375 0.064167953125 0.458104475 0.0568753765625 0.4520722109375 0.05353542812499999 0.030942303124999997 0.0216241125 0 0.021003921875 0 0.51875
0 0.63673984375 0.4067597375 0.63064728125 0.3988054203125 0.6192430796874999 0.3985380328125 0.616004934375 0.40627357656249996 0.6214242859375 0.4173366953125 0.627826525 0.41904909687499997 0.636120490625 0.4192435609375 0.63673984375 0.4067597375
0 0.7458303875000001 0.4647789359375 0.749068534375 0.4570433921875 0.7438309484375 0.447546828125 0.7339549375 0.44262839062500003 0.7240418984375 0.44630169999999997 0.713273884375 0.45151725468750004 0.7235134296875 0.459568803125 0.7290236671875 0.4714151984375 0.7393002375 0.4708750015625 0.7458303875000001 0.4647789359375
0 0.7416329078125 0.41078139843750006 0.7490180359374999 0.4031430859375 0.74738213125 0.3890440890625 0.7422354296875 0.380330803125 0.7291582984375 0.374556165625 0.7123515765625 0.3811924265625 0.7124963187500001 0.391350728125 0.71858888125 0.3993050453125 0.7277916828125 0.40733228437499996 0.7416329078125 0.41078139843750006
0 0.80291533125 0.34191505 0.810044640625 0.3498936734375 0.8118993390625 0.3569674796875 0.8253770296875 0.357283484375 0.8338897859374999 0.35045275625 0.8272519218750001 0.337798775 0.8121012999999999 0.331975521875 0.80417086875 0.3349141671875 0.80291533125 0.34191505
1 1 0 0.4890625 0 0.4890625 0.17949451562500002 0.49377665000000004 0.18156209843749999 0.49879544375 0.1980838515625 0.4890625 0.206576434375 0.4890625 0.2112612328125 0.49362854843750004 0.21592907968750003 0.5232397484375 0.21271762500000002 0.5408644234375 0.213130859375 0.5730944171875001 0.214667684375 0.5884806671875 0.23143251875 0.618509259375 0.2407291953125 0.627947684375 0.2596980125 0.662742615625 0.256608096875 0.6657788 0.2738645109375 0.688149615625 0.2884496671875 0.6855476546875 0.30166815625 0.6938045953125 0.310454365625 0.715448340625 0.31877330000000004 0.7342915265625 0.3207774 0.7452783359375 0.308536653125 0.7711969734374999 0.309144353125 0.7855666687499999 0.2993263640625 0.7965703109375 0.3050523875 0.806900740625 0.31388721249999996 0.838639290625 0.3200993953125 0.8408575218750001 0.3303063125 0.8563716812500001 0.33926267656250003 0.8855284625 0.3321348328125 0.8843840015625 0.313360478125 0.8994975984375 0.327775478125 0.90415285625 0.341164121875 0.9206499015624999 0.34076977343750003 0.9365107609375001 0.334892478125 0.9384765359374999 0.3161910484375 0.9488439906250001 0.316434128125 0.9574644656250001 0.32835344843750003 0.9675222437500001 0.334838440625 0.9682122859375 0.3496964078125 0.975159828125 0.3561084765625 0.9847631890624999 0.35867707968749996 1 0.357931759375 1 0
0 0.0950608640625 0.94981726875 0.11290433124999999 0.9432053140625001 0.11437866249999999 0.929179240625 0.1159977359375 0.92531146875 0.1019377171875 0.9288875453125 0.0890962109375 0.9340544843749999 0.08653127656250001 0.9386812250000001 0.0950608640625 0.94981726875
0 0.0815966171875 0.7714001328125001 0.1004768296875 0.7648124875000001 0.096858315625 0.7514481515625 0.0831988578125 0.7495655921875001 0.073376703125 0.754022178125 0.0702294421875 0.762541 0.07086562656249999 0.7680239421875 0.0815966171875 0.7714001328125001
0 0.017695373437500002 0.5949250171875 0.011361729687499999 0.595177121875 0.013006381249999999 0.62084154375 0.025605609374999998 0.6185448859375 0.0305537109375 0.607724846875 0.02549789375 0.5997948390625 0.017695373437500002 0.5949250171875
0 0.22190396250000002 0.759848053125 0.235071978125 0.7664059703125 0.2463314375 0.7565150562499999 0.24744223281250002 0.7393558734375001 0.233601009375 0.7359067593749999 0.2267982078125 0.7396529921875 0.2246876921875 0.7481961203124999 0.22190396250000002 0.759848053125
0 0.15662938125 0.7051996218750001 0.174708475 0.7095292453125 0.18096597187500002 0.7010833468750001 0.17649248125 0.6892612609375 0.16341535000000001 0.6834866203125001 0.15462994218749998 0.6879675140625 0.152428540625 0.6957273671875 0.15662938125 0.7051996218750001
0 0.17363806406249999 0.6735713999999999 0.17472866874999998 0.68297073125 0.18054858125 0.6885752140625 0.197409159375 0.691313975 0.202720796875 0.683627046875 0.1995567015625 0.6741791 0.196264696875 0.672539621875 0.17931323593749998 0.6690175828125 0.17363806406249999 0.6735713999999999
0 0.3537153859375 0.77309346875 0.3682298234375 0.7734337796874999 0.3719594125 0.7610228765625 0.36361159062500004 0.7514533921875 0.354772325 0.7465592609374999 0.34174905 0.7501596453125 0.339638534375 0.7587027765625 0.3453305375 0.7721157265625 0.3537153859375 0.77309346875
0 0.5331048921875 0.8114994671875 0.523902090625 0.803472228125 0.5114611453125 0.80318053125 0.49974726875000003 0.8091550562500001 0.5069674625 0.8179169578125001 0.5095862546875 0.8226652390625 0.5204990109375001 0.827607984375 0.53050293125 0.8247179546875 0.5331048921875 0.8114994671875
0 0.6378666859375001 0.8678548796874999 0.6252439734374999 0.8659966296875 0.6134392125 0.8711878765625001 0.6171486078124999 0.8853354875000001 0.63013485625 0.8903268499999999 0.6403205453125 0.8890033734375 0.6436495734375 0.8820511078125 0.642558971875 0.8726517781249999 0.6378666859375001 0.8678548796874999
0 0.704979134375 0.9116103484375 0.6983951265625 0.908331390625 0.6850083171875 0.9087986640625001 0.681497521875 0.9141843765625 0.685607478125 0.9228733531250001 0.6911547406249999 0.9261280031249999 0.6963384671874999 0.92624954375 0.7052147578125 0.9225519265625 0.704979134375 0.9116103484375
1 1 0.51875 0.5093092078125 0.51875 0.50673516875 0.5218569140625 0.4942201703125 0.5387487109375 0.4890625 0.53862778125 0.4890625 0.555296021875 0.48990825468750004 0.5550516921875001 0.490362671875 0.558968078125 0.4890625 0.560210696875 0.4890625 0.5965624625 0.48963224375000003 0.597227140625 0.4917595921875 0.60665078125 0.49006646875 0.62770204375 0.4890625 0.63025769375 0.4890625 0.6560907359375 0.49068246093749995 0.6597435 0.4959200453125 0.6692400640625 0.5072131703125 0.6952826875 0.515251315625 0.7110940875 0.5135952171875 0.7235536046875 0.52649058125 0.7277616890624999 0.5341281671875 0.749031725 0.5093910140625 0.7586066328125 0.504533796875 0.7702099484375 0.4890625 0.7834367515625 0.4890625 0.7934090625 0.5148642265625 0.779044775 0.55162493125 0.7572534265625 0.5591548 0.759773415625 0.542802496875 0.7703260671875001 0.541055515625 0.78200230625 0.564301503125 0.7684867015625001 0.5655368468749999 0.7880443343750001 0.5736658765625 0.8046390109375 0.5664793484375 0.831810646875 0.585776953125 0.8377311328125 0.6096221 0.8382902171875 0.62588351875 0.8269542890625001 0.633958690625 0.83417394375 0.6469079125 0.84775705 0.667986165625 0.877934834375 0.6516338609375 0.8884874859374999 0.6462481734375001 0.9133579031250001 0.628586475 0.9215364140624999 0.6335143828125 0.9372748906249999 0.6313836734375 0.9723765328125001 0.6496647265625001 0.951714196875 0.6679457796875 0.9310518625 0.68166245625 0.8977841609375 0.6980315921875 0.90519828125 0.7610711078125 0.9316730265625001 0.787353278125 0.9354138359374999 0.8004304109374999 0.9411884749999999 0.8097981453124999 0.9328155015625 0.8215120234375 0.926840975 0.821983275 0.9487241328125 0.8028640750000001 0.988895484375 0.7886222890625 0.9909050046874999 0.7832851375000001 1 0.8134571218750001 1 0.8348045875000001 0.97011570625 0.8457913953125 0.9578749625 0.848955490625 0.9673229078125001 0.8418059890624999 0.9859028000000001 0.8606121484375 0.9964986437500001 0.8797650125 0.9922608296875 0.8863692125 0.9689812734375 0.9157077640625001 0.9634199859375 0.9092516640625 0.9523325578125 0.9237661015625 0.9526728703125 0.961361590625 0.9558977921875 0.9602507953125 0.9730569734374999 0.9821133343749999 0.97435071875 1 0.97191018125 1 0.51875