0 0.3799977015625 0.38479346875 0.36460007499999997 0.38297948593750003 0.3569933953125 0.3844609015625 0.339770909375 0.39273466875 0.33327851875 0.405442609375 0.3372441796875 0.40670231875 0.36010811249999997 0.407810865625 0.3771902234375 0.40031308125000004 0.382278875 0.3953649453125 0.3799977015625 0.38479346875
0 0.31423078125 0.331079478125 0.3145993125 0.3406331078125 0.33657710937499996 0.3408447421875 0.34838630625 0.333518278125 0.3415779796875 0.3247910140625 0.333646659375 0.322271596875 0.3260399796875 0.3237530140625 0.31423078125 0.331079478125
0 0.07751898125 0.1328012859375 0.076536365625 0.13823315 0.08609957812499999 0.1433223734375 0.1042520921875 0.14149831875000002 0.10724383281250001 0.130755521875 0.10383967031250001 0.126391890625 0.0900739390625 0.1271477140625 0.07751898125 0.1328012859375
0 0 0.11294065312499998 0.0054352375000000005 0.11400642187500001 0.0172444328125 0.10667995625 0.015568646875 0.0985573546875 0.0095060796875 0.0915029859375 0.000548253125 0.0888626328125 0 0.08917040312499999 0 0.11294065312499998
1 0 0.55 0.209893346875 0.55 0.2089307578125 0.5453342937500001 0.2175081015625 0.5183735625 0.238647215625 0.5106078296875001 0.23003870937499998 0.4900138140625 0.236747809375 0.4665624828125 0.20974579218749997 0.4521929078125 0.20805293281249998 0.4342783671875 0.2138744375 0.4293699484375 0.2020248859375 0.41305597812499995 0.23353747500000002 0.409309459375 0.2342082921875 0.3851467625 0.20363494062499998 0.37688306875 0.1909596609375 0.365133690625 0.19700818125 0.34533403125 0.1695623640625 0.3402359140625 0.1651755359375 0.33039536406250003 0.1186239875 0.32864065781249996 0.10556678125 0.31218441406249997 0.0723096953125 0.2914836890625 0.044812239062499995 0.27985286875000004 0.0438832390625 0.2713520578125 0.00749861875 0.247485759375 0 0.23787364531250002 0 0.55
0 0.1506455734375 0.1444497609375 0.14335445 0.16465918125 0.16251181718750002 0.1678484703125 0.17261687187500002 0.15971519843749998 0.174598621875 0.148760178125 0.16867384531250001 0.1406031921875 0.152148575 0.14331823125 0.1506455734375 0.1444497609375
0 0.9305588593749998 0.144171259375 0.93732918125 0.1554294765625 0.9480792765625001 0.1585978390625 0.9587237296875 0.1484402921875 0.952848353125 0.1391894125 0.9513952546875 0.133312440625 0.9385711015624999 0.1346545640625 0.9305588593749998 0.144171259375
0 0.93053883125 0.1860114171875 0.9279594640625 0.193315228125 0.9394361 0.1994221109375 0.9517020875 0.19421042500000002 0.96184123125 0.18684620000000002 0.9747810031250002 0.177910015625 0.9779050546875 0.164597934375 0.9571449703125001 0.171077496875 0.941014859375 0.17678490625 0.93053883125 0.1860114171875
0 0.9478508062500002 0.2850495 0.957200521875 0.2890037640625 0.96744531875 0.2949655265625 0.9746951828124999 0.28663552812500004 0.9643177828125001 0.2774798015625 0.9535676859375 0.27431129374999996 0.9476295624999999 0.27931758125 0.9478508062500002 0.2850495
0 0.8440301609375 0.0521943203125 0.8303010203125 0.072449075 0.8301325828125 0.0733801828125 0.8437360671875 0.0816396046875 0.859023996875 0.0805877359375 0.8687734703124999 0.068422778125 0.8621715375000001 0.0562334453125 0.8440301609375 0.0521943203125
0 0.8394595265625 0.007911365625 0.8311103984375 0.0192903484375 0.8431451437499999 0.029266859375 0.8652134499999999 0.018553171875 0.8625283937500001 0.0125310671875 0.8643812171875 0.0022887359375 0.854694609375 0.00019653906250000002 0.8394595265625 0.007911365625
0 0.8210165968750001 0.023699279687499998 0.80294553125 0.015021315625 0.791574475 0.022240407812499998 0.7937542234375 0.0310558375 0.80237736875 0.032071725 0.8197921874999998 0.033172400000000005 0.8210165968750001 0.023699279687499998
0 0.8158024515625 0.0621823015625 0.8301953906249999 0.05912309375 0.836470396875 0.0522546640625 0.844145765625 0.0446001828125 0.8397658140625002 0.033039125 0.8187815578125001 0.0387591203125 0.807915859375 0.043184893749999995 0.8030939499999998 0.055930293750000006 0.8158024515625 0.0621823015625
1 0.3890625 0 0.3890625 0.55 0.74409645 0.55 0.7522938234375001 0.545398825 0.780247465625 0.5230159703124999 0.8006941296874999 0.5073564796875 0.8143076812500001 0.49469579374999995 0.8311115499999999 0.48526388125000003 0.8424297265625 0.471381753125 0.8537479515624999 0.45749962968749996 0.8576748671875001 0.4427468890625 0.865802725 0.42563598437500005 0.8817116015625001 0.41419673125 0.8843965984375 0.420218903125 0.89688388125 0.42073899531250003 0.9105502296874999 0.41474126250000004 0.9125714890625 0.403567821875 0.89544075625 0.39394190625 0.903621434375 0.383494103125 0.9147083531250001 0.38480024375 0.91885651875 0.375779278125 0.90995930625 0.3623685171875 0.92144590625 0.3475553515625 0.9291741078125 0.34656390312499996 0.9401554328125 0.3345439953125 0.9272256609374999 0.322560209375 0.910758665625 0.33012990625 0.9117165093749999 0.3178801609375 0.9283519078125 0.3093792796875 0.9273512734375 0.2940460296875 0.9379429546875 0.2772253859375 0.912862775 0.262859146875 0.9178531343749998 0.2491825671875 0.9111455718750001 0.223667253125 0.9094183609375002 0.2053954046875 0.8960989062500001 0.18861080937500002 0.8832847734375001 0.16903281875 0.886874784375 0.156142215625 0.8718709421875002 0.14866884375 0.8775878453124999 0.137930784375 0.8907488687499999 0.1347264453125 0.8903064140625 0.1232626859375 0.8893057468750001 0.1079293546875 0.8630993328125001 0.1067439734375 0.845284834375 0.12176260624999999 0.8215421921875 0.12086747812500001 0.8217734499999999 0.1056792078125 0.8125921390624999 0.1007937609375 0.8155083921875 0.0916276625 0.8019676687499999 0.06911114375 0.7854578953125 0.0490977734375 0.7738756140625 0.029664978125 0.7428044671875 0.0136419234375 0.71251270625 0.0072203484375 0.701324734375 0 0.68906126875 0 0.68121030625 0.0063855640625 0.6783631953125 0 0.3890625 0
1 0.3890625 1 0.3890625 0.55 0 0.55 0 0.9972512234375 0.025427534374999998 1 0.3890625 1
0 0.964797009375 0.738869059375 0.9683941390624999 0.7305751359375 0.9637792015625 0.72131375625 0.945486315625 0.72391379375 0.9435210796875001 0.734777521875 0.9475306328125 0.741590028125 0.9566288343749999 0.7434543984374999 0.964797009375 0.738869059375
0 0.77769173125 0.718411365625 0.7727873453124999 0.728136315625 0.77329625 0.7369139687499999 0.7825787171874999 0.7435551546875 0.792984175 0.7439884953125 0.7979324515624999 0.7398163390625 0.8047494796875 0.731109234375 0.7958442421874999 0.716587309375 0.792018959375 0.7145516203125 0.77769173125 0.718411365625
0 0.7280768984374999 0.65074988125 0.72509385625 0.6440583078125 0.7129161296875 0.641831140625 0.706660596875 0.6474343250000001 0.708520646875 0.6603337437500001 0.71355670625 0.66726718125 0.7210230140625 0.6665617453125 0.7297965765625 0.6644252796875 0.7309195671875 0.658217434375 0.7280768984374999 0.65074988125
0 0.8311496406250001 0.8459644468749999 0.832079665625 0.8524141546875 0.843230884375 0.8545203890625 0.8499514296874999 0.852142059375 0.856206965625 0.8465388765625 0.856908834375 0.8426589718749999 0.854066165625 0.83519141875 0.839133553125 0.836602290625 0.8319918843749999 0.8413085625000001 0.8311496406250001 0.8459644468749999
0 0.8905997359375 0.9345975640624999 0.9042250921874999 0.9346177203125 0.9100156140625 0.9257896828125001 0.9064271843749999 0.9166492343750001 0.897890478125 0.9116809406249999 0.8825367421875001 0.91541975625 0.8793607343750001 0.9213857359375 0.8813172687499999 0.927956378125 0.8905997359375 0.9345975640624999
0 0.90625161875 0.89443805 0.8982238171875 0.89824740625 0.9054532671875 0.9046467296875 0.9137092250000001 0.9111669812500001 0.9159465078124999 0.9161856625 0.9199560578125 0.9229981671875 0.9268608703125001 0.9253966546875001 0.9291068515625 0.912980965625 0.9274749546875001 0.9104111578125 0.9395649015625 0.90153273125 0.950672228125 0.8980861703125 0.935134228125 0.8970481687499999 0.9275275484375001 0.8985295859375 0.914744434375 0.89385354375 0.90625161875 0.89443805
0 0.3890625 0.5704379312500001 0.3899080203125 0.5728696046875 0.41085931093749994 0.5729603078125 0.4199662109375 0.5573903062500001 0.410262621875 0.5530770640625 0.40219092968750003 0.551333625 0.39374200625 0.557470925 0.3890625 0.5609938703124999 0.3890625 0.5704379312500001
1 0.3890625 1 0.817288325 1 0.8111991484375001 0.9910224296875001 0.8258597140624999 0.9737291500000002 0.823262603125 0.9417224687499999 0.822060528125 0.9193903515624999 0.8247276328125001 0.9046467187499999 0.826131371875 0.8968869125 0.8364490484375 0.8862146609374999 0.8349662265625 0.8654345046875 0.82302535625 0.85610258125 0.8119180296875002 0.8595491421875 0.809680746875 0.8545304625 0.8044604218749999 0.842820209375 0.8008719937500001 0.8336797624999999 0.79303715625 0.8248315671875 0.8001788234374999 0.8201252953125 0.8168837078125 0.8205082484374999 0.8179189140624998 0.8031948109375 0.8092418343750001 0.7990025000000001 0.7822279765625 0.791857428125 0.7771480265624999 0.77937119375 0.7623557859375 0.780006084375 0.755547459375 0.771278821875 0.7578373328125 0.7644159281249999 0.7626978281250001 0.74913818125 0.7620046578125 0.7355837140625 0.7471685265625 0.730665809375 0.7579073234375 0.717665615625 0.751564009375 0.7121632078125 0.736824359375 0.700916525 0.7488791140625001 0.669050934375 0.7193298265625 0.6933078828125 0.7204089265625 0.681547240625 0.7149078546875 0.6713889484375001 0.704274240625 0.6606259953125 0.6845424250000001 0.647998671875 0.6704081625 0.6392008640625 0.65557203125 0.6342829609375 0.639428646875 0.630796084375 0.6234695234375 0.6320860234375 0.613765934375 0.6277727796875 0.6317867749999999 0.609290334375 0.6519571125000001 0.5847209765625 0.646921053125 0.5777875390625 0.6008950390625 0.6119911453125 0.5861028 0.6126260375 0.5658533796875 0.608655434375 0.5675378656250001 0.5993436671875 0.57435489375 0.590636559375 0.576460503125 0.5789968515624999 0.5689503046875 0.574149490625 0.547858640625 0.57483476875 0.5292850078125 0.5789867671875 0.5076757390625 0.588328765625 0.498296790625 0.58801635625 0.48350455 0.5886512484375 0.4669400421875 0.5874923140625 0.4702125328125 0.57519755625 0.46050894375 0.5708843124999999 0.439180425 0.5786743484375 0.4243004015625 0.5682036484374999 0.4091309328125 0.576719278125 0.390092284375 0.5776464203125 0.3890625 0.577361621875 0.3890625 1