0 0.29869297499999997 0.029429462499999996 0.2950221421875 0.0279072734375 0.2867181921875 0.0321245453125 0.28204941250000004 0.043977765625 0.2874950328125 0.05665443906249999 0.29852179218749997 0.0587755015625 0.308686121875 0.0510396921875 0.30510088281250003 0.034844484375 0.29869297499999997 0.029429462499999996
1 1 0.3796875 1 0 0.4413306046875 0 0.439316703125 0.0137230203125 0.4406252046875 0.057502517187500005 0.43038601249999997 0.070186728125 0.4295135046875 0.08571318125 0.41931068906249996 0.0921613578125 0.40606648125 0.0838042703125 0.396651296875 0.0892767390625 0.38875074375 0.1031911796875 0.39886261875 0.1123330859375 0.39720854375000003 0.12779590937500002 0.40179488281250003 0.145846453125 0.41113125312500004 0.1538853890625 0.409489303125 0.167269534375 0.41645672031250003 0.1792749359375 0.4163900296875 0.190707665625 0.4124458171875 0.196625546875 0.40387888906249997 0.190728915625 0.3983533515625 0.1996375546875 0.40052829843750004 0.22892993593750002 0.40049192187500005 0.23516597031250003 0.40505401093749993 0.25737386875 0.40813784062499997 0.26490376250000003 0.4104279796875 0.2744487046875 0.40959790937499996 0.282699784375 0.41112466875 0.289063078125 0.4165653265625 0.2947051859375 0.42121835625 0.3013230015625 0.41723170468750004 0.3145162546875 0.4226359859375 0.32639439531250003 0.43506225 0.34092388906250004 0.43024552812500005 0.36236822343749997 0.41303892031250006 0.36304703125 0.42937908281250003 0.3768553375 0.43214813437500005 0.3796875 1 0.3796875
0 0.3678474515625 0.335451675 0.3639335515625 0.3361728640625 0.3576021984375 0.349175225 0.3575779453125 0.3533325828125 0.36216428437500003 0.37138312500000004 0.36761100625 0.37598589375 0.3855931203125 0.376410053125 0.3903370875 0.3674377859375 0.38885883125 0.3527597796875 0.380316153125 0.34270579687499997 0.374099990625 0.33596071875 0.3678474515625 0.335451675
0 0.3746213828125 0.24657757343750003 0.3706892953125 0.2504167765625 0.3698471 0.260746534375 0.3760268890625 0.2737276453125 0.389331721875 0.2716913453125 0.3956267 0.264925015625 0.391797678125 0.2510954578125 0.3840062546875 0.246301796875 0.3746213828125 0.24657757343750003
0 0.3390625 0.079389053125 0.34040875625 0.0794986578125 0.3567731703125 0.0891496078125 0.37084138437499997 0.090294953125 0.3670062984375 0.0775047359375 0.34592822968750003 0.071629359375 0.340493634375 0.06494791250000001 0.3390625 0.064195071875 0.3390625 0.079389053125
0 0.149077671875 0.4479616328125 0.15912226406250002 0.44212254843750004 0.15545743125 0.4268462484375 0.14739563125 0.4145403890625 0.1411032015625 0.420684953125 0.1373122265625 0.4270332 0.13724915625 0.4378454578125 0.1434591109375 0.4458399828125 0.149077671875 0.4479616328125
0 0.17732568906249999 0.4319550375 0.18476694062500001 0.4433782828125 0.1941182578125 0.449132240625 0.196643975 0.44517733281250005 0.1936141984375 0.428288515625 0.1842968390625 0.4167125625 0.1793327390625 0.4096515625 0.1706456328125 0.39729479218749997 0.15993791562499998 0.395736990625 0.1661855953125 0.41107751875 0.1717653453125 0.41985286093749996 0.17732568906249999 0.4319550375
0 0.29196583593750003 0.40717193125 0.292019203125 0.39802311874999996 0.2820327828125 0.393881628125 0.2738496921875 0.402368584375 0.2712949171875 0.41131379062499995 0.27250195625 0.41890101093750004 0.2812279703125 0.42460409375 0.28564429687500004 0.418306790625 0.29196583593750003 0.40717193125
0 0.08212951406249999 0.555677775 0.0921838109375 0.548175259375 0.0916651921875 0.5298266640625 0.082304171875 0.5257361031250001 0.0760554046875 0.5243952734375 0.07039803125 0.52892731875 0.0703446625 0.5380761734374999 0.0709215 0.5464442125 0.08212951406249999 0.555677775
0 0.015307953125 0.5344275234375 0.015215771875 0.5502300734375 0.022695884375 0.5549995953125 0.0414567390625 0.5565269875000001 0.0408895578125 0.546495515625 0.0346747515625 0.5393326890625 0.031615865625 0.5274341375 0.019098925 0.52807930625 0.015307953125 0.5344275234375
0 0.0758031234375 0.567644334375 0.0627481109375 0.5532677343750001 0.055248640625 0.5518250796874999 0.0471431765625 0.5470046453124999 0.0408798546875 0.548158946875 0.0476375828125 0.569511809375 0.0550836875 0.5801032890625001 0.07006812343749999 0.5854837671875 0.07761125937499999 0.579441028125 0.0758031234375 0.567644334375
0 0.0418298109375 0.5998269296875 0.046832676562499995 0.60023423125 0.052470645312499994 0.5990290500000001 0.0525240109375 0.5898801921875 0.049455421875 0.579645071875 0.040842075 0.5711311312499999 0.036957887499999995 0.5769634109374999 0.0338116734375 0.5800356750000001 0.03312325 0.59079701875 0.0418298109375 0.5998269296875
1 0.3390625 1 0.3390625 0.42676031718749996 0.3319103375 0.42390796875000003 0.3268200953125 0.43847148281250004 0.3285943171875 0.456090190625 0.317337784375 0.4551737546875 0.31430800625 0.4382849359375 0.30118516875 0.4355523359375 0.279287803125 0.4354338078125 0.2698394515625 0.446314084375 0.2547918984375 0.45174587656250004 0.2423089203125 0.446569053125 0.220935071875 0.46396742656249995 0.2090483359375 0.463831759375 0.198935821875 0.48131481874999993 0.1932638921875 0.488342025 0.187684140625 0.47956668281250003 0.17519631093750002 0.4752215578125 0.17571007656249998 0.4944018671875 0.1656994453125 0.49441897656249995 0.16437596875 0.5067928390625001 0.15498098437500002 0.50852430625 0.1437001953125 0.5117664328125 0.1481893421875 0.4929934125 0.1331757984375 0.49260319687500004 0.11623278125 0.50120913125 0.1192577078125 0.51892963125 0.13602606718750002 0.5402654015625 0.13089701250000002 0.561482609375 0.11775957343750001 0.5612451359375 0.11516593593749999 0.576844034375 0.09830059375 0.57214251875 0.0838784390625 0.57762524375 0.0681473609375 0.5929866687500001 0.056779290625 0.6111996171875 0.0548158578125 0.6260176953125001 0.041610496875 0.6374242109375 0.03961596875 0.6575729671875 0.038859624999999995 0.6799783015624999 0.030700790625000002 0.6843067109375001 0.02747695 0.7006863953125 0.0355727140625 0.7071702609375 0.0367846046875 0.713925778125 0.0367457921875 0.7205794734375 0.02668179375 0.7297454218749999 0.018600634375 0.720766428125 0.0035919421875 0.7195445140625 0.0047747234375000005 0.7312903421875 0.0009546390624999999 0.7426288062499999 0 0.7425510859375001 0 0.764504696875 0.0008236484375 0.7650850546875001 0 0.768665803125 0 0.8209821343750001 0.0048275890625 0.829483315625 0.013519595312499999 0.8410083578125 0.0121767109375 0.856709084375 0.0015261234375 0.859170390625 0.0026798453125 0.875906471875 0 0.8756882953125 0 0.8982968625 0.01064456875 0.9048465796875 0.0123411640625 0.9357726921874999 0.0247562203125 0.9525934718750001 0.022855857812499998 0.9565992953125001 0.028401646875 0.9711966953125 0.0251972125 0.98424945625 0.0224948609375 1 0.3390625 1
0 0.64291003125 0.41546300625 0.6467087390625 0.43448925781250003 0.654481975 0.442400934375 0.6662418609375 0.4371193578125 0.6663085515625 0.42568662812499997 0.6624613421875 0.4149750890625 0.65465779375 0.41226010625000004 0.64291003125 0.41546300625
0 0.8455239375 0.399723765625 0.8361390640625 0.399999540625 0.8306559671875 0.40163280625000003 0.8375688203125 0.42299225781249994 0.8461175609375001 0.4320069015625 0.8516067203125001 0.42933429843750004 0.8532547328125 0.41491081406249997 0.8501769640625 0.40634158125 0.8455239375 0.399723765625
0 0.6873921624999999 0.564661015625 0.6850595859374999 0.562391446875 0.6741176421875 0.561500621875 0.66859210625 0.570409259375 0.66695621875 0.5827540640625 0.6755352718750001 0.586572015625 0.6856956484375 0.5873992109375 0.688088853125 0.579275390625 0.6873921624999999 0.564661015625
0 0.8679039234375001 0.584556325 0.8632205828124999 0.5831352046875 0.85226045 0.5853623953125 0.8498248078125 0.6007615890625 0.8544717734375 0.6084187437499999 0.865407653125 0.6103489062499999 0.8724660109375 0.606764225 0.8741079609375 0.5933800796875 0.8679039234375001 0.584556325
0 0.9725308921875001 0.61075155625 0.971028384375 0.60023090625 0.96245539375 0.59537361875 0.956960171875 0.599085559375 0.949132371875 0.600527934375 0.952900765625 0.62475088125 0.9575537953125 0.631368696875 0.9653634046875 0.6330443390625 0.9716705093750001 0.62419933125 0.9725308921875001 0.61075155625
0 0.7608711046875001 0.70270194375 0.7734307484375 0.6943659796875 0.7719949296874999 0.6724126 0.7595504765625 0.661001125 0.75018379375 0.6581588828125 0.7438948796875 0.6638858734374999 0.743773625 0.6846726515625 0.7483902765625 0.6975265 0.7608711046875001 0.70270194375
0 0.683865234375 0.7671412109375 0.6853980546875 0.7724651687499999 0.6932076671875 0.7741408109375 0.7041859875 0.7687956015624999 0.7097175859375 0.7588476265625 0.709760025 0.751572253125 0.7058825015625001 0.7460574078125 0.700417590625 0.74457265625 0.6941468640625 0.747181628125 0.6878579499999999 0.7529086203124999 0.683865234375 0.7671412109375
0 0.48817024374999995 0.8032005671875 0.48654648125 0.81346669375 0.48961818749999997 0.8230752656250001 0.4958464765625 0.8277416640624999 0.5068005453125 0.8265538124999999 0.5076609281250001 0.8131060359374999 0.504564971875 0.807654821875 0.500681384375 0.8031793140625 0.493647278125 0.8026066406249999 0.48817024374999995 0.8032005671875
0 0.40256106875000003 0.8679792421875 0.4095527375 0.8758272859375001 0.417356284375 0.8785422687499999 0.42517195937499996 0.8791785734375 0.43219394062500005 0.8818299234375001 0.43465989687499995 0.8612340374999998 0.42219119374999997 0.853979915625 0.413593953125 0.8532799828125001 0.402645946875 0.8534284968750001 0.40256106875000003 0.8679792421875
0 0.46554064375 0.9292576015625 0.4726232515625 0.9215155640624999 0.47110861875000004 0.9130735906249999 0.45395657343749996 0.9043983515625001 0.44611665 0.9079194031250001 0.43437495000000004 0.9100829640625001 0.428903978125 0.9096375515624999 0.450696925 0.9270092859375 0.46554064375 0.9292576015625
0 0.505479396875 0.9189913453125002 0.5000144890625 0.9175065937500001 0.4921988125 0.9168702890624999 0.4866611515625 0.9278576062500001 0.48265631249999996 0.9441688750000001 0.49514926406250004 0.947265640625 0.50374650625 0.9479655734375001 0.5108594281250001 0.9350268421875001 0.505479396875 0.9189913453125002
1 1 1 1 0.6918665421875 0.9994310484375 0.6909290374999999 0.9853870859375 0.685626334375 0.9628246984375 0.6661122921875 0.9480234171875 0.6565886046875 0.9316226265625 0.6531736890625 0.928356915625 0.6768239640625 0.9151127078125001 0.6684668734375 0.90800585 0.6803662687500001 0.8939558234374999 0.6761029046875 0.8744287640625 0.6724334671875 0.85806435 0.66278251875 0.8493034140625 0.690144734375 0.8391187875 0.6934748953125001 0.836083459375 0.677630290625 0.822802875 0.675509234375 0.8111218015624999 0.6672794078125 0.7985439703125 0.6787333890625 0.7898436625 0.695702215625 0.78360325 0.693114496875 0.776496390625 0.7050138890625 0.762428178125 0.70386854375 0.7529523640625 0.7197344 0.7404533484375 0.7176769765625 0.7206655921875 0.7586991125 0.708118075 0.7649563984375 0.6994117046875 0.782964565625 0.69848463125 0.8078450687500001 0.6913353343749999 0.8270198328125 0.679593634375 0.8291833953125 0.66708249375 0.82920465 0.6599574453124999 0.8442220593750001 0.6472826125 0.8723054640625 0.6377825484375 0.8923286765625 0.6407936265625 0.9123306375 0.6329779515625 0.911694334375 0.6320569421875 0.9355354984375002 0.6218662531250001 0.939904996875 0.6078222906249999 0.9346022953125 0.5858595875 0.9463320515625 0.5771168421875 0.9705762515625 0.5832602515625 0.9897933953125001 0.58634408125 0.9973232890624999 0.5880879312499999 1 1 1