0 0.1293379453125 0.4 0.1349507421875 0.3980700421875 0.1391284421875 0.3863325484375 0.1289744546875 0.379681471875 0.11575482031249999 0.3853363734375 0.1178333890625 0.3849386125 0.11484050937500001 0.3980119546875 0.1166037875 0.4 0.1293379453125 0.4
0 0.1850530859375 0.312697334375 0.1790356765625 0.316192709375 0.1743486171875 0.32255865781250004 0.178121365625 0.3288682890625 0.1847209015625 0.331511825 0.1912476734375 0.333387996875 0.1965896265625 0.333928321875 0.2060365140625 0.3219637875 0.2039785046875 0.31141957656249997 0.1964124484375 0.3097422859375 0.1850530859375 0.312697334375
0 0.147885565625 0.1885533671875 0.14010120937499998 0.18457398593750002 0.128596315625 0.18599430781249998 0.1187128328125 0.1933546578125 0.1322757359375 0.20247854687500003 0.14875875624999998 0.19776173125000002 0.147885565625 0.1885533671875
0 0.13870595937500002 0.0582722609375 0.12227514531250001 0.0746984125 0.1282197890625 0.070435675 0.1521027703125 0.0768033953125 0.166288925 0.07018224843750001 0.1710693109375 0.0536416921875 0.169302365625 0.0461669359375 0.151852828125 0.051849995312499994 0.13870595937500002 0.0582722609375
0 0.303294271875 0.37679336874999997 0.3188835390625 0.3738101609375 0.3214398234375 0.3561326375 0.3151519125 0.3456165859375 0.2997809421875 0.350901884375 0.2904795875 0.3644011453125 0.303294271875 0.37679336874999997
1 0.5390625 0.4 0.5390625 0 0.198661665625 0 0.198900609375 0.012376546875 0.194120221875 0.028917103125 0.18252200000000002 0.040512034375 0.1772116921875 0.06262301718749999 0.16716211718750001 0.0793906125 0.15607325625 0.0963570890625 0.1702182890625 0.1116198875 0.1662588890625 0.12565947500000002 0.17322225625 0.1321398265625 0.18246193125000001 0.15146648437500002 0.1680369203125 0.1667275109375 0.17403376875 0.174174109375 0.182525221875 0.1967691 0.19265865 0.2143621484375 0.1890630796875 0.23223855312500002 0.20641929218750002 0.2367301 0.2029692546875 0.2561412328125 0.1736098703125 0.281291740625 0.134491975 0.3262793 0.18316116875 0.2927458796875 0.21972277812500002 0.26543584375 0.22460757656250002 0.2723139578125 0.217384790625 0.285415459375 0.24375129375000001 0.27333829062500004 0.24929098593750001 0.2871226796875 0.255194509375 0.3047438859375 0.24729627031249998 0.321881084375 0.262646678125 0.3275377578125 0.2771966625 0.32475343125 0.2948644984375 0.32137246249999996 0.305423434375 0.3099764125 0.3215742703125 0.32407408437499996 0.334097890625 0.3333968546875 0.3323625921875 0.34857340625 0.3265429203125 0.36531284531249997 0.3168571765625 0.385917259375 0.31450015 0.4 0.344061340625 0.4 0.34683033281250003 0.38955696875 0.35461468906250004 0.3935363515625 0.3722825234375 0.3901553828125 0.3853771875 0.3720237796875 0.41141150625 0.378761103125 0.43819404375 0.382230090625 0.46357346718750003 0.38206114062499996 0.47121229062500003 0.3845057953125 0.48361093750000006 0.381351865625 0.489939971875 0.369983975 0.5011332421875 0.37643616875 0.4933077671875 0.39434073125 0.49179872343750003 0.4 0.5173309828125 0.4 0.5216595140625 0.3920404125 0.52731236875 0.4 0.5390625 0.4
1 0.5390625 0 0.5390625 0.4 0.949802846875 0.4 0.9537891375 0.396815928125 0.9725373796875001 0.3713521328125 0.978939178125 0.36075160624999997 0.9883969078125 0.3605043234375 0.9976049343749999 0.357179671875 0.9629756031250001 0 0.5390625 0
0 0.1045143609375 0.7148097453125001 0.10934695312500001 0.7099785234375 0.11047956249999999 0.699605034375 0.106104128125 0.698098465625 0.0955657515625 0.6985525421875 0.0936327125 0.7004850312500001 0.08628495625 0.7011098312499999 0.0870853828125 0.70955083125 0.0876675125 0.7156897421874999 0.0955246296875 0.7204364890624999 0.1045143609375 0.7148097453125001
0 0.1566668484375 0.7626450359375 0.16145832031250001 0.7796977593750001 0.176319928125 0.7690409125000001 0.1846547640625 0.756507896875 0.1851846875 0.7509374703125 0.1767248796875 0.7509937875 0.165511046875 0.7554835640625 0.1566668484375 0.7626450359375
0 0.22721322187499998 0.736644459375 0.2266516546875 0.719563578125 0.21983381875000002 0.7146179515625001 0.20572043281250002 0.722006459375 0.20146996874999998 0.732976590625 0.20819447812499997 0.748096825 0.20611590937500002 0.7484945875 0.2139002625 0.75247396875 0.22013596875000002 0.7512806859375 0.22721322187499998 0.736644459375
0 0.23318789999999998 0.676904496875 0.220207125 0.6739195171875 0.20655089375000002 0.6749702359375 0.19971249687499998 0.6809665828125 0.2003673921875 0.6878728546875 0.204285671875 0.6957172140625 0.2111762734375 0.7014302046875001 0.219563315625 0.700606525 0.23285571562500001 0.6957189859375 0.24051509843750002 0.68722166875 0.23318789999999998 0.676904496875
0 0 0.5368223453125001 0.0081582171875 0.53558276875 0.0152876765625 0.532655878125 0.0233108875 0.527995378125 0.0238408109375 0.522424953125 0.0218555671875 0.5126481046875 0.014580578124999998 0.51404026875 0 0.515118684375 0 0.5368223453125001
1 0.5390625 0.4 0 0.4 0 0.5042442359375 0.0010176734375 0.5049163796875 0.00389666875 0.51295961875 0.015838159375 0.5161434796875 0.0246617984375 0.5199239812500001 0.0405421296875 0.5200102281250001 0.06444567343749999 0.5154359765625001 0.0809808984375 0.5224284953125 0.0856996046875 0.53871385625 0.09563529375 0.5430628421875 0.1250057625 0.5515056125 0.153409715625 0.5609146296875 0.179194090625 0.5426985531249999 0.169944940625 0.56790715 0.19718463749999998 0.565038346875 0.1945761453125 0.571006534375 0.20441850625 0.585530128125 0.22086040625 0.60269725625 0.2408978765625 0.6019879828125 0.2592411671875 0.5945713140625 0.2614858296875 0.5847663078125 0.2729179578125 0.582578621875 0.282946971875 0.5767529984374999 0.3036393359375 0.5829499968749999 0.315633034375 0.5978431921875 0.32901876093750004 0.5827810453125 0.32444558749999997 0.5680304140625 0.3453040421875 0.5648201671875 0.3464682984375 0.5770979859375001 0.3613093453125 0.5773831140625 0.37868611875 0.5709326906250001 0.3809513375 0.5501857125 0.3870415140625 0.5474577015625 0.3917602203125 0.5637430625000001 0.3968633171875 0.5729232671875 0.42195167656250004 0.5696848625 0.43181459999999994 0.573266484375 0.45363957343749994 0.5690899921875 0.4597819546875 0.5780713171875 0.48598236562499997 0.5754013953125 0.510997959375 0.5713956265625 0.5234171671875 0.5572997234375 0.514323025 0.5395077953125 0.5080351125 0.5289917421875 0.522366796875 0.523905325 0.53345565625 0.5069388484374999 0.5390625 0.505480271875 0.5390625 0.4
0 0.6556629703125 0.9636209046875 0.6476419890624999 0.95780251875 0.634791675 0.9666957328125001 0.6353909234375 0.9730151984375001 0.640086271875 0.9831466375 0.652141934375 0.9790013046875 0.6556629703125 0.9636209046875
0 0.7618172062499999 0.9672051515625 0.7564128125 0.9627243765625 0.74060348125 0.9666688593749999 0.7319348703124999 0.9802768265624999 0.7422300156249999 0.9838216937500001 0.7500797828125 0.9878345156249999 0.75846738125 0.984391115625 0.762758884375 0.9771357421874999 0.7618172062499999 0.9672051515625
0 0.842855121875 0.8634578656249999 0.8410946046875001 0.871148065625 0.8478928984374999 0.8772004296875 0.859153909375 0.877802978125 0.8646680968750001 0.8703136265625 0.8560478625 0.8581757765625 0.842855121875 0.8634578656249999
1 1 0.4 0.5390625 0.4 0.5390625 0.8131312968749999 0.552758015625 0.8105104828125 0.573458096875 0.805630090625 0.58898641875 0.8118501734375 0.6118508703125001 0.8166663953125 0.6381265578125 0.8180723421875001 0.6698066421875 0.823959065625 0.69728083125 0.8380039437499999 0.7232755109375 0.8495744578124999 0.7460543546875 0.853487896875 0.7693710250000001 0.8499451125 0.797492840625 0.8445636390625001 0.8171414515625 0.8417227890625 0.85208575 0.8295207671875 0.862185490625 0.8441329828124999 0.87396014375 0.8501522156250001 0.8957973062499999 0.8441350671875 0.9097847031249999 0.8341050953125 0.919566203125 0.8322332781250001 0.9220729953125 0.8455410125 0.9448760265625001 0.8365815453125001 0.9540824687499999 0.8155173546875 0.97591963125 0.8095002046875 0.976262059375 0.813111328125 0.98749888125 0.8265867859375 1 0.8228384296875 1 0.4