0 0.3903207921875 0.4796875 0.3904113578125 0.47906302343749996 0.3829842015625 0.4640015828125 0.37275971406249997 0.45953020312500004 0.3635974265625 0.47962905468750006 0.3634927578125 0.4796875 0.3903207921875 0.4796875
0 0.425041540625 0.376552509375 0.43752822656249996 0.3803369671875 0.43742279687499996 0.3533116265625 0.43198215624999997 0.336564684375 0.41695759375 0.3324685609375 0.40764935312499995 0.346117965625 0.41597652656250006 0.36739987812499997 0.425041540625 0.376552509375
0 0.3495133203125 0.360524175 0.3691920046875 0.357795596875 0.3695974125 0.3533433171875 0.3684784625 0.337448675 0.3609215796875 0.3278380984375 0.3430996859375 0.33433203749999996 0.3407807390625 0.3436945421875 0.3474538296875 0.35898495625 0.3495133203125 0.360524175
0 0.12330960312499999 0.1391564328125 0.1303718734375 0.138094259375 0.138447665625 0.125901384375 0.126771796875 0.11321236718750001 0.1214933359375 0.11481517968749999 0.11417161093749999 0.1267790796875 0.11946629687500002 0.1370765765625 0.12330960312499999 0.1391564328125
0 0.068262725 0.0552181421875 0.07361416093749999 0.056840053125 0.0820548375 0.060770793749999996 0.0916387609375 0.048119971875 0.0834575390625 0.0332875078125 0.07406009375 0.031811878125 0.0625464046875 0.0374726140625 0.06248965468749999 0.046148201562500005 0.068262725 0.0552181421875
0 0.15268579531249998 0.207079196875 0.1473911078125 0.19678169843749999 0.1390963859375 0.199300403125 0.12614754374999998 0.2086438109375 0.12171235312499999 0.22514268125 0.1296016671875 0.22707625625 0.1366639375 0.22601408125 0.14056399375 0.21941835312500002 0.1457694765625 0.2145908171875 0.15268579531249998 0.207079196875
0 0.62653421875 0.4796875 0.628434103125 0.473155921875 0.61666903125 0.4453418734375 0.614293334375 0.4633799640625 0.6079382078125 0.4796875 0.62653421875 0.4796875
0 0.7487115640625 0.3641197796875 0.735138384375 0.368241296875 0.7340681124999999 0.38804758125 0.7387384609375001 0.3931231890625 0.74997646875 0.38646386875 0.7599090484375 0.37803635468749996 0.7609955453125 0.370130378125 0.7487115640625 0.3641197796875
0 0.8914003062500001 0.395470428125 0.8869488890625 0.400068990625 0.8868353890625 0.4174201625 0.891984121875 0.42126821249999996 0.9025410390624999 0.41806258749999997 0.9061654140625001 0.4104682765625 0.902930221875 0.40171000156250003 0.8914003062500001 0.395470428125
0 0.5937875218750001 0.3624594609375 0.6064039359375 0.36079305625 0.6076201593749999 0.34743621875 0.6016443828125 0.3405924171875 0.590536103125 0.341800875 0.5869847046875 0.352619909375 0.587130659375 0.35906935624999997 0.5937875218750001 0.3624594609375
0 0.7609224828125 0.2662523234375 0.7575008140625 0.2716204953125 0.7616360249999999 0.28659924375 0.7692658859374999 0.29943454375 0.771049696875 0.29997518125 0.780982278125 0.2915476671875 0.78933375 0.28035337656250003 0.7736118718749999 0.2678106421875 0.7609224828125 0.2662523234375
0 0.8642294749999999 0.234883 0.8531779453125001 0.22741587343749997 0.84646433125 0.232701353125 0.842653478125 0.2544221140625 0.8526752625 0.26111963125000004 0.86172405 0.258371953125 0.8672052140625001 0.2545430015625 0.869045775 0.246408053125 0.8642294749999999 0.234883
0 0.675631934375 0.232624746875 0.6707426562500001 0.21787497031249997 0.657647859375 0.22076893125 0.6505288375 0.2305066921875 0.6538370078125 0.2424896921875 0.6645398796875 0.24573351406250002 0.6710507906250001 0.242674171875 0.675631934375 0.232624746875
1 1 0 0.509375 0 0.509375 0.1145755125 0.5272754671875 0.118576165625 0.545186565625 0.1272072578125 0.53087554375 0.14345805625000002 0.5451622671874999 0.15968346093750002 0.5533110359375 0.150715309375 0.5593435609374999 0.148883525 0.5609408953124999 0.1635506125 0.5585084484375 0.1902642875 0.5780574046875 0.19298657187499998 0.5877872796875 0.186785196875 0.580287146875 0.168499034375 0.5931630140624999 0.15593090468749998 0.6055037453125001 0.1532659171875 0.602114528125 0.18243470625 0.6237229765625 0.1866962109375 0.6308177015625 0.20943465312499998 0.6502207046875 0.205707490625 0.6541045328124999 0.1872114546875 0.6377583171875 0.169446828125 0.652158540625 0.1683210625 0.6667939203125 0.1887697734375 0.6789886984375 0.1796553390625 0.6828482296875 0.19363550624999998 0.6763535468749999 0.2085951546875 0.6878996875000001 0.226735034375 0.7072297140625 0.21978314999999998 0.7092000031250001 0.20619733906249998 0.7188326046875 0.22924744531250002 0.7297219546875 0.21836481718749998 0.7312138593749999 0.2060065640625 0.7535601484375001 0.1981387859375 0.7640603171875 0.2036087453125 0.7814038265625 0.1983423640625 0.7903796375000001 0.1923699625 0.8077393734375 0.1990038890625 0.8241828640625 0.1875170328125 0.835972234375 0.1828548796875 0.830458615625 0.1628832140625 0.8646997046875 0.177378621875 0.880316153125 0.1628960171875 0.8951217843749999 0.1573179703125 0.9062705874999999 0.13553361875 0.9214086515624998 0.1222785703125 0.9433333046874999 0.1069627625 0.9527145234375001 0.09653808124999999 0.9657201171875001 0.0785190890625 0.983525784375 0.060124840624999995 0.9859582328125001 0.0334111640625 0.9966286531249999 0.012854367187499998 1 0.00968901875 1 0
0 0.3072343046875 0.70003245625 0.3188371953125 0.7094967515625 0.3269292125 0.7092041859375 0.33314821562499997 0.693245953125 0.33162385781250003 0.6818035890624999 0.329288684375 0.6792657859375 0.3196885359375 0.6800162984375 0.3125695140625 0.6897540578125 0.3072343046875 0.70003245625
0 0.30756665 0.5917021203124999 0.304128753125 0.5851699828125 0.2949340109375 0.5814682171875 0.2853338609375 0.582218728125 0.2768364359375 0.5869635718749999 0.273966128125 0.5943289109375 0.2784499984375 0.613530965625 0.2864690390625 0.610013678125 0.292023178125 0.60940945 0.30395850156250004 0.611196740625 0.30943966562499997 0.6073677890625 0.30756665 0.5917021203124999
0 0.19302980625 0.6860075859375 0.154515709375 0.706360803125 0.128820725 0.7228214749999999 0.11861246406249999 0.73025040625 0.1064176890625 0.7393648390625 0.0972554 0.7594636890625 0.10330415156249999 0.7695322125 0.11816653437499999 0.7552785796875 0.1415830921875 0.72760451875 0.1960622953125 0.6969920015625 0.19302980625 0.6860075859375
0 0.822176290625 1 0.824272653125 0.9963826140624998 0.8261861937500001 0.9914723875 0.8246618359375001 0.9800300265625002 0.8153941171875001 0.9731035343750001 0.805112878125 0.97730774375 0.80101011875 0.9861296109375001 0.8063777828124999 0.9996518312500001 0.8069456531250001 1 0.822176290625 1
0 0.75783374375 0.9570307078125001 0.7629094999999999 0.9576540359374999 0.7692906828125 0.9600455562499999 0.7704339296875 0.9434639953125 0.766168990625 0.933936109375 0.7605418734375 0.9313156156249999 0.751712015625 0.9437374625 0.7505525437499999 0.9484187140625 0.75783374375 0.9570307078125001
0 0.5852661296875 0.8914610578125 0.58835536875 0.8937698890625001 0.59672306875 0.8944759078125 0.6037853390625 0.8934137312499999 0.6042474984374999 0.8802858656249999 0.599706878125 0.8697593953125 0.5913391781249999 0.869053378125 0.5829147296875 0.8770229453124999 0.581276871875 0.8829317546875 0.5852661296875 0.8914610578125
0 0.5768901046875 0.633171553125 0.5771820125 0.6460704453125 0.570963009375 0.6620286796875 0.580506409375 0.6699537531249999 0.592076846875 0.6556174312499999 0.5998931859375001 0.65432628125 0.606039209375 0.6351433249999999 0.5976552859375001 0.622536996875 0.581065840625 0.62757440625 0.5768901046875 0.633171553125
0 0.5479922968750001 0.5640212328125 0.560073575 0.5722579718749999 0.5645817421875 0.558983825 0.5657249890625 0.5424022625 0.5596194859375 0.541009325 0.545640896875 0.549583121875 0.5479922968750001 0.5640212328125
0 0.5823631125000001 0.5730657796874999 0.5839847453125 0.5552566609375 0.5738170078125 0.542109696875 0.5668277125000001 0.546396596875 0.566252053125 0.57687563125 0.5823631125000001 0.5730657796874999