0 0.0456380578125 0.4332488484375 0.043622218750000004 0.41836724687500004 0.041133746875 0.4097153140625 0.029982145312500003 0.41162014375 0.025689968749999997 0.41637938593749996 0.02770580625 0.43126098593749995 0.0323757234375 0.4422487609375 0.0456380578125 0.4332488484375
0 0.060942254687499996 0.30406917187500004 0.0475385 0.2942072375 0.037473590625 0.3025145890625 0.0373079828125 0.3150603453125 0.040891209375 0.3196456 0.05180649375 0.32085560156250004 0.0583588875 0.3173939234375 0.060942254687499996 0.30406917187500004
0 0.07161684375 0.11155571093750001 0.05843328125 0.11951734843749999 0.0537472421875 0.129467978125 0.05927559375 0.1395039046875 0.0700333328125 0.1427904609375 0.0774441625 0.138376934375 0.0805708765625 0.1282534453125 0.07161684375 0.11155571093750001
0 0.8377505890625001 0.45 0.8372189296875 0.44110314375000004 0.8320763765624999 0.43634503281250003 0.822562875 0.4373844421875 0.819286678125 0.43911528125 0.8172692312500001 0.45 0.8377505890625001 0.45
0 0.886953603125 0.35552659062499997 0.8927102125000002 0.3729168890625 0.9012865062500002 0.3738676046875 0.910957553125 0.37075163906249997 0.9129975765625 0.35422563125 0.9112887671875001 0.345660125 0.895695503125 0.34393155000000003 0.886953603125 0.35552659062499997
1 1 0 0.4390625 0 0.4390625 0.3181991515625 0.45942965625000004 0.3531552765625 0.4832760625 0.37045687968749996 0.49870371718750006 0.38473121250000003 0.5192819875 0.393294453125 0.53027604375 0.393466178125 0.54501086875 0.396146603125 0.54865674375 0.42063198437500005 0.55894185 0.43014820625 0.5544840640625 0.44745320624999996 0.5546425546875 0.45 0.5808380515625 0.45 0.5747633671875001 0.439231153125 0.5879388671875 0.4417387171875 0.5917281937500001 0.45 0.6027540140625 0.45 0.6092260890625 0.4409574625 0.6184325625 0.43360195937499996 0.64260211875 0.43628125000000006 0.667708884375 0.436970415625 0.69733608125 0.440254709375 0.72049771875 0.43549319999999997 0.7396034953124999 0.4323761046875 0.7631509328125 0.43289240937500006 0.7739874453125 0.4351406921875 0.7810794875 0.45 0.7852431875000001 0.45 0.781398275 0.4307271640625 0.781256853125 0.4118653140625 0.793880946875 0.42164082187499996 0.7915580796875 0.40044312968750007 0.8074583703125 0.408487796875 0.811986865625 0.400613721875 0.82305969375 0.39974716875 0.8293677109375001 0.40986952499999996 0.8480089124999999 0.4025128890625 0.8551207765625 0.381314065625 0.8504508609375 0.3703262890625 0.838220628125 0.355359396875 0.8515617343749999 0.34532120312500003 0.8728570171874999 0.3340707453125 0.8985939625 0.3264536921875 0.9184632796875001 0.3443614296875 0.9332768781249999 0.346003575 0.9384113703124999 0.3612308875 0.955327640625 0.366247153125 0.994617825 0.376884684375 0.9602499968749999 0.3531816921875 0.9499810171874999 0.3227270640625 0.9559900656250001 0.3160641234375 0.95381668125 0.303259078125 0.92870185625 0.3130391171875 0.93082065 0.2954748296875 0.9427680374999999 0.272718025 0.9600235843749999 0.242173571875 0.96402485625 0.21015982968750002 0.9673091140625001 0.19795978593750002 0.9659941671875 0.18420289375 0.9806502203124999 0.18792159375 1 0.20006473281249998 1 0.097739446875 0.9953000546874999 0.0984557484375 0.9875114859374999 0.0871222578125 0.998741859375 0.08417915312499999 0.990882578125 0.0634147359375 0.9976793515625001 0.046369021875 1 0.0485161859375 1 0
0 0.328761028125 0.9598832843749999 0.3153798421875 0.9621694 0.31059787656250004 0.9754606515625 0.3171368375 0.9887503828125 0.3249047921875 0.9858420203125 0.331036865625 0.968695834375 0.328761028125 0.9598832843749999
0 0.25947563906250004 0.9031997671875001 0.2700403734375 0.9131663218749999 0.2790274546875 0.9066236296875001 0.28482975 0.9047539015625 0.2829684234375 0.8919827078125 0.27315014843749996 0.88461188125 0.2621974859375 0.8921931000000001 0.25947563906250004 0.9031997671875001
0 0.218406346875 0.8973906046875001 0.224104315625 0.90933059375 0.23186247187500003 0.9189860281249999 0.241302615625 0.9313408796874999 0.2547070515625 0.9335417890625 0.2473983078125 0.9131693421874999 0.2410484140625 0.8973875875000001 0.2314191328125 0.8875247328124999 0.224029378125 0.8854490796875 0.218406346875 0.8973906046875001
0 0.12425572031250001 0.9321871171874999 0.1328593421875 0.9388763078124999 0.141568009375 0.9278238234374999 0.1442900015625 0.9168171468749999 0.139054825 0.911210915625 0.1333469859375 0.9118346703124999 0.1297842234375 0.92149155625 0.12425572031250001 0.9321871171874999
0 0.3396616671875 0.778901190625 0.33197845 0.7931272734375 0.3336507109375 0.8083904921875 0.3461811015625 0.8173184828125001 0.35806929374999996 0.8098409234374999 0.3613583375 0.791358234375 0.3405971953125 0.7790048984375 0.3396616671875 0.778901190625
0 0.38418946875 0.788863190625 0.395774534375 0.81025125 0.4016713671875 0.807135440625 0.41196230468749995 0.80827623125 0.41365416250000003 0.7984119 0.40533860781250003 0.783668759375 0.3936492078125 0.7760905124999999 0.38418946875 0.788863190625
0 0.3890953640625 0.7366346 0.38039195000000003 0.7394392890624999 0.379730225 0.7481612999999999 0.37934229375 0.7657091218750001 0.3888404265625 0.7662734015625 0.3967589828125 0.747536071875 0.3890953640625 0.7366346
0 0.3609900078125 0.7837784578125 0.36893722812499996 0.7909418671875 0.3802893703125 0.78573745625 0.3737290625 0.765086871875 0.36887201875 0.7544965703125 0.3559635671875 0.7505526343750001 0.3502460046875 0.7637401500000001 0.35388385 0.7779647953125 0.3609900078125 0.7837784578125
1 0.4390625 0.45 0 0.45 0 0.852219246875 0.0018432375000000001 0.85453643125 0 0.8555103453124999 0 0.8784742890625001 0.002475640625 0.8835057093749998 0.0137021046875 0.8847502078125 0.02260445 0.866889775 0.0333582515625 0.8743643078125001 0.0325074625 0.8855783390624999 0.041673804687499996 0.8891074484375 0.054686659375 0.8792416265625 0.069929103125 0.8897266765625 0.071232959375 0.8974101609375001 0.08366889375 0.907584121875 0.0950941484375 0.8937728390625 0.086873128125 0.8777836625 0.0991297234375 0.8778858859374999 0.10828634374999999 0.8939787296875 0.1235385125 0.89190004375 0.14074668125 0.9013465843749999 0.1540528625 0.875178921875 0.1678969140625 0.8792265734375 0.1930717609375 0.870708909375 0.2112251890625 0.8676953265625 0.22742275312500002 0.8531565796875 0.2464269703125 0.8389289609375 0.259430028125 0.8416268703125 0.2662721828125 0.8260510374999999 0.2772150515625 0.8310335500000001 0.28094742968749997 0.8440121578124999 0.292363028125 0.842764690625 0.307615271875 0.8406859640625001 0.3077293296875 0.8143124187499999 0.292024025 0.7974935796875 0.29194901562500003 0.773612053125 0.307106796875 0.772779375 0.3116051625 0.76322615625 0.3208660421875 0.765509228125 0.342771446875 0.7503467031250001 0.3620592609375 0.7323810734375 0.380968875 0.7193994359375 0.3956833171875 0.6871054546875 0.40085328281250004 0.6562664109374999 0.41172121875 0.6373673109375 0.40040994531249996 0.6248051125 0.412203609375 0.6185734937499999 0.4329746140625 0.61836315625 0.4390625 0.6018623765625 0.4390625 0.567740884375 0.4361039953125 0.56468106875 0.4390625 0.5602120390625001 0.4390625 0.5038570890624999 0.4263345671875 0.494491396875 0.42934008125 0.4797467734375 0.4390625 0.4828651296875 0.4390625 0.45
0 0.4390625 0.97608434375 0.4496081546875 0.9796540890625 0.46345959062500003 0.9799578015625 0.4522862015625 0.9565472171875001 0.4394446921875 0.9551236843750001 0.4390625 0.9553585921875001 0.4390625 0.97608434375
0 0.5898927781250001 0.9471659328124999 0.5953962828125 0.94777601875 0.6040222328125 0.9438051359374999 0.6058662171875 0.9316917874999999 0.601382121875 0.9176451703125 0.59193159375 0.9202928703125 0.5849547968750001 0.9269101203125001 0.583935390625 0.9403466515625001 0.5898927781250001 0.9471659328124999
0 0.8398716421875001 0.7001910234375 0.836832384375 0.7158672 0.845634196875 0.72177001875 0.8571045749999999 0.7168826765625 0.8626175625 0.705176053125 0.851342015625 0.6953036828125001 0.8398716421875001 0.7001910234375
0 0.8043505968750001 0.6075655 0.8175628015624999 0.6041030218750001 0.8194994624999999 0.5907681734375 0.8136347484374999 0.5827273890625 0.800885909375 0.5800823546875 0.797300096875 0.590770834375 0.7972906125 0.6030875453125 0.8043505968750001 0.6075655
0 0.8239003687500001 0.59371958125 0.8436165156250001 0.6020640765625 0.8583852000000001 0.602469465625 0.842894096875 0.5872026796875 0.8209822375 0.5712241265625 0.8051109546875 0.5731600609375 0.8096877234375001 0.5859851734375 0.8239003687500001 0.59371958125
0 0.77190458125 0.571942553125 0.7810770890625001 0.5729593625 0.777056359375 0.5528052328124999 0.76265836875 0.5475138312500001 0.750734109375 0.546191978125 0.7587018624999999 0.5630883234375 0.7656691734375001 0.5687877828125 0.77190458125 0.571942553125
0 0.60021746875 0.7623122828125 0.598299778125 0.7510137140625 0.58830269375 0.748673721875 0.5768323171875 0.753561065625 0.5783793140625 0.7697456468749999 0.5937872296875 0.773917225 0.60021746875 0.7623122828125
0 0.513874775 0.7909259109375 0.5146898703125 0.8045658015624999 0.518905428125 0.80996021875 0.5345913640625 0.8104672921875 0.5373526015625 0.798455625 0.5368987187500001 0.792246428125 0.5337857546875 0.7845106875 0.52167615 0.7856318421875 0.513874775 0.7909259109375
0 0.4889878796875 0.8263521562499999 0.49842892499999997 0.8360211640624999 0.5057669312499999 0.8368346125 0.508889378125 0.83225364375 0.5060544359375 0.82085339375 0.5029414734375 0.8131176546875001 0.48991461562499994 0.8141371296875001 0.4889878796875 0.8263521562499999
1 0.4390625 0.45 0.4390625 0.8297270171875001 0.44330120937500006 0.8311418140625 0.45579099218749997 0.8128179390625 0.462109590625 0.8270679187500001 0.48211324375000003 0.8194311953125 0.4775459578125 0.7942893718749999 0.4815024640625 0.7787148765625 0.5015987921875 0.769856653125 0.52664258125 0.7689375265624999 0.5429772296875 0.7608940796875 0.5476751265625 0.7355475625000001 0.5637317562499999 0.731168625 0.57940820625 0.74399240625 0.59005400625 0.737781878125 0.6011631718749999 0.7254638375 0.60831583125 0.7287202890625 0.6165805703125 0.7173187078125001 0.59897694375 0.7055130671875001 0.6024700843749999 0.6960460875 0.6135697671875 0.6960447546874999 0.6233909875 0.6885110437499999 0.6485369359375 0.6740537078125 0.6596461031249999 0.6617356671875 0.66947680625 0.641885246875 0.6797613953124999 0.628244021875 0.680873478125 0.6135859874999999 0.6834588500000001 0.5917006171875 0.74515473125 0.644115565625 0.7513069515625 0.63617513125 0.702823271875 0.5802977046875 0.69687536875 0.5611617156250001 0.7193432703125 0.5698112515625 0.728988628125 0.5524038375 0.7391805437500001 0.539984115625 0.7406633203125 0.5204400703125 0.72756275625 0.49804762968749994 0.725024803125 0.45834945312500003 0.7256582625 0.45 0.4390625 0.45