0 0.4880601765625 0.49851053749999996 0.4723463453125 0.489536928125 0.46215428281250004 0.502410334375 0.460579721875 0.5039557234375 0.47268693125 0.5121639015625 0.48267693593749994 0.5124045140625 0.49220943906250003 0.50878891875 0.4880601765625 0.49851053749999996
0 0.371669834375 0.51515935625 0.383606753125 0.5120540484375 0.39147955 0.5043271 0.3827076375 0.492127878125 0.3675364546875 0.492667221875 0.36078071718750004 0.4949925734375 0.35753056562499996 0.5046403609375 0.3636267453125 0.5115728203125001 0.371669834375 0.51515935625
0 0.26925291093750003 0.3853489375 0.2639707015625 0.39268590625 0.2686784953125 0.4002634890625 0.2753332046875 0.4044951484375 0.2865254140625 0.40499090625 0.2907915921875 0.3964985265625 0.2895042421875 0.39058664374999996 0.283035709375 0.385454715625 0.26925291093750003 0.3853489375
0 0.08515078125 0.4017240125 0.0903478453125 0.38873030000000003 0.078511959375 0.3852786015625 0.065372834375 0.388128765625 0.0640695984375 0.39443063125 0.0636972453125 0.3962311640625 0.06987856875000001 0.408820365625 0.078852540625 0.4079055703125 0.08515078125 0.4017240125
0 0.0750915171875 0.3836129046875 0.08332078281250001 0.386299175 0.0886881375 0.3846189484375 0.0960024078125 0.3795928 0.0877038796875 0.359036034375 0.07004313906250001 0.35340835312499996 0.0689260796875 0.35880995000000004 0.0692825453125 0.3692231703125 0.07278813437500001 0.3765456078125 0.0750915171875 0.3836129046875
1 0.55 0 0.044621914062500004 0 0 0.22436704375 0 0.24059820156249997 0.0078257828125 0.25374436875 0.020119167187500002 0.2610522796875 0.0441474078125 0.2783688984375 0.06436696875 0.30803410468750003 0.07203770468750001 0.313421175 0.07860726875 0.3119960921875 0.1048537453125 0.330723265625 0.1024175625 0.35464048125000003 0.1038752046875 0.3718658515625 0.11533873750000001 0.377118084375 0.1458513953125 0.3873528796875 0.14496816562499998 0.3552129578125 0.1425637546875 0.35470267187500004 0.14081890156250002 0.3449345765625 0.16237346875 0.3438704140625 0.17773082812500002 0.34243080312499996 0.1900934734375 0.3676092078125 0.2114618625 0.3674453125 0.21786113281250002 0.3547067453125 0.23885717031249998 0.3563433828125 0.2470705546875 0.3712434046875 0.2706571796875 0.3724900625 0.27890233124999997 0.362962584375 0.2961055734375 0.36473405625 0.3273629359375 0.37136778593750003 0.3491036796875 0.3694033578125 0.3654611828125 0.3813329078125 0.3811057484375 0.3724360203125 0.40691061250000005 0.3750932328125 0.42311370937500004 0.36349554687499996 0.469185784375 0.35917671093750003 0.5069434484374999 0.34651486249999996 0.5487652296875 0.33847465468750004 0.55 0.3379571609375 0.55 0
0 1 0.2974111625 0.9936275468750001 0.2974868203125 0.9902319187499999 0.30874834687499997 1 0.31730085468749997 1 0.2974111625
0 0.91900364375 0.30241855 0.9230187703125001 0.29847780625000003 0.9246012734375 0.290825540625 0.92688915 0.2849206015625 0.9135323968750001 0.2772930359375 0.902522390625 0.2789504484375 0.8956722625 0.28628358125000003 0.8980190125 0.2955685609375 0.9076047625000001 0.3007981859375 0.91900364375 0.30241855
0 0.8264105 0.218862621875 0.836385128125 0.227370025 0.8479422578125 0.2282251640625 0.8587216375000001 0.22252474531250002 0.8584186390624999 0.2136735109375 0.8518985125 0.20909450000000002 0.8409743828125 0.20517845625 0.8305115046875 0.209348421875 0.8264105 0.218862621875
0 0.9077300562499999 0.08354795000000001 0.900174553125 0.08913375625 0.9011105546875001 0.0949240875 0.9084084296875 0.10605865156250001 0.9182383078124999 0.10494959374999999 0.9268156859375001 0.0995806578125 0.9307584406250001 0.09083168281250001 0.930211315625 0.08831913125 0.9214891890625001 0.0840716046875 0.9163798125 0.0829872453125 0.9077300562499999 0.08354795000000001
0 0.7435575875 0.26358613124999997 0.7461619640625 0.2561507390625 0.7475862156249999 0.2492636984375 0.725190834375 0.238919059375 0.7154333312500001 0.24483635 0.71313195 0.261122978125 0.7176083265625 0.26526824375 0.73277820625 0.2692865484375 0.7435575875 0.26358613124999997
0 0.563400753125 0.34038047968749996 0.5511247499999999 0.34815970625000003 0.5588114984375 0.36257205 0.572385375 0.3846243078125 0.5767170015625 0.37915311093750004 0.59408888125 0.382839934375 0.57924900625 0.36690948749999996 0.5714040046875 0.3532623703125 0.563400753125 0.34038047968749996
0 0.66523505625 0.2709281515625 0.6549304265625 0.2743328890625 0.6527149234375 0.28504606093749996 0.6657551765624999 0.2942040796875 0.6749520546875 0.2961559265625 0.67778705625 0.2927635375 0.6763898078125 0.2788872 0.66523505625 0.2709281515625
1 0.55 0 0.55 0.271078159375 0.5545155140625 0.28018150468749997 0.56600026875 0.27622841249999996 0.5705625203125 0.27480021875 0.6047591578125 0.2796613125 0.6399187984375 0.2695493578125 0.6673646843750001 0.26578843750000003 0.6877433171874999 0.25493595625 0.7070412046875 0.22867668124999999 0.7203390875 0.221114328125 0.724209465625 0.207557121875 0.7433944734375 0.20763468281250003 0.7577007281249999 0.21067089062500002 0.7736483546875 0.22124475000000002 0.7909478640625001 0.22012334218750002 0.79772561875 0.207981978125 0.7878233640625 0.20428280625 0.78910286875 0.18777930625 0.7982273734375 0.1849229203125 0.8028031265625 0.173113040625 0.8200167578125 0.1775650890625 0.816186884375 0.1599772296875 0.8142290093749999 0.153970028125 0.84918989375 0.175768365625 0.8920681500000001 0.21602205156249998 0.858156146875 0.1736772078125 0.8303618937499999 0.1430152859375 0.83934165 0.13054243906250002 0.846494775 0.13206054218750002 0.85625228125 0.12614325312500002 0.8556462843749999 0.10844077968750002 0.8626546625 0.1003424203125 0.8662944187499999 0.0827422109375 0.8761378000000001 0.0712514640625 0.8739492999999999 0.0612012578125 0.8867000578124999 0.051126353125 0.885461059375 0.0364847875 0.8898920640625001 0.015058445312499998 0.897653809375 0 0.55 0
0 0.7186167 0.2758668046875 0.7084114484375 0.2633163984375 0.7031573234375 0.2526155765625 0.6917584453125001 0.2509952109375 0.6793965625 0.26434789531249997 0.6935629328124999 0.3144843140625 0.69825643125 0.333054271875 0.7133269328124999 0.3530277234375 0.7136839390625 0.3203522046875 0.7261316984375 0.3014260640625 0.7186167 0.2758668046875
0 0.505474190625 0.9091153390625 0.49437831093750007 0.9163462109375 0.5076491890625 0.929547234375 0.52297731875 0.9328003109375 0.5401050734374999 0.9428258187499999 0.536505825 0.9292809640625 0.528100196875 0.923502984375 0.5210329453125 0.9164114218750001 0.51278556875 0.909868215625 0.505474190625 0.9091153390625
0 0.43708091875 0.899393153125 0.4204867859375 0.9022618874999999 0.4299007875 0.918638428125 0.4376869140625 0.917095625 0.45364804531249997 0.9172877968750001 0.4569577984375 0.9115997281249999 0.45445279843749997 0.903079975 0.43708091875 0.899393153125
0 0.369162396875 0.8873752875 0.371206146875 0.88780903125 0.3585547671875 0.8819287906250001 0.3476171375 0.8883944359375 0.3505110125 0.9001919671875 0.36536439062500004 0.905740725 0.3707178921875 0.9004863999999999 0.369162396875 0.8873752875
0 0.3153146390625 0.8176339515625 0.3096581390625 0.8140370390625 0.29857575937499997 0.8108862218749999 0.29078963125 0.8124290249999999 0.287552253125 0.8229253249999999 0.2957137546875 0.8350419890625 0.30113963125 0.8345958937500001 0.307903884375 0.8328362203124999 0.3148263875 0.83031131875 0.3193162640625 0.8240748953124999 0.3153146390625 0.8176339515625
0 0.358870178125 0.6998666265625 0.3749036859375 0.7048670296874999 0.3895399421875 0.69599109375 0.380428940625 0.6884657890625 0.3690300625 0.686845425 0.36076918281250003 0.6906839078125 0.358870178125 0.6998666265625
0 0.1980209640625 0.8638350499999999 0.1901759625 0.8501879328124999 0.1753225828125 0.8446391765625 0.1678394546875 0.8550332140625001 0.16844545 0.872735684375 0.18377357968750002 0.8759887640624999 0.1980209640625 0.8638350499999999
0 0 0.9503015343750001 0.0034584984375 0.9535483390625 0.015101503124999999 0.9488300187500001 0.014482003125 0.9415092359375 0.0023912515624999998 0.9277598578124999 0 0.9277638109375002 0 0.9503015343750001
1 0 0.6 0 0.8725616374999999 0.0021422625 0.8773818671875 0.014246517187499998 0.8807495578125 0.02219089375 0.878441528125 0.0476654046875 0.8790550953124999 0.0749530390625 0.8760593984374999 0.1018518 0.8697859265625001 0.11299305156249999 0.8881266640625001 0.1303649328125 0.8918134859375 0.13862581093749998 0.887975003125 0.1418226828125 0.9086237703125001 0.15381405625 0.9383282953125001 0.1714165609375 0.946058121875 0.171832440625 0.9285725218750001 0.17029044375 0.9050797203125001 0.169137321875 0.8848646984374999 0.1616946984375 0.864113671875 0.1577065765625 0.8472910359375 0.157647703125 0.8321011171875 0.1712620859375 0.8230083109375 0.18904984375 0.8092095328125 0.19839147031249998 0.8207778421875 0.215763353125 0.824464665625 0.23006960625 0.8275008703125 0.2461166125 0.822119584375 0.2400847390625 0.8048632078125 0.24797024687500002 0.787365259375 0.2550645015625 0.7736934421875 0.280209009375 0.78621915 0.274407759375 0.7730057765625 0.2800777609375 0.766221 0.31377264375 0.79414115 0.358938778125 0.8284898953125 0.32463790000000003 0.782867275 0.2979378953125 0.7572304531249999 0.29662652343749996 0.7377806578125 0.31455903125 0.7335983421875 0.31293115781249997 0.715679 0.3250624171875 0.6982833109375 0.3360994265625 0.6758625203124999 0.3429495546875 0.6685293875 0.330153428125 0.6530326843750001 0.3415793125 0.633889671875 0.349293065625 0.6275386375 0.3468739421875 0.6134454265625 0.361130259375 0.6 0 0.6
0 0.9688506859375 0.923584428125 0.9583019296875002 0.933327853125 0.97109805625 0.9488245546874999 0.9853319375 0.94705253125 0.9892746906250001 0.93830355625 0.98779156875 0.9300006749999999 0.979544190625 0.92345746875 0.9688506859375 0.923584428125
0 0.8471027734375 0.8881602125000001 0.8492324 0.883020496875 0.8386247734375001 0.8775739999999999 0.82518214375 0.87551989375 0.8207646390625 0.8865645484375 0.8301921406249999 0.8925593984375 0.8414327703125 0.8949449906249999 0.8471027734375 0.8881602125000001
0 0.95164460625 0.6715023046875 0.9478601015624999 0.679486053125 0.9656073562499999 0.6968323421875 0.9869943625000002 0.696578421875 0.9756813609375001 0.6893846 0.9697218609375 0.676936453125 0.9671444874999999 0.66360846875 0.9566816078125001 0.667778434375 0.95164460625 0.6715023046875
0 0.8691940671874999 0.709121903125 0.8763471968750001 0.71064000625 0.8865794499999999 0.7024270375 0.8857293265624999 0.69106325 0.8713506984375 0.6832188125 0.8629315703125 0.687822521875 0.8590746921875001 0.6909980375 0.860630190625 0.7041091500000001 0.8691940671874999 0.709121903125
0 0.87499910625 0.6 0.8728694656249999 0.603659953125 0.877576465625 0.6118482234375 0.88802584375 0.618059946875 0.898402846875 0.6194634390625 0.9038287234375 0.6190173453125001 0.9115424781250001 0.6126663109375 0.9102670703125 0.6 0.87499910625 0.6
1 0.55 0.6 0.55 0.8546164046874999 0.5691256796874999 0.8499344328125 0.5767670593750001 0.83877516875 0.59832581875 0.8273743328125001 0.615308825 0.8277833765625001 0.618776828125 0.8213300828125 0.635285084375 0.8240348046874999 0.6501249609374999 0.8399652515625 0.6726197203125001 0.8343547453125 0.668631596875 0.8175321109375 0.6595929703125 0.8148150390625 0.6729043531250001 0.7968709953124999 0.6956297375 0.79530349375 0.714254115625 0.8032501906249999 0.720009996875 0.79089195625 0.731567125 0.79174709375 0.7666273859375 0.7975902859375 0.7741828890625 0.7920044781250001 0.7709860187500001 0.7713557109375 0.7607807687499999 0.7588053046875001 0.7559155171875 0.7513822593749999 0.7674861484375001 0.741855709375 0.7761494046875 0.730913315625 0.7760905328125001 0.715723396875 0.7783919109375 0.6994367671874999 0.7890989171875 0.6889281171875 0.7994305515625 0.6647600015624999 0.798033303125 0.6508836640625 0.8120500625 0.6346869453124999 0.8203968171875001 0.6252750046875 0.8303984468750001 0.61301903125 0.8330887 0.6000101796874999 0.8330763749999999 0.6 0.55 0.6