0 0.3495834078125 0.2817281984375 0.3522421875 0.29424813906249997 0.35629016562500004 0.3056867546875 0.3695786296875 0.301179053125 0.37420512499999997 0.2958271359375 0.37418011406249996 0.285342171875 0.36426106874999997 0.27613916875 0.353895634375 0.27428658437500003 0.3495834078125 0.2817281984375
0 0.34078224687500003 0.3521890265625 0.33811096093750004 0.334426603125 0.3438248921875 0.3311461421875 0.3225976046875 0.3138214625 0.30865559375 0.303664809375 0.3001757703125 0.3143504046875 0.3125714484375 0.3245435375 0.32574029375 0.3347184328125 0.34078224687500003 0.3521890265625
0 0.2756448546875 0.07900415937500001 0.297922059375 0.08267285156250001 0.28707271562500003 0.072443240625 0.2833390046875 0.063094321875 0.279278521875 0.046413228125 0.26736675 0.04459711875 0.2542229171875 0.0449071875 0.250067825 0.0533936515625 0.257837009375 0.068938703125 0.26991841875 0.0770421390625 0.26295991875 0.0772062921875 0.2756448546875 0.07900415937500001
0 0.239742078125 0.392320596875 0.22891774531250003 0.39257594687499997 0.22491978750000002 0.40210725781249995 0.23221756875000002 0.41451776406249996 0.245989940625 0.418387090625 0.24954150625 0.41620619531249997 0.2481272953125 0.406802559375 0.239742078125 0.392320596875
1 0 0 0 0.45 0.15815812812500002 0.45 0.15822573125 0.448768478125 0.17198559687499998 0.4473953203125 0.18030828593749998 0.435664878125 0.20764587343750002 0.421388753125 0.2196647546875 0.4032797828125 0.22501439531249998 0.3769397 0.2371528953125 0.3441481328125 0.23428695937500002 0.30961341875000004 0.2359779203125 0.30537930625 0.24059191093750001 0.2947849078125 0.22587673125 0.2846464921875 0.21996815 0.2711546609375 0.223532221875 0.27421624843750003 0.2308174953125 0.2813842703125 0.24860033124999997 0.2809647671875 0.2594371703125 0.2859518984375 0.2644975515625 0.2680070796875 0.2620084109375 0.26177446875 0.25007163125 0.2494733984375 0.2579604328125 0.25033585468749997 0.2725184765625 0.259429421875 0.2793073359375 0.25297793749999997 0.2806590203125 0.236169165625 0.27907516875 0.22047819999999999 0.25818716249999996 0.21572818124999998 0.26095305625 0.2083230453125 0.25026084375 0.19913828125 0.25393202812500004 0.18227479375 0.245886090625 0.1803674890625 0.22843003125 0.1881191734375 0.22949245624999998 0.17970566875 0.2358224171875 0.1753621203125 0.22556409375 0.15358445781250002 0.22783357187500003 0.13255981249999998 0.23974534374999998 0.1343759203125 0.2446736 0.1258712171875 0.23598662187500002 0.1145420390625 0.24015421718750002 0.11129805781249999 0.241663034375 0.095534134375 0.23280641562499998 0.0779176265625 0.226149678125 0.074928996875 0.2174752046875 0.0688423 0.2206999953125 0.059329228125 0.21850011249999998 0.04470135 0.20471523593750002 0.03558954375 0.1991084171875 0.018944925 0.1904214375 0.007615746875 0.190839496875 0 0 0
0 0.2893946875 0.45 0.2850250734375 0.44577722656249996 0.2667583296875 0.4378197046875 0.2175274015625 0.4148643109375 0.2034782765625 0.424632734375 0.20443358749999999 0.43614430625 0.2148115296875 0.44323937343750003 0.22137194375 0.45 0.2893946875 0.45
0 0.929292728125 0.3651884796875 0.9372065421875 0.376535896875 0.9466416765624999 0.3773618734375 0.9460006343749999 0.36794 0.9365279812499999 0.35138657812499996 0.9250626046875 0.34222005312500003 0.9221395781249999 0.348580340625 0.929292728125 0.3651884796875
0 0.971729359375 0.327487946875 0.9748095218749999 0.32217250625 0.9758719453125 0.3137590015625 0.9715222046874998 0.305473171875 0.9620745625 0.2994047140625 0.9603710953124999 0.2983963453125 0.9514073640625 0.3007049125 0.9477111703125001 0.3070834390625 0.9494396484374998 0.3185767734375 0.9609050265625001 0.327743296875 0.9680206609375 0.32862399062500003 0.971729359375 0.327487946875
0 0.87298694375 0.099135159375 0.8795115593749999 0.11156390468749999 0.8830756281250001 0.1146254921875 0.8908072953125 0.11444309999999999 0.8991549953125 0.11319761718750002 0.899746015625 0.1016495671875 0.8949248718749999 0.0902291921875 0.8826988328125001 0.0863233890625 0.8748225359375 0.09070341562499999 0.87298694375 0.099135159375
0 0.8527574359375001 0 0.8525023765625 0.00419986875 0.8576252859375 0.012467459375 0.8648980546875 0.014393003125000001 0.8712405234375 0.0152919359375 0.87987748125 0.0056511890625 0.8795510328125001 0 0.8527574359375001 0
0 0.8560417749999999 0.45 0.8594364078125001 0.44757517656249995 0.8589274875000001 0.4287131859375 0.8456140140624999 0.42273592656250003 0.8417731921874999 0.4333120859375 0.8388626703125001 0.44491485468749997 0.8420136171875001 0.45 0.8560417749999999 0.45
1 0.509375 0 0.509375 0.45 0.8401228906250001 0.45 0.8315773953125 0.43774682968749995 0.8367949109375001 0.42084686250000003 0.8466139125 0.3881100140625 0.8446157484375 0.3283895 0.8521902812500001 0.327162259375 0.8917914249999999 0.33251938281250004 0.9165702765624999 0.34766316875 0.9157595921875 0.3319539625 0.8791885890625 0.300311475 0.8882844437500002 0.2885627921875 0.91458461875 0.2931851359375 0.90604226875 0.277658325 0.895941078125 0.25692550937499997 0.8807795078125 0.2541375125 0.8689873562500001 0.237638809375 0.86909446875 0.21771373125000001 0.8442085046875001 0.2224950234375 0.846647621875 0.2077577109375 0.8465976 0.1867877828125 0.8446994812499999 0.169007121875 0.8572147781249999 0.164517659375 0.8566933531250001 0.1404131875 0.8560398046875001 0.1257488328125 0.8346428765624999 0.1021368234375 0.8368052421875 0.10103725781249999 0.8352088875 0.080103809375 0.8180045687499999 0.06373278437499999 0.8006181046874999 0.03583194375 0.8048678031250001 0.0021779218749999997 0.8097951265625 0 0.509375 0
1 0.509375 0.45 0 0.45 0 0.7537591703125 0.003965596875 0.7556039 0.018655765625 0.7552573515625 0.0253125015625 0.7582459828125 0.03724928125 0.7705470515625 0.0536804328125 0.7869363187499999 0.0715007859375 0.8022442578125 0.0870016359375 0.817606915625 0.0995669546875 0.8340873796875 0.124610053125 0.8303509375000001 0.1393127265625 0.8352468703125 0.1530976046875 0.8443586765625 0.16225598593749999 0.8588224 0.1727785578125 0.8617198343750001 0.190586403125 0.8717852921875 0.19293091406250001 0.8822155375000001 0.19929839375 0.893599434375 0.2113547921875 0.891217909375 0.2275787875 0.8855924 0.22613956562499998 0.865703803125 0.23636037499999998 0.8717540203125 0.260655315625 0.878520778125 0.2788720375 0.8655083749999999 0.2909284359375 0.8631268484374999 0.30593287343750003 0.8648699984375 0.322169375 0.864486971875 0.3334651125 0.8673661656250001 0.33858802187500003 0.8756337578124999 0.3576029203125 0.8730880765624999 0.3645239046875 0.8571964781249999 0.362336528125 0.84781108125 0.3586028171875 0.8384621624999999 0.36678087656249997 0.8309293531249999 0.3691003765625 0.8308746359375 0.3853493828125 0.8357340921875 0.3918489859375 0.8376778734375 0.40978895625 0.8383032171875 0.413328015625 0.830879840625 0.4094246640625 0.81524359375 0.416056390625 0.8077472625000001 0.4273271171875 0.80014149375 0.429005575 0.7906649 0.42371302499999997 0.7761099796875 0.4351408859375 0.7695490609375 0.44812758593749996 0.7681941421875 0.462830259375 0.7730900765625 0.46837454999999995 0.7635222859375 0.4817826296875 0.7443319890625 0.49445506093749997 0.740887375 0.509375 0.745918565625 0.509375 0.72779021875 0.499044040625 0.7198080140625001 0.505059734375 0.7133747687499999 0.509375 0.7009610859375 0.509375 0.45
0 0.469053109375 0.7886716046875 0.47324571718749997 0.7959125874999999 0.477268684375 0.796866240625 0.48236658437499996 0.7946488671875 0.48514498125000005 0.7924862140625001 0.48868404062500004 0.7850628390625 0.4866537984375 0.776722290625 0.47518842031249997 0.7675557656249999 0.46699785625 0.76984609375 0.46484799531250004 0.77618814375 0.469053109375 0.7886716046875
0 0.37493936250000004 0.8800189906250001 0.38098006875 0.884070709375 0.3880831984375 0.8797089218749999 0.39039019218750004 0.8744117218749998 0.3905223140625 0.8649716078124999 0.38076040624999996 0.8568134515625001 0.374260803125 0.8548696703124999 0.3690057703125 0.8560421953125001 0.37011821718750004 0.8685986140625002 0.37493936250000004 0.8800189906250001
0 0.3158573546875 0.9411804109374999 0.3181893609375 0.9463681734375001 0.3249907265625 0.9451591718749999 0.32838515625000003 0.9419334296875 0.33345804375 0.9292310953125 0.3264620265625 0.91366780625 0.3193463921875 0.9127871109375001 0.31115582656249996 0.9150774390624999 0.3104076703125 0.9255806421875 0.3158573546875 0.9411804109374999
0 0.3545407015625 0.9507534078125002 0.3472429203125 0.9383429031249999 0.33858095312500003 0.9374986859375 0.33165996875000003 0.953390284375 0.3395612765625 0.9594952218749999 0.345118071875 0.9551699109375 0.34959993749999996 0.9540156281249998 0.3545407015625 0.9507534078125002
0 0.21699912656250003 0.92358996875 0.21486177187500002 0.9351745000000001 0.22077035312499999 0.9486663296875001 0.22263095625 0.95071955 0.23670509062499998 0.9514360890625 0.24534204843750002 0.9417953421874999 0.2443742296875 0.9250412890625 0.23939594999999997 0.9125760671875 0.224246884375 0.9150305484375 0.21699912656250003 0.92358996875
0 0.250557878125 1 0.2507221359375 0.9930476328125 0.246831290625 0.9826538656250001 0.23955852187499999 0.9807283234374999 0.2326125265625 0.986134959375 0.23388210781250002 0.999736228125 0.23404054687500003 1 0.250557878125 1
0 0.9977143640625 1 0.9980844515625 0.9948044281249999 0.9856762671875 0.9793688125 0.9747198078124999 0.9890642781250001 0.97242531875 0.9996039578125 0.9727504249999999 1 0.9977143640625 1
1 0.509375 0.45 0.509375 0.9973525109375 0.5128015109375 1 0.9369805203125001 1 0.9357722140625 0.998371509375 0.93760780625 0.9899397656249999 0.9522854687500001 0.9843507375 0.9576851296874999 0.9789805796875001 0.9800819546875001 0.9679666765625001 0.995413165625 0.9770420046874999 1 0.9792349625 1 0.9472458078125001 0.9937792921875002 0.9403811125000001 1 0.9319551484375002 1 0.6060179734375 0.996687640625 0.6037262562500001 1 0.6001839859375 1 0.59304508125 0.9915272156250001 0.5797312234375 0.9739836171875 0.550785534375 0.967760765625 0.5352040062500001 0.9693892015625 0.5047574875 0.9917985296874999 0.4989860640625 0.9493939781249999 0.48530663125 0.951833096875 0.47056931874999997 0.9355313359374999 0.45 0.509375 0.45