0 0.35774951875 0.24300519375000001 0.3566055890625 0.2516382484375 0.3669336125 0.2605186078125 0.3805203546875 0.2583277328125 0.3827626671875 0.24496371093749997 0.3744856765625 0.239108090625 0.3620246453125 0.23422674687499997 0.35774951875 0.24300519375000001
0 0.3750579484375 0.011323196875 0.3595021546875 0.0034655781250000003 0.354055775 0.0232183328125 0.3684767484375 0.0389285875 0.3798211796875 0.050101734375 0.39010365625 0.0628841796875 0.40158471718750005 0.06235106875 0.391475303125 0.034740696875 0.3750579484375 0.011323196875
0 0.46875 0.22512679218749998 0.4601264078125 0.2304514828125 0.45469824531249997 0.248643403125 0.45454339531250004 0.2619104953125 0.4660062375 0.26293821875 0.46875 0.2613552828125 0.46875 0.22512679218749998
1 0.46875 0 0.46875 0.4296875 0.9396034453125001 0.4296875 0.9402455921874999 0.429010990625 0.9496482953125 0.427794390625 0.9612022249999999 0.4210179421875 0.9560746484374999 0.41345609375 0.964428196875 0.4104027265625 0.990728 0 0.46875 0
0 0 0.806164515625 0.005700415625 0.808346303125 0.015212424999999998 0.797764696875 0.0153763796875 0.7837171890625 0 0.779304196875 0 0.806164515625
0 0.0639019390625 0.6480849359375 0.0616687328125 0.6606685406249999 0.0741388734375 0.6647694671875 0.082534278125 0.6604796640625 0.084749265625 0.64945689375 0.075428540625 0.6436497390625 0.0691843625 0.6423796921875 0.0639019390625 0.6480849359375
0 0.10557995 0.8310082968749999 0.101459671875 0.8265196515625 0.08580368125 0.8272466218750001 0.0711458796875 0.8318272125 0.0700839296875 0.8334365125 0.0751659625 0.8449004453125 0.083388303125 0.8554385703125 0.10022465625000002 0.8429568765625 0.10557995 0.8310082968749999
0 0.10433205937500001 0.937925453125 0.11486958124999999 0.928856215625 0.11182946875 0.9211974375 0.092107853125 0.9127532609374999 0.082623171875 0.920993615625 0.08251386875 0.9303586218749998 0.0845284625 0.9365050296875002 0.09178905000000001 0.9400678625000001 0.10433205937500001 0.937925453125
0 0.4323827484375 0.4296875 0.43252017656249997 0.43674994843750004 0.4417953578125 0.4464591890625 0.457378478125 0.45197555781250004 0.45858616718749995 0.4378795828125 0.45453991718750003 0.4296875 0.4323827484375 0.4296875
0 0.4260847140625 0.4518686625 0.42597541093749997 0.46123366875 0.44053301562499997 0.46523766718750004 0.4521324875 0.45455913125 0.4294071953125 0.4353345078125 0.4260847140625 0.4518686625
0 0.4393071078125 0.48089447500000004 0.457005021875 0.4839726625 0.468586275 0.4748549625 0.46560081562500005 0.4625136796875 0.45205050937499996 0.4615828859375 0.4467589765625 0.468068546875 0.4393071078125 0.48089447500000004
0 0.16383235625 0.7557639375 0.1794974546875 0.7542565515625 0.1806960359375 0.74094099375 0.17349920937500002 0.731915240625 0.16097441875000001 0.732496815625 0.15460271875 0.7421526109375 0.1555644734375 0.7491279000000001 0.16383235625 0.7557639375
1 0.46875 1 0.46875 0.531176446875 0.453245321875 0.5379668437499999 0.44994105937500006 0.5529401625 0.46864626875 0.5590915546875 0.453979359375 0.5644525625 0.42411189531250004 0.53151968125 0.38967782500000003 0.5323385984375 0.4037708859375 0.5761438734375 0.353471325 0.5956393578125 0.325418065625 0.5860220640625 0.31894616875000004 0.6042624484375001 0.33347645 0.610607696875 0.318563603125 0.6370399703125 0.3048220140625 0.6524979375 0.29355045468749996 0.635081453125 0.2736102296875 0.6453672875 0.2797542125 0.655221925 0.2796813421875 0.6614652624999999 0.265096409375 0.6598025156249999 0.24015613125000002 0.6516006609375 0.2315967703125 0.6699379750000001 0.2346004453125 0.680718421875 0.2544586921875 0.6774563421875 0.26262638125 0.6926769687500001 0.2614369078125 0.7052121078125 0.23442738125 0.6955463500000001 0.2237623359375 0.715541425 0.1997473765625 0.71743653125 0.19743219375 0.737043890625 0.2140317203125 0.74485304375 0.23607762812500002 0.7329094453125 0.2327824734375 0.7471023484374999 0.2086764265625 0.7568016249999999 0.2137311328125 0.7706068125 0.199118875 0.7712853171875 0.186712496875 0.7617214703125 0.16576497343750002 0.7689341015625001 0.1665718796875 0.7891764828125 0.1790329109375 0.7940578281249999 0.1539468921875 0.7983426484375 0.1610981734375 0.8112704890625 0.17252457968749998 0.8154198812499999 0.173295053125 0.8387839312499998 0.164844996875 0.8477562390625 0.1646354953125 0.865705834375 0.16764828125 0.8757058640625001 0.1559941546875 0.8910669015625 0.1620379421875 0.9095061265624999 0.1629359359375 0.9219443375 0.1838105890625 0.92097504375 0.159467715625 0.9509651671875 0.1686427015625 0.9692589984375001 0.16950426093749998 0.984818878125 0.1866237 1 0.46875 1
0 0.46875 0.8984095828124999 0.47590539375 0.8980773296875 0.48327528124999997 0.89227515625 0.4875595171875 0.8827162906249999 0.48344834687500005 0.87744723125 0.4740729703125 0.876322578125 0.46875 0.8770664437499999 0.46875 0.8984095828124999
0 0.5728070015625 0.7289990140625 0.5716630734375 0.73763206875 0.5726339359375 0.7438269421875 0.5736776703124999 0.7437784765625001 0.5850403140625 0.7533907890625 0.59137558125 0.7468566624999999 0.595659815625 0.737297796875 0.5936907640625 0.7272493046875 0.584324496875 0.7253442343750001 0.5728070015625 0.7289990140625
0 0.59128606875 0.9332794437499998 0.5965229484375 0.9314762859375 0.604963896875 0.923284396875 0.603993034375 0.9170895234374999 0.591550221875 0.9106473453125 0.5747867375 0.9168856999999999 0.5747047593750001 0.9239094546875 0.5757029484375 0.927763078125 0.5777630874999999 0.9300074 0.582927096875 0.9344475796874999 0.59128606875 0.9332794437499998
0 0.6844097625 0.8197561437499999 0.6844826312500001 0.81351280625 0.6782931046874999 0.80756025625 0.6647336890625001 0.8074098812500001 0.6521542453125 0.8126739593749999 0.662527809375 0.8176522343749999 0.6666480874999999 0.822140878125 0.6728831578125 0.8241913406249999 0.6843551078125 0.8244386468750001 0.6844097625 0.8197561437499999
0 0.848423725 0.5313423890625 0.8381412453125 0.5185599453125 0.8297458421874999 0.522849746875 0.8305527484375 0.54309213125 0.836660296875 0.556068434375 0.8501923859375001 0.5585600625 0.8595859796875001 0.5581238796875 0.86178275 0.5486619453125 0.857708015625 0.5402712140625 0.848423725 0.5313423890625
0 0.9579610062499999 0.5309361015625 0.9621996968750001 0.525279321875 0.9622998921875 0.51669473125 0.951980978125 0.50703395625 0.9383669093750001 0.5115660828124999 0.9382120624999999 0.524833175 0.9391647078125 0.5325888828125 0.9411975218750002 0.53717445625 0.9473961562500002 0.5423465890625 0.9557369109374999 0.5427392890625 0.9579610062499999 0.5309361015625
0 0.9423323406249999 0.5293218203125 0.9329569640625 0.5281971671875001 0.9277291921875002 0.5292199078125 0.9214121437500001 0.5341932 0.9233538687500001 0.5465829453125 0.9316672953125 0.549316896875 0.9421046234375 0.54883225 0.9483852374999999 0.5469806265624999 0.9484945406249998 0.537615621875 0.9423323406249999 0.5293218203125
1 1 1 1 0.6063148828125 0.9905042328124999 0.6027444484375 0.9747753718750001 0.6097147546875 0.9736314468749999 0.618347809375 0.9526201593749999 0.6310233625 0.9245486828124999 0.6229669015625 0.9233592109375 0.6355020421875001 0.9263993234375001 0.64316081875 0.91682355625 0.6592053453125001 0.8643727671875 0.6842606796874999 0.8245925125 0.6962477609375 0.82553605 0.7047838859375 0.8328603953125 0.7028837984375 0.8274413421875 0.7202953 0.8188819796875 0.7386326125 0.8042970468749999 0.7369698671875 0.8012842640625 0.7269698375 0.7834952640624999 0.7316958234375 0.787579109375 0.7393061359375 0.7895663781250001 0.747793796875 0.7739377140625 0.7461795140625 0.7521195234375 0.738612684375 0.7395309703125 0.7446571796875 0.737306875 0.75646036875 0.748742390625 0.7598293421875 0.7612854 0.7576869328125 0.7663492156249999 0.7707117 0.7557479328125 0.7852438578125 0.741081021875 0.790604865625 0.7358077078124999 0.7955296921875 0.732886009375 0.7777254906250001 0.7221754203125 0.8016226546875 0.7085977875 0.8030331125 0.7031422968750001 0.8235662828125001 0.7166834953125 0.82527749375 0.7165013234375 0.8408858375000001 0.7112280078125 0.8458106640625 0.711118703125 0.8551756703125001 0.6955720171875 0.846537634375 0.6798431578125 0.8535079421875 0.678608140625 0.8699451687499999 0.703593965625 0.8742449359375 0.69518034375 0.8800955734375 0.687937975 0.8749719078125 0.671192709375 0.879649428125 0.678343990625 0.8925772671875001 0.6845699515625 0.8954081468750001 0.679087134375 0.9182825703125002 0.6663983874999999 0.9329116546874999 0.6662526468750001 0.9453983312500001 0.66921078125 0.9600808640625 0.6576477421875 0.9676377296875 0.6585001921875 0.9839780265625 0.66253849375 0.9954904265625 0.666314859375 1 1 1