0 0.542721384375 0.5602457656250001 0.539566003125 0.55420020625 0.5297612265625 0.5495564015625 0.526849315625 0.55297656875 0.5238408546875 0.5626397765625 0.5251030078125 0.5650580015625 0.523307725 0.5719031765625 0.53185035 0.574128759375 0.538063165625 0.5757473640625 0.5452946640625 0.57031846875 0.542721384375 0.5602457656250001
0 0.5890625 0.4522800671875 0.5874145234375 0.4517490921875 0.58032855 0.456171203125 0.5829508031249999 0.47148016249999997 0.5890625 0.4764801671875 0.5890625 0.4522800671875
0 0.5477098671875 0.43095797343750003 0.5405273421875 0.441623125 0.5370823031249999 0.45430669375 0.5407232375000001 0.46256814999999996 0.54771265625 0.46438908124999995 0.55669185625 0.46359430625 0.5645544296875 0.45937451874999996 0.5664952375000001 0.45152255625000004 0.5660572671875 0.4378273609375 0.560232053125 0.427952140625 0.5477098671875 0.43095797343750003
0 0.31731784375 0.5642040765624999 0.3162991640625 0.5712515781249999 0.3112043671875 0.5897735359375 0.3167385296875 0.601662328125 0.331785021875 0.6034929421874999 0.3353266125 0.584566334375 0.3347920890625 0.5771141796875 0.3328498859375 0.568250590625 0.327559196875 0.5658275234375 0.31731784375 0.5642040765624999
0 0.2694786328125 0.6390625 0.267136728125 0.63261710625 0.26150601406249996 0.62697135625 0.250779109375 0.6231320124999999 0.242479959375 0.6303721546875 0.241223815625 0.6390625 0.2694786328125 0.6390625
1 0 0 0 0.5824162078125 0.0067343296875 0.5888034015625 0.0334312484375 0.610384453125 0.0418283453125 0.613616821875 0.044499571875 0.6341620375 0.0491616453125 0.6390625 0.07441343125 0.6390625 0.077648596875 0.616680759375 0.0938606890625 0.627172640625 0.11332332187500001 0.620751484375 0.132496296875 0.6330594515625 0.14336733125 0.6191764578125001 0.1563764640625 0.6351020765625 0.1590449015625 0.6222161828125 0.181953965625 0.6198270140625 0.1818574140625 0.6260700546875 0.1810514140625 0.6390625 0.224067715625 0.6390625 0.23024882500000002 0.631364415625 0.254322096875 0.62092095625 0.2675719109375 0.61288119375 0.27936646875000004 0.6149092921875 0.28858635312500003 0.5901491359375 0.302903821875 0.580298125 0.311737496875 0.5805101359375 0.3187744953125 0.5708517703125 0.3253749171875 0.5642137609375 0.3306642125 0.549921271875 0.334011303125 0.52676519375 0.34629001718749997 0.5142936359375 0.36381184218749996 0.5157244421875 0.371334390625 0.508281971875 0.389242425 0.484740609375 0.40778153437500003 0.4624083625 0.39836296718750003 0.4327923875 0.42006024843749995 0.4499368046875 0.42617372500000006 0.42436734375 0.43117336249999993 0.4288039796875 0.4486462140625 0.42499852968749996 0.470875228125 0.41616399218750005 0.4767466265625 0.39784435937499996 0.4754830796875 0.37871058281250003 0.46660043125 0.37326231718749997 0.4682012140625 0.362187671875 0.4657734609375 0.35110818125 0.47863427812500003 0.3346094796875 0.49717478125000003 0.328992784375 0.486786509375 0.31166056875 0.4708178890625 0.31063441406250003 0.47450500624999997 0.2907010203125 0.4869306390625 0.2939382296875 0.4920744078125 0.28065252812499997 0.49144193906250005 0.2627278625 0.47183238593750004 0.2534402515625 0.47115233593749994 0.246994884375 0.48867415937500003 0.24842569062500003 0.49935209062499997 0.2470287796875 0.5043979125 0.22327056562499997 0.5111438609375 0.21562577031250002 0.5141999 0.1944832625 0.5250233578125 0.19207956718750002 0.5309913078124999 0.16751689218750002 0.535260528125 0.14355635312499998 0.5255033296875 0.12743324843749998 0.5050695968750001 0.1294226125 0.4926929359375 0.13142165781249998 0.492400490625 0.1167196765625 0.47939135781250003 0.10079405625 0.4802155390625 0.089517084375 0.48385507812500006 0.0810629875 0.5112768359375 0.0641790015625 0.5264184859375 0.0430510203125 0.517439284375 0.0438457984375 0.51156649375 0.045449876562500005 0.49972435624999995 0.054901075 0.4899685546875 0.055493525 0.4730778046875 0.0552718328125 0.4710390515625 0.052651284374999996 0.46734914375000003 0.039153571875 0.464290315625 0.026864970312499997 0.4485637734375 0.0185889890625 0.448416853125 0.002880221875 0.43745295781250004 0 0 0
0 1 0.549608171875 0.995905771875 0.553179959375 0.9884797750000001 0.5543793859374999 0.981248278125 0.5598082828125001 0.9826083765625 0.5726990171875 0.9910544484375 0.5811676421875 1 0.5813184609375 1 0.549608171875
0 0.7762728937500001 0.49491501875 0.7836988890625001 0.4937155921875 0.791998040625 0.4864754484375 0.7869970093750001 0.46532325625000004 0.7787454359375 0.461084103125 0.771804990625 0.464499428125 0.7656901203124999 0.47335333593750006 0.76690469375 0.4872508578125 0.7762728937500001 0.49491501875
0 0.7700614703124999 0.51001196875 0.7732154578125 0.49934197343750003 0.7667591687499999 0.4882576421875 0.76161400625 0.4848277890625 0.7558391609375 0.49690438124999997 0.7594800921875 0.5051658375 0.7674406125 0.5114185625000001 0.7700614703124999 0.51001196875
0 0.6603590984375 0.39367681718749997 0.668901721875 0.39590239843749997 0.6743379359375 0.397318678125 0.6716667109375 0.3767734640625 0.66511386875 0.37193217500000003 0.654241440625 0.36909961562500004 0.65031085 0.379567284375 0.6544373328125 0.3900446375 0.6603590984375 0.39367681718749997
0 0.7901020234375 0.44941700625000003 0.803789809375 0.45507244062499996 0.8103412578124999 0.443198175 0.80684585 0.4339299328125 0.8023317640625001 0.4317091921875 0.797041075 0.42928612812500005 0.791604859375 0.4278698484375 0.7901020234375 0.44941700625000003
1 0.5890625 0.6390625 0.01688459375 0.6390625 0 0.7544509125000001 0 0.9892282265624999 0.013495840625 0.9989069109375001 0.0138140359375 1 0.5769352390625 1 0.5803049031249999 0.9856921249999999 0.5723429890625 0.9627238468750001 0.5755445546875 0.940574553125 0.57432998125 0.92667703125 0.57597834375 0.9041230890625 0.5829677625 0.9059440203125 0.5875294281250001 0.8966854609375 0.5890625 0.8912600109375 0.5890625 0.6390625
0 0.687050475 1 0.6871200765625 0.999518471875 0.6782107625 0.982448659375 0.6681606171875 0.979830328125 0.6614802734375 0.9866933250000001 0.66288425625 1 0.687050475 1
0 0.6165303953125 0.8582221593749999 0.5983150187499999 0.8596218578125001 0.593177175 0.875490125 0.597689446875 0.89018533125 0.6181897671875001 0.8992133875 0.6212155125 0.8913982703125001 0.6241836453125 0.87742285 0.6231547625 0.864864215625 0.6165303953125 0.8582221593749999
0 0.87194991875 0.6390625 0.8715292484375 0.6419728140625 0.8725005140625001 0.6483711484375 0.878382440625 0.653590721875 0.8800385328125 0.6552512359375 0.88277948125 0.655965325 0.89202956875 0.651000871875 0.890769953125 0.6390625 0.87194991875 0.6390625
0 0.6781449453125 0.877961571875 0.6855677328125 0.8725210578125001 0.685681321875 0.8651763015625 0.6828827578125 0.8583019125 0.6773432453125 0.85071343125 0.670718875 0.844071371875 0.6688915765625 0.8435953109375 0.6622688484375 0.8566186109375 0.6602143671875 0.8708320593749999 0.670664540625 0.8772417828125001 0.6781449453125 0.877961571875
0 0.8324184453125 0.6895491375 0.836245890625 0.7089821609375 0.8508066671875 0.7066303421875 0.8569733921875 0.7033207046875 0.8546884484374999 0.692892953125 0.84075488125 0.684346653125 0.8324184453125 0.6895491375