0 0.49511539843749997 0.55 0.5006228203124999 0.54301929375 0.498491178125 0.5335443421875 0.49135747656250006 0.5260606796875 0.48387044531249995 0.5285923703125001 0.4748036640625 0.5409543718750001 0.47683871875 0.55 0.49511539843749997 0.55
0 0.42550554375000005 0.55 0.425200634375 0.5490309390625 0.41551772187499997 0.5439086515625 0.4056099640625 0.5451597718750001 0.4054392078125 0.55 0.42550554375000005 0.55
0 0.19255960625 0.4681634609375 0.20611451875000003 0.46837795781249997 0.21624711875 0.46075343125 0.2153097828125 0.452374009375 0.2043362046875 0.44888764999999997 0.19688129375000002 0.450508853125 0.190331603125 0.46141996875 0.19255960625 0.4681634609375
0 0 0.485926596875 0.010508571875 0.491038959375 0.0157354765625 0.48267426249999995 0.018573775 0.4721185078125 0.015183590625000002 0.463369 0.004081528125 0.4635245890625 0 0.46635731874999997 0 0.485926596875
0 0.0200892859375 0.46410917031250004 0.0201214078125 0.463198684375 0.021476315625 0.45974177968749996 0.024250371875000003 0.4510069984375 0.013212553125000002 0.44934161406250006 0.0030799484374999997 0.4569661390625 0.0029514640625 0.4606080875 0.011407953125 0.46554533124999997 0.0200892859375 0.46410917031250004
0 0 0.452261015625 0.0019498859375 0.4540496375 0.0068234640624999995 0.4557002953125 0.0143426140625 0.45225811718750003 0.017148790625 0.44261285 0.0088207859375 0.43403365625 0 0.43433790468750005 0 0.452261015625
1 0 0 0 0.388703796875 0.0077491296875 0.39451264531249997 0.012558465625000001 0.3979842734375 0.01743204375 0.3996349328125 0.0393470765625 0.4075181328125 0.026247693750000002 0.429340359375 0.0235378796875 0.43625416718750004 0.0328674625 0.4513918109375 0.047488195312499995 0.45634378125 0.0792788671875 0.46388635 0.07746843437499999 0.44530652968749995 0.068106728125 0.4310793765625 0.0485481796875 0.426297721875 0.061326356250000005 0.41358036093750006 0.07991544687499999 0.41089308124999996 0.081302475 0.406525690625 0.0995703609375 0.4129432765625 0.108964184375 0.42625994375 0.1184864953125 0.4359346640625 0.1343336484375 0.44107167968749994 0.143464671875 0.4268887046875 0.1473687890625 0.421070425 0.1547273375 0.4221806828125 0.161764678125 0.4323958046875 0.1826138921875 0.4355415296875 0.1904542515625 0.4229944859375 0.221114859375 0.42762055156249995 0.24441692656249997 0.43113636250000004 0.262941775 0.43027005625000003 0.2824682046875 0.4359621984375 0.29841172031249996 0.4383677515625 0.30728578125 0.4314686703125 0.3257142671875 0.4333338234375 0.33962250625 0.4235329671875 0.3657949875 0.41558253437500003 0.3770255328125 0.4117849984375 0.39800323125000003 0.41128877656249996 0.41304153125000004 0.4044044203125 0.42414359218750003 0.40424883125 0.4305005609375 0.3988006375 0.4369538890625 0.39062098437500004 0.45789946875 0.3910352515625 0.4717434640625 0.38305536562500003 0.47571182500000003 0.3754161140625 0.49020407343750005 0.3840100328125 0.5218341421875 0.396105034375 0.5308045609375001 0.38647449375 0.557818021875 0.38963494375 0.5719189828125 0.37437116718749996 0.573562978125 0.3627198828125 0.5776598203125001 0.3514386828125 0.58143545625 0.3492623515625 0.60231679375 0.351497590625 0.6135152171875 0.3486105390625 0.615223453125 0.3351382828125 0.6094125390625 0.32510820156250003 0.5874011390625 0.31995646093749996 0.5825275624999999 0.31830580468749997 0.5951130140625 0.3110513625 0.6004684015625 0.2990447203125 0.586977734375 0.2970092515625 0.591170940625 0.2829965921875 0.597560028125 0.27663791249999997 0.6072750625000001 0.28084971406250003 0.6247662109375 0.27433544374999996 0.6288951765624999 0.2621437578125 0.6183070453124999 0.2477315609375 0.6345396515624999 0.24194273593750001 0.6373779500000001 0.2313869828125 0.6179478828125 0.2229633796875 0.6130421859374999 0.2222232078125 0.6161695703125 0.2034730734375 0.6215891984375 0.18964545625 0.615971009375 0.17415245625 0.6237471265625001 0.1634263859375 0.619323240625 0.149028915625 0.621159959375 0.131914709375 0.6205117078125 0.11534090781249999 0.6196707328125 0.1042300265625 0.60162769375 0.0914390328125 0.6047872 0.07177840937499999 0.5855177375 0.058802375 0.5762202734375 0.042754246875 0.5732155390625 0.023078898437500002 0.562852253125 0.0022932953124999997 0.5611098578125 0 0 0
1 1 0.55 1 0 0.6390625 0 0.6390625 0.49944254062500004 0.6455767375 0.5062100515625 0.6632166640625 0.5112056593750001 0.671337928125 0.5186552578125 0.6898838015625 0.5276777203125 0.70771484375 0.52725593125 0.7193184265625 0.5251165109375 0.7215944671875001 0.5200136875 0.732815809375 0.528709059375 0.748316209375 0.5349379234375 0.7552585 0.546099803125 0.7730764765625 0.55 1 0.55
0 0.5979602265625 0.81682946875 0.6037235437499999 0.8317036343750001 0.62361220625 0.8323703312500002 0.62481848125 0.8278841359375001 0.625036903125 0.8216928250000001 0.623225009375 0.8136391171875001 0.6201522328125 0.8116194312499999 0.5979602265625 0.81682946875
0 0.46260414218749996 0.791738775 0.457091509375 0.79946539375 0.45986395625 0.8099981296875001 0.4700701453125 0.8177623015625001 0.4848284109375 0.8153208281250001 0.48608929375 0.8092868046875001 0.48946239843750006 0.8027934406250001 0.48444121406249996 0.7965896140625001 0.47516827656249994 0.7920783828125 0.46260414218749996 0.791738775
0 0.3892025078125 0.67407341875 0.39074137656249996 0.689866265625 0.40086565625 0.699952178125 0.41238732968749997 0.7001344984375 0.423166871875 0.691646484375 0.4224793453125 0.6814283203125 0.4185552265625 0.6738339515625 0.4092549890625 0.670096634375 0.39460593125 0.6694424546875 0.3892025078125 0.67407341875
1 0 0.55 0 1 0.36873523124999996 1 0.38220556875 0.9912332562499999 0.378390659375 0.9805432343749999 0.38195488593750004 0.9686324734374999 0.39048568906250003 0.96447336875 0.41596889218750005 0.95509170625 0.4214542234375 0.9481390000000001 0.422218696875 0.9264694171875 0.4205979203125 0.9129983124999999 0.4049883109375 0.9098651046875 0.400845771875 0.9084620453125 0.40336753437499995 0.8963940000000001 0.401801365625 0.8813750671874999 0.39985295625 0.877190928125 0.409699246875 0.8654499703124999 0.410136090625 0.853067353125 0.40511490468750005 0.8468635250000001 0.40124539062500003 0.8377213296875 0.4379226375 0.8378089531249999 0.43566893906250004 0.81257185625 0.4158894875 0.8088095046875001 0.40579251093749996 0.7979496765625 0.387929203125 0.7695793734375 0.376953584375 0.7539187796875 0.3668839109375 0.7422850390625 0.362217659375 0.726020334375 0.35829354062499996 0.718425965625 0.34438165625 0.6968761171875 0.338836759375 0.67581064375 0.32788844375 0.659376134375 0.31578845312500003 0.6458799953125001 0.29222139375 0.6306537046875 0.291233540625 0.6289485921875 0.27433078593750004 0.6030573140625 0.2637647046875 0.5757880156249999 0.2638193109375 0.5742401874999999 0.2618436 0.5708299609374999 0.1512753546875 0.5534975359375001 0.096697059375 0.55 0 0.55
0 0.760995315625 1 0.74885015 0.98401485625 0.7366136484375 0.9743882828124999 0.7221284078125 0.9690906203124999 0.7125005375 0.97464026875 0.716260840625 0.9868781171875 0.7284154359375 0.99882643125 0.7295065671875001 1 0.760995315625 1
0 0.7401704546875 0.75474156875 0.7526253796875 0.7581768312499999 0.762362459375 0.7495315296875 0.7605232640625 0.742251734375 0.7451047734375 0.7337011312499999 0.7374799140625 0.7418870906249999 0.73619173125 0.7486950265625 0.7401704546875 0.75474156875
0 0.6390625 0.7885421046875 0.6518988421875 0.7912172859375 0.6594690953125 0.7845791515625 0.659687515625 0.7783878421875 0.6599605421875 0.77064870625 0.653896896875 0.7642875921875 0.6434722875000001 0.7627147296875 0.6390625 0.76367371875 0.6390625 0.7885421046875
0 0.6390625 0.7264636953125 0.6436584453124999 0.7277313281250001 0.6499405125 0.72790113125 0.6617898203125 0.7187964890625 0.663296425 0.7057972421875001 0.645820315625 0.6961581546875 0.6390625 0.69785086875 0.6390625 0.7264636953125
0 0.870051128125 0.8459169796874999 0.8773756578124999 0.8462440703125 0.8819550390625001 0.8352645109375001 0.866645759375 0.8236182515625 0.8499117828125 0.8226495 0.8476903484375 0.8262044953125001 0.850544703125 0.8344154906250001 0.8606689812500001 0.8445014046875 0.870051128125 0.8459169796874999