0 0.2819044765625 0.22893409843749998 0.2781182640625 0.21781282812499997 0.2707955765625 0.21327936875 0.2599364140625 0.215333721875 0.2607238453125 0.228820415625 0.26451005781250003 0.23994168437500002 0.276330915625 0.2409270109375 0.280768515625 0.2363414375 0.2819044765625 0.22893409843749998
0 0.32969580625 0.1744156875 0.33737447343750004 0.17161444374999998 0.3455302640625 0.1635533734375 0.34000237499999997 0.1494650625 0.33508020156249996 0.14575113281250002 0.32469816093750004 0.142545659375 0.3145584078125 0.14348993593749998 0.31480069374999997 0.1476396875 0.31624696406249997 0.15897886875 0.3224942625 0.1719571046875 0.32969580625 0.1744156875
0 0.3210787640625 0.107418040625 0.3100378875 0.10636007968750001 0.30170038125 0.11130883437500001 0.29552110468750004 0.1129273671875 0.294566859375 0.12344702187500001 0.3002690125 0.1270883140625 0.3126881375 0.12488868906249999 0.32876488125000003 0.11817612656250001 0.326720346875 0.110021896875 0.3210787640625 0.107418040625
0 0.2741056359375 0.1222232625 0.27871750156249997 0.1071906734375 0.2743330234375 0.0992543515625 0.26641206875 0.09790584531249999 0.2538718015625 0.0980305953125 0.2488359359375 0.1058011171875 0.24884338593750002 0.119360446875 0.25388670156250004 0.1251492546875 0.255507234375 0.12604141875 0.2643293140625 0.1293921671875 0.266729828125 0.13021169375 0.2733862265625 0.1233333359375 0.2741056359375 0.1222232625
0 0.067265225 0.3135935421875 0.0635013625 0.34315026249999997 0.0783210015625 0.3417701625 0.088513878125 0.3283039921875 0.081062596875 0.30813632968750004 0.067265225 0.3135935421875
1 0.559375 0.4 1 0.4 1 0 0.7970447078125 0 0.559375 0.020906490625 0.559375 0.4
0 0.4601819390625 1 0.461841875 0.9960766218749999 0.4611150140625 0.9836273656250001 0.4548677171875 0.9706491296875001 0.43854868593749996 0.9732119375 0.4313545921875 0.9843126859375001 0.43171802187499997 0.9905373140624999 0.4368372140625 1 0.4601819390625 1
0 0.4287584328125 0.845824978125 0.4129770953125 0.8441654 0.407759515625 0.848823609375 0.4068658421875 0.8603807 0.412870853125 0.8692091843749999 0.412931425 0.8702466234374999 0.4157559421875 0.878328215625 0.4285916171875 0.8698313265625 0.43056068124999997 0.8498294578125 0.4287584328125 0.845824978125
0 0.367518259375 0.8849065703125 0.3564168109375 0.8828111703125 0.34789759062500003 0.8846476124999999 0.342566315625 0.900790275 0.34797306250000004 0.9128037109375 0.35301637812500003 0.91859251875 0.3617173125 0.9198683921875 0.3687371421875 0.9192146609375001 0.3776123421875 0.9100435140624998 0.3789831390625 0.8932265984375001 0.367518259375 0.8849065703125
0 0.1000835546875 0.871217859375 0.10471031875 0.8833039312500001 0.1087919390625 0.8860530624999999 0.11790942499999998 0.88103166875 0.12120361406249999 0.8702941062499999 0.1172356859375 0.8560605203125 0.10541482656250001 0.8550751953125001 0.10091665624999999 0.8586233312499999 0.1000835546875 0.871217859375
1 0 0.4 0 0.748471765625 0.01277976875 0.7593940765625 0.0372620390625 0.7623295296875 0.053103946874999995 0.76502654375 0.068536753125 0.7875801578124999 0.082818696875 0.7904224484375 0.10268165468749998 0.79483115625 0.10833068593749999 0.81099434375 0.12495257500000001 0.8136187249999999 0.1351454484375 0.8001525546875001 0.14660287968750002 0.7949132515625 0.1632247671875 0.79753763125 0.1716228453125 0.7936263125 0.1771432828125 0.79415529375 0.1969456671875 0.797526565625 0.2190879953125 0.8006799250000001 0.2220336546875 0.8108363953125 0.23295338906250002 0.8098194812500001 0.24152572968750002 0.7954611453125 0.2519077703125 0.798666621875 0.26990790625 0.7980334125 0.2778214109375 0.7858225921875001 0.2819487015625 0.7624904984375 0.29982769375 0.759782415625 0.306552115625 0.7675008265625 0.3212506125 0.7640458515624999 0.3310949578125 0.7714737140625 0.346573434375 0.7679461046875 0.356213715625 0.7315836609374999 0.3731310109375 0.7258359015625 0.3868678125 0.71934125 0.3858380953125 0.70170480625 0.39141165624999996 0.6897118921875001 0.38365006562500004 0.6507977078125 0.3907835875 0.638659521875 0.39540290312500004 0.6371862640625 0.3944337578125 0.62058725625 0.413797240625 0.5895778015625 0.4209233125 0.5638802859375 0.4379011796875 0.5591699640625001 0.44124849062499993 0.5359105078125 0.4526304484375 0.5025151046875 0.449313909375 0.472574678125 0.4659357984375 0.47519905781249994 0.4725167234375 0.44016460156250004 0.4573867765625 0.42279817968750005 0.45617534375 0.40204942031249996 0.45643632500000003 0.4 0 0.4
0 0.9532573640625 0.9351779125 0.9500231937500001 0.9587949796874999 0.9586468859374999 0.9800806109375 0.9786921078125002 0.9757595703125 0.9637875656249999 0.9575131531250001 0.9532573640625 0.9351779125
0 0.79929265625 0.9212915890625 0.8156673812499999 0.9173123703125 0.8178501687499999 0.9072918828125001 0.8136095843750001 0.8978695812499999 0.8016092015625 0.8977599812499999 0.7901789046875 0.9074145031249999 0.79929265625 0.9212915890625
0 0.6870169921875 1 0.6920368781249999 0.9963189546875 0.689907821875 0.97565565 0.678896325 0.9766811093750001 0.6704326843749999 0.9897408125 0.6687529953125 1 0.6870169921875 1
0 0.9366162687500001 0.8397826671875 0.9419882609375 0.852781059375 0.9495430390624999 0.855758965625 0.9549775281249999 0.854025721875 0.9566702546875 0.8514137796875 0.9557438656249999 0.83554708125 0.945293690625 0.8303845109375001 0.9388703171875001 0.8309826953125 0.9366162687500001 0.8397826671875
0 0.8541112078124999 0.738249575 0.870343409375 0.731829321875 0.8711097484374999 0.713350684375 0.8615059359374999 0.7068821421875 0.85077948125 0.7127896625 0.8478928515625 0.726557153125 0.8541112078124999 0.738249575
0 0.8309743359375 0.7686287078125 0.8435360390625 0.762550278125 0.8491042828124999 0.7473059125 0.8395717328125001 0.7420578843750001 0.8267249843750001 0.7432542546875001 0.82468471875 0.755715771875 0.8309743359375 0.7686287078125
0 0.762828884375 0.849831084375 0.7635239609375001 0.8301319312500001 0.75872205625 0.826897659375 0.7486281828125 0.8278376656249999 0.7465879171875 0.8402991828124999 0.7509710234375 0.8521625171875 0.762828884375 0.849831084375
0 0.6757082624999999 0.82726551875 0.6585496703125 0.8178190687499999 0.6525538625 0.8257403468749999 0.6518587828125 0.8454395015625 0.6589947640625 0.8570464687499999 0.6750131859375 0.8469646718749999 0.6757882875 0.8444381859375 0.681784096875 0.8365169109374999 0.6757082624999999 0.82726551875
1 1 0.4 0.559375 0.4 0.559375 0.743404403125 0.5861560109374999 0.747250278125 0.6033858640624999 0.75791724375 0.6158138109375 0.765349934375 0.62838428125 0.7752236546875 0.6371329640625 0.7670460140625 0.66156129375 0.77458830625 0.6808314140625 0.7727937515625 0.695940975 0.7787495640625 0.716262475 0.7633584296875 0.734828753125 0.765310875 0.737929165625 0.7552049343749999 0.7638364421875 0.7564737390625 0.770054796875 0.7681661640625 0.78657204375 0.7666279734375 0.7812000515624999 0.75362958125 0.7910088796875 0.7478075140625 0.8073211078125 0.7585599296875 0.8138782390625 0.744450625 0.8043369218749999 0.7232504453124999 0.8178074859375 0.7011344046875 0.8353848781250001 0.7019517890625 0.8508419765624999 0.6980580265625 0.8658002515625001 0.685620653125 0.8842777390624998 0.6544482765625 0.9156195015625 0.6539838375 0.9191387140625 0.635248834375 0.9310678359375 0.6341379187499999 0.9266759656250001 0.606322434375 0.94149171875 0.591444028125 0.95595993125 0.586415203125 0.95921163125 0.5947024453124999 0.984762603125 0.5898686765625 0.9742324015625 0.5675334359375 0.9811370703125 0.5435745515625 0.9934049671875 0.51666190625 0.9892268765625001 0.4925079671875 1 0.4935402703125 1 0.4