0 0.2166680171875 0.49585261249999996 0.21144273593750001 0.49864369843749995 0.21069542343749997 0.505056478125 0.21133471250000002 0.5085808890625 0.2317556359375 0.5000355359374999 0.22754477343750001 0.49262005000000003 0.2166680171875 0.49585261249999996
0 0.1896499625 0.4048314875 0.191087625 0.4180237078125 0.199029146875 0.43547366875 0.2046266078125 0.4400007859375 0.216142653125 0.4402926359375 0.21449189531249999 0.42592561093750003 0.20713565156249997 0.41696865625 0.198233721875 0.40475667031249996 0.1945030640625 0.3947221984375 0.1896499625 0.4048314875
0 0.04335386875 0.3987851203125 0.0438880828125 0.3911975359375 0.0423423984375 0.38794250468749997 0.0356794546875 0.3775413671875 0.0337075765625 0.371936728125 0.023470109375 0.3786937015625 0.0204838125 0.38329563437499997 0.018989187499999997 0.3961211953125 0.0253339625 0.39423553437500003 0.0352503125 0.396240946875 0.04335386875 0.3987851203125
0 0.172815365625 0.31202198124999997 0.1780917078125 0.32531148593750003 0.19019598124999998 0.31304715625 0.190676184375 0.31042816875 0.1905711125 0.2993161734375 0.1820413625 0.294422390625 0.1706844015625 0.3002739421875 0.172815365625 0.31202198124999997
0 0.06453980625 0.2575318703125 0.0635283359375 0.246689253125 0.0556918875 0.2403512875 0.0459886359375 0.23952067812500002 0.0430023390625 0.24412260937500002 0.044707109375 0.25352104375 0.046624975 0.264094278125 0.055634928125000004 0.2663690703125 0.0626730015625 0.263039225 0.0642726984375 0.2613256625 0.06453980625 0.2575318703125
0 0.07728631875 0.2277427640625 0.08635028125000001 0.2250489625 0.0927490671875 0.2181947078125 0.09280307812500001 0.213226109375 0.09003282812499999 0.197953659375 0.0799033828125 0.19477344218749998 0.069026628125 0.19800600468750001 0.0702511921875 0.21002342343749997 0.0692907859375 0.2152614 0.07259525 0.222946265625 0.07728631875 0.2277427640625
0 0.138876109375 0.1512459484375 0.1319460578125 0.1446386015625 0.1193105203125 0.1434413296875 0.11200533906250001 0.150564965625 0.1121104125 0.1616769609375 0.12394462343749998 0.1742556078125 0.13274148125000002 0.1753556 0.13935336250000002 0.1696761453125 0.14052686875 0.165612975 0.138876109375 0.1512459484375
0 0.194604284375 0.05296661875000001 0.18970011874999998 0.046995315625 0.1870349421875 0.042834860937500004 0.17711859375 0.040829445312500004 0.1746125 0.0428123921875 0.1684268125 0.050841451562499994 0.1734900578125 0.062956153125 0.180420109375 0.06956350156249999 0.1865517875 0.066503034375 0.190657578125 0.06280652812500001 0.194604284375 0.05296661875000001
0 0.9077884578125002 0.3936219421875 0.9069360734374999 0.38892272656250004 0.9015517062499999 0.3855704109375 0.8986194203124999 0.38520374999999996 0.8891292640625 0.38554794375 0.88683626875 0.38870569375 0.8865151499999999 0.3974680796875 0.8949368734375 0.41229905312500004 0.908319721875 0.40708354843750005 0.9085868296874999 0.403289753125 0.9077884578125002 0.3936219421875
0 0.9140939718750001 0.29145894375000003 0.9121220953125 0.28585430624999997 0.90449874375 0.2806911421875 0.8979408734375 0.2814020015625 0.888876909375 0.284095803125 0.889249090625 0.29141400625 0.8920733515624999 0.301717859375 0.9001228968749999 0.30923063125 0.9089737625 0.30536202343749996 0.912653359375 0.2993159078125 0.9140939718750001 0.29145894375000003
0 0.8149148328125001 0.0027339796874999997 0.8002534046874998 0.0009006640625 0.797213096875 0.010471190625 0.7984376625 0.022488609375 0.8162984812499999 0.020894796875 0.82131066875 0.0169289109375 0.8204582828125 0.01222969375 0.8149148328125001 0.0027339796874999997
0 0.7826027328125 0.024718465624999998 0.7857481125 0.026259932812499998 0.7911864921875 0.0246436515625 0.7971590859375 0.0154397890625 0.786390353125 0.0087351578125 0.7778606031249999 0.0038413781250000003 0.771834 0.018013837499999998 0.7711406968750001 0.019458021875000002 0.7826027328125 0.024718465624999998
0 0.795640859375 0.196658840625 0.7884947609374999 0.209925875 0.7953167875 0.22647041406250001 0.8032612593749999 0.22287118593750002 0.8087536499999999 0.2162863109375 0.807529084375 0.204268890625 0.8021987296875001 0.1959479828125 0.795640859375 0.196658840625
1 0.4600200359375 0 0.31875 0.0416213875 0.31875 0.5390625 0.733565365625 0.5390625 0.7317226640625 0.5289036421875 0.718342765625 0.5130699609375 0.726821453125 0.501883153125 0.7321577078125 0.46810569218750003 0.7438357875 0.4534917515625 0.7487458515625 0.41736468281250005 0.75615905625 0.40030385312499994 0.7682662796875 0.3669903359375 0.7761056765625 0.35227911562499997 0.775097159375 0.320387315625 0.7777652875000001 0.303498584375 0.7701448859375 0.277286234375 0.768013925 0.265538196875 0.76337981875 0.2347239140625 0.7656217546875 0.21548557499999998 0.77324805625 0.1995995515625 0.771438215625 0.1790891265625 0.7721884765625 0.1516271578125 0.778641275 0.13980430625 0.7681396484375 0.1293058859375 0.753265128125 0.126297765625 0.7437779203125 0.105592771875 0.748309903125 0.10424587031250002 0.7541234109375 0.0888986078125 0.767293165625 0.082508296875 0.7866456578125 0.0891381125 0.7934195749999999 0.0685528734375 0.782386684375 0.04459285 0.7781758234375 0.0371773609375 0.76234089375 0.039407217187499996 0.74895804375 0.0446227234375 0.722780571875 0.042497559375 0.713932653125 0.0253169765625 0.7210787515625 0.012049940625 0.718893028125 0 0.4600200359375 0
0 0.892475940625 0.4724609609375 0.9088990984375 0.4576749265625 0.8845344203125001 0.455011 0.8713646687499998 0.4614013109375 0.8678441546875 0.47359082499999994 0.8768000953125 0.480834215625 0.8849576625000001 0.47840979375000003 0.892475940625 0.4724609609375
1 0.31875 0.5390625 0 0.5390625 0 0.9286463156250001 0.0346300609375 0.9514656703124998 0.0528630609375 0.9571900624999999 0.0825580953125 0.9681749 0.1099630828125 0.9612682953124999 0.120356684375 0.9817039078124999 0.135444303125 0.9858868328125 0.153731315625 0.986642628125 0.17127969062499998 1 0.17902460781250001 1 0.19707630468749998 0.9886181656249999 0.22048352656249998 0.9754708812499999 0.23375835312499998 0.9801925656249999 0.244262928125 0.9696418000000001 0.2546594828125 0.9690282265625001 0.26511004531250004 0.9634460562499999 0.2868635578125 0.95698093125 0.296404775 0.9727173296875 0.31000072031250003 0.968676625 0.31875 0.962901890625 0.31875 0.5390625
0 0.6710406718749999 0.9322254578125 0.6697702421875 0.943127184375 0.6753878343749999 0.95619145625 0.6857657765624999 0.9552119734375001 0.69541919375 0.950238153125 0.695873278125 0.9437887078125 0.6905720390625 0.936944909375 0.68354879375 0.9295604703125001 0.6710406718749999 0.9322254578125
0 0.6281867125 0.812357265625 0.6307684671875 0.8221141265625 0.6403759734375 0.8213636140624999 0.6438658937499999 0.8182215828124999 0.6484885140625 0.8168477421875 0.6465419765625 0.8016400203125 0.6421923062499999 0.7955658296875 0.6325847984375 0.796316340625 0.628143309375 0.7986887640625 0.6281867125 0.812357265625
0 0.44879771718750006 1 0.44720830156249997 0.98296200625 0.44408315312499996 0.9702093968749999 0.43343476562500005 0.960745103125 0.42804170625 0.9623479140625001 0.426544234375 0.9764743625000001 0.428625996875 0.996903975 0.4291875796875 1 0.44879771718750006 1
0 0.4984466453125 1 0.486952159375 0.9827267375 0.478296221875 0.9842468578125001 0.4762553546875 0.9953775578125 0.4775223546875 1 0.4984466453125 1
0 0.44582271250000005 0.8455073734375 0.4357152125 0.8569306375 0.436983134375 0.863920721875 0.44169506875 0.871992078125 0.44586360625 0.8770676843749999 0.4551088484375 0.8743200078125 0.45995851249999997 0.8697214453125 0.460323284375 0.853826803125 0.450988728125 0.847129284375 0.44582271250000005 0.8455073734375
0 0.3427193875 0.8814116671875001 0.33800494687500005 0.89123211875 0.3407678328125 0.9019875625000001 0.3468395078125 0.9086023890625 0.3533652671875 0.9087677703124999 0.3587583265625 0.907164959375 0.367052 0.90364766875 0.364380934375 0.8844456140625001 0.3638375390625 0.8814498640625 0.3521916734375 0.875439265625 0.3427193875 0.8814116671875001