0 0.47417302812499995 0.19639907031249998 0.472176615625 0.1862531546875 0.4632357140625 0.1831280375 0.45613765624999997 0.18936838125 0.455476525 0.19658676718749998 0.458441209375 0.2010752078125 0.4670749703125 0.2026394140625 0.47417302812499995 0.19639907031249998
0 0.4009305078125 0.0992109828125 0.3895389921875 0.0994991203125 0.384637765625 0.10632563125000001 0.386073259375 0.11891005624999999 0.3879161015625 0.12827551875 0.388837521875 0.13295824843749998 0.4025260796875 0.1284764 0.40609853281249997 0.120186125 0.408342215625 0.11043208593750001 0.4068065140625 0.10262753437500001 0.4009305078125 0.0992109828125
0 0.36545974062500003 0.1781143125 0.371843309375 0.173532025 0.361313346875 0.1570420265625 0.351905225 0.13567500625 0.349147471875 0.1375273515625 0.3448605265625 0.14747568125 0.3389441765625 0.1702998734375 0.345641396875 0.1831790296875 0.36545974062500003 0.1781143125
0 0.3359456625 0.20795271093749998 0.3428966625 0.2168324484375 0.3544417453125 0.217324765625 0.36608704062499997 0.21303720781250002 0.36848429375 0.2040636203125 0.3622477859375 0.1935258296875 0.3501886296875 0.185131815625 0.333535390625 0.18512522343749999 0.331345065625 0.20043959375 0.3359456625 0.20795271093749998
0 0.083014490625 0.29242780625 0.065800328125 0.2948597234375 0.065139196875 0.302078109375 0.0731651859375 0.31642103125 0.08808230624999999 0.318182825 0.093751384375 0.315258590625 0.0981919 0.3060907140625 0.0913411109375 0.29243110156249996 0.083014490625 0.29242780625
0 0.0917081203125 0.3154528796875 0.0868537453125 0.3119391828125 0.0718897765625 0.320517596875 0.07327190781250001 0.3275416921875 0.081191178125 0.330763953125 0.08967136875000001 0.33154770624999996 0.09620850625 0.32774587187500004 0.0976374890625 0.3244297609375 0.0970232078125 0.3213079421875 0.0917081203125 0.3154528796875
1 0.4796875 0.5390625 0.4796875 0.359352275 0.4620787609375 0.3517902984375 0.44429716875 0.3407601890625 0.42192149062500006 0.3381174984375 0.40598273906250004 0.33645285 0.4049077484375 0.330989665625 0.3788528953125 0.3255165890625 0.3771636234375 0.3169315828125 0.3670943703125 0.30278295 0.3575391875 0.2965360140625 0.3441512625 0.286678234375 0.32652975 0.2923291171875 0.31989239999999997 0.300910825 0.30661119531250003 0.302173709375 0.29690895 0.311046853125 0.2818382625 0.3085046046875 0.2775448078125 0.3025523984375 0.2741194125 0.2957225921875 0.2552693390625 0.295129834375 0.2477639296875 0.3045891421875 0.25047483125 0.3130770046875 0.242455353125 0.31463461718749997 0.232799959375 0.31316755625 0.22666366249999997 0.2978498875 0.20530961718750002 0.29511005468749996 0.1957609421875 0.304763653125 0.189370865625 0.29344540625 0.16750925781249998 0.2987044125 0.1428365359375 0.3002554328125 0.1422222546875 0.29713361250000003 0.124747803125 0.2876644140625 0.11433106875000001 0.2981956125 0.11418400937499999 0.31331569375 0.12486103281250001 0.31468561093749997 0.13758131875 0.3158612390625 0.134109075 0.3193716375 0.12399948125 0.331463746875 0.09932676093750001 0.3330147671875 0.0807434859375 0.36022366093749997 0.08360145 0.3535914421875 0.0709280140625 0.3420756078125 0.053713851562500005 0.3445075265625 0.05923586875 0.356703371875 0.041307215625 0.36079334375 0.0076805734375 0.3274181765625 0 0.3276939765625 0 0.333971584375 0.0073799421874999995 0.3417578015625 0.0103511359375 0.36214677968750003 0.021849370312499998 0.3729793015625 0.016540795312500002 0.383024778125 0.0046950796875 0.3968720859375 0 0.39615870468750003 0 0.5307526593749999 0.0015811046875 0.5390625 0.4796875 0.5390625
0 0.7485519515625001 0.22206954531249998 0.7499809328125 0.2187534359375 0.751817265625 0.212218359375 0.7466557484375 0.207143753125 0.73786841875 0.20479909218749998 0.7326600515624999 0.21006469062500002 0.7312844296875 0.21894113124999998 0.7380818578125 0.2270404125 0.7485519515625001 0.22206954531249998
0 0.63701453125 0.1682757296875 0.6270519984374999 0.1652477578125 0.618318028125 0.168463425 0.615206284375 0.17909506718749998 0.6162812750000001 0.1845582515625 0.6234860546875 0.18943856875 0.6351847078125 0.190711340625 0.6448869515625 0.181838196875 0.643404609375 0.1795939765625 0.6421760484375 0.1733503359375 0.63701453125 0.1682757296875
0 0.6154861015625 0.23869779218749998 0.6167680234375 0.2505017625 0.6219295390624999 0.25557637031249997 0.6326065640625 0.25694628750000004 0.6492064453124999 0.25139255 0.6503282875 0.246515528125 0.64163465625 0.22349045625000002 0.6293217203125 0.2190958625 0.6230917218750001 0.22445860624999997 0.6154861015625 0.23869779218749998
0 0.566013128125 0.3046215234375 0.5648847765625 0.29359800625 0.55619765625 0.2864734703125 0.546956125 0.2976879796875 0.547723975 0.30159025625 0.55482854375 0.3112504484375 0.566013128125 0.3046215234375
1 0.4796875 0.5390625 0.9920165578125001 0.5390625 0.98943314375 0.52593339375 0.97394859375 0.510709575 0.9627574984375 0.5014379609375 0.9639795515625 0.491781065625 0.9675520046875 0.483490790625 0.9611085687500001 0.46661221406250003 0.9718858000000001 0.4632022546875 0.9708043 0.44183853281249996 0.9556268906250001 0.4281756234375 0.9284033468749999 0.43791977343750005 0.9131790859375 0.43459707031250006 0.8916181109375 0.4255164515625 0.8817557859375 0.4177086046875 0.89181853125 0.4159567 0.8901761078125 0.3970314875 0.8662178781250001 0.396924453125 0.8462459625000001 0.401208715625 0.8041521484375 0.3988508671875 0.783813221875 0.38011335156250003 0.7498924609375 0.3769783453125 0.744677584375 0.36634340781249997 0.7197979328125 0.36155364218749997 0.708146128125 0.3499406640625 0.6917401578125 0.3300341140625 0.6769232484375001 0.323492446875 0.6658857250000001 0.31500128906249997 0.65214380625 0.31392280625 0.6318179015625 0.3269863625 0.60714518125 0.328537384375 0.5942244734375001 0.33692150625 0.5758884703125 0.34423044375 0.5688841124999999 0.3297903765625 0.549319546875 0.3308556734375 0.535831409375 0.3257777703125 0.5357780484375 0.320217440625 0.5201932890625 0.3097734953125 0.4915407625 0.32283375625 0.48802166874999997 0.3366843625 0.48183852031249996 0.3317069 0.48270007187499997 0.3149287640625 0.4796875 0.3143538453125 0.4796875 0.5390625
0 0.81522606875 0.12191282343750001 0.8091027890625 0.1383962296875 0.8306104062500002 0.14191651875 0.8471100781249999 0.14114265625 0.8543617062500001 0.1356827671875 0.8575268125000001 0.1306114578125 0.84383174375 0.1191927671875 0.8248281015625001 0.11781955468750001 0.81522606875 0.12191282343750001
0 0.43837293906249997 0.8996442484375 0.43608699531250006 0.8942494406249999 0.43332181406250003 0.8926416515625 0.41769686562499997 0.894127396875 0.4136746484375 0.9047988421875001 0.41493934374999997 0.9112261203124999 0.423894790625 0.913180653125 0.43621254687500005 0.907332571875 0.43837293906249997 0.8996442484375
0 0.029219715624999996 0.743059109375 0.0250168265625 0.7528123734375 0.0266428640625 0.761076015625 0.040405989062499995 0.7625733953125 0.052362403125 0.75488895 0.03931430625 0.7383577859375 0.029219715624999996 0.743059109375
0 0.0199105859375 0.7579747265625001 0.02819846875 0.7440915796875001 0.0314903421875 0.7110408890625 0.0227706859375 0.6978395921875 0.004819990625 0.7435085046875 0.0199105859375 0.7579747265625001
0 0.0168545 0.7797786515625 0.008441065624999999 0.7805786671874999 0.0027376921875000002 0.7951514203125 0.002682575 0.8073163687499999 0.017050485937500002 0.8181098625000001 0.0207664828125 0.7934371 0.0168545 0.7797786515625
0 0.3311986984375 1 0.3319196625 0.9995614296875001 0.323859909375 0.9834912984375 0.3054697796875 0.983369253125 0.30006497187500003 0.99323680625 0.3045321640625 1 0.3311986984375 1
0 0.1426640390625 0.691115990625 0.134486390625 0.680669240625 0.12487103906250001 0.6815835437500001 0.11898699531250001 0.695238115625 0.12439946093750001 0.7040770765625 0.1331742359375 0.7051134250000001 0.140024409375 0.7025913328125 0.143928734375 0.69754326875 0.1426640390625 0.691115990625
0 0.9141141046874999 0.8163033562500001 0.9301062156250002 0.823528334375 0.9428265015624999 0.8247039609375 0.9505856921875001 0.8112452296875 0.9342864421874999 0.8024593421875 0.9231487062500001 0.7987480609375 0.9143145265625 0.806743603125 0.9141141046874999 0.8163033562500001
0 0.8602747875000001 0.8230129406250001 0.8562351109375002 0.8130613140625 0.8472942109374999 0.809936196875 0.834680646875 0.8198812312499999 0.84444275625 0.832468953125 0.86267855 0.8299398921875 0.8602747875000001 0.8230129406250001
0 0.8038508140625 0.8800569359375 0.7948565546874999 0.8713714875 0.7814751359375001 0.8774142453125 0.779231453125 0.8871682859375 0.7870505125 0.8951704234375001 0.8092192609375001 0.8914723265625 0.8038508140625 0.8800569359375
0 0.6752593124999999 0.845376028125 0.6855758359375 0.839624703125 0.6838865625 0.8310396984375 0.678110765625 0.822843271875 0.665851190625 0.8240090078125 0.6572707890625 0.8280051328125 0.6573775093750001 0.8391257937500001 0.6752593124999999 0.845376028125
0 0.609748659375 0.7927710265625001 0.5985107171874999 0.7938396187500001 0.5987176468750001 0.8001804046875 0.5999462062500001 0.8064240453125 0.6102158796875 0.8110129265625 0.6204321937499999 0.8100414796875001 0.6231365859375 0.8026288046874999 0.6198647625 0.7965794531249999 0.609748659375 0.7927710265625001
1 0.4796875 1 0.799562171875 1 0.7964911828125001 0.996040125 0.8012856890625001 0.9780929546875001 0.78483286875 0.968526609375 0.7775213703125 0.95252563125 0.7961111546874999 0.941217275 0.8070888078125 0.928247565625 0.8474269703124999 0.8846590046875 0.7985552578125 0.9219034828125 0.7839986390625 0.9272629312499999 0.767659046875 0.944717784375 0.751820509375 0.9382732609375001 0.7632055125 0.9220845875 0.7402689125 0.92188040625 0.7327036328125001 0.9098788484375 0.7287641687499999 0.8951473468750001 0.7377519218749999 0.8879322593750001 0.7307475625000001 0.8734921906249999 0.7101613656250001 0.8746546328125 0.6912579328125 0.8685015437500001 0.6826306796875 0.8828378734375001 0.669857034375 0.8761019140625 0.6554474765625 0.8663412812499999 0.6410847687500001 0.8462404421875 0.640824478125 0.834339325 0.654099175 0.8171759062499999 0.65644306875 0.802641990625 0.6687429859374999 0.7752355109375 0.6613312765625 0.7640144078125 0.6584668015624999 0.7547460921875 0.647789778125 0.753376175 0.6272634515625001 0.7759994828125001 0.62865209375 0.798924115625 0.617166878125 0.8198926656250001 0.61072995 0.8189146234375 0.5948914109375 0.8124701 0.5745056359375 0.804072790625 0.5523837375 0.7974306796875 0.5114651265625 0.79575614375 0.5004809609375 0.7928253156249999 0.48939658750000004 0.7946743640625 0.485516990625 0.8014037281249999 0.4796875 0.80388879375 0.4796875 1