0 0.0217476328125 0.2396736078125 0.0427086453125 0.23892388437499998 0.060969265625000005 0.24818778749999998 0.0648180078125 0.2447833359375 0.0677150171875 0.22951247812500003 0.0602246046875 0.21834662656249998 0.0454194890625 0.2161927359375 0.0339011359375 0.1924926984375 0.025431115625 0.20337382656249997 0.039832540625 0.22875970156249997 0.0217476328125 0.2396736078125
0 0.04687745625 0.3140276171875 0.041125246875 0.29369925 0.02515784375 0.3018928765625 0.0134219671875 0.30888511093750004 0.0038001124999999998 0.3173962359375 0.0134080296875 0.325841803125 0.0295581140625 0.3293476421875 0.041673290625 0.328797640625 0.04687745625 0.3140276171875
1 0.094880096875 0 0.118256884375 0.0348474359375 0.1270852984375 0.0558435796875 0.11516674062500001 0.051136353125 0.10036859375 0.0405041125 0.0961301 0.050183853125 0.0895914203125 0.0508844078125 0.086690925 0.070394440625 0.1066758140625 0.087452521875 0.107817196875 0.102540046875 0.1093448484375 0.11559145781249999 0.127229653125 0.1141739546875 0.1237567265625 0.12825980937499998 0.117218046875 0.12896036718749998 0.116631675 0.1404928859375 0.11065149062499999 0.1635743125 0.1018091390625 0.15953486249999999 0.0875764578125 0.162805146875 0.093518315625 0.186354628125 0.08389994375 0.19062658125 0.086379328125 0.2155443984375 0.09829091718750001 0.2287299765625 0.0904002984375 0.23655693281249998 0.09614902187499999 0.261124471875 0.10458768437499999 0.2883959046875 0.09747308593750001 0.28791145937499996 0.0895580765625 0.3254126328125 0.0595580953125 0.3273801375 0.0954964515625 0.3532012875 0.09644470000000001 0.3693068703125 0.10777340312499999 0.3897857921875 0.1219886625 0.40771137656249995 0.12293342812500001 0.42805613124999997 0.1379247078125 0.4376703125 0.1275338 0.4460144921875 0.1897320671875 0.459375 0.459375 0.459375 0.459375 0 0.16410313125 0 0.16405203906250002 0.00026932187499999996 0.1592411125 0.004524884375 0.151536659375 0.01981213125 0.1619101453125 0.032663818750000004 0.15594389687500002 0.03878855 0.13230340000000002 0.0241168625 0.10809046874999999 0.004020996875 0.1070966265625 0 0.094880096875 0
0 0.7661345468749999 0.012915318749999998 0.764986196875 0.006306140625 0.7605685046875 0.00004724375 0.7530676375 0.0015989125 0.748063575 0.0068725328125 0.7438285656250001 0.012313096875 0.7413247921874999 0.01706949375 0.7493911234375 0.029420346874999996 0.7603509796875001 0.0307395140625 0.764779125 0.0242808921875 0.7661345468749999 0.012915318749999998
0 0.892098015625 0 0.890741815625 0.014525312500000002 0.899970434375 0.01652865 0.9067057328124999 0.0105708609375 0.9094783890624999 0 0.892098015625 0
0 0.6602976171874999 0.1022985265625 0.6574006078125001 0.117569384375 0.6735472078125 0.12531439687499998 0.6860486515625001 0.1227282796875 0.6866385046875 0.1069565875 0.6770340703125 0.0942718453125 0.6602976171874999 0.1022985265625
0 0.539603309375 0.2531154453125 0.54249335 0.24632293437500002 0.5344305031250001 0.22973290937500002 0.5278953046875 0.22619429218749998 0.5190425015625 0.2348723625 0.5259500296875 0.2533315578125 0.539603309375 0.2531154453125
0 0.459375 0.2513253234375 0.4621082921875 0.25219267031250003 0.47230606562500005 0.24486654687499998 0.47097154999999996 0.23079708124999998 0.4671297765625 0.2257231828125 0.459375 0.22403978750000003 0.459375 0.2513253234375
1 0.7816241140625 0 0.7861298890625 0.0172558796875 0.798979275 0.059264559375000005 0.790516221875 0.061667340625 0.78052551875 0.051018714062500005 0.7824255015625 0.0789907015625 0.767040984375 0.0798909828125 0.747811209375 0.079956540625 0.7341683828125 0.06745513125 0.723004940625 0.0798715421875 0.7203010640625 0.0941243421875 0.7170177875 0.111431315625 0.7241219328125 0.12463328124999999 0.7044989218750001 0.13521329843750002 0.6908386734375 0.143907759375 0.6768060953124999 0.1376816390625 0.6627770015625 0.12721634531249998 0.6464442359375 0.11201104218749999 0.628183615625 0.10274713906249999 0.607039921875 0.0917974015625 0.5907001875 0.08507044687500001 0.591069034375 0.10423020000000001 0.6139335109374999 0.12721329374999998 0.6318078640625 0.1385133078125 0.625072565625 0.14447109687499998 0.6217892890625001 0.16177806875 0.6344664453125001 0.1793697640625 0.61829545625 0.20129896875000003 0.6050075390625 0.22491400625 0.5957580140625 0.2483457125 0.5905608171875001 0.2546373890625 0.5890122625 0.26702102031249997 0.5976579953125001 0.27631770312500004 0.5872670875 0.2846618828125 0.572855209375 0.2719935296875 0.5499837640624999 0.2574887859375 0.5518837453125001 0.2854607765625 0.5645643859375 0.298813296875 0.54763828125 0.3036188609375 0.5468796828125 0.2907343953125 0.540937825 0.2671849140625 0.520939 0.267083525 0.5264911046874999 0.2969082953125 0.5209006734375 0.31371443593750004 0.531649975 0.337247528125 0.5370159140624999 0.35961200781249997 0.5627808859375 0.3630850671875 0.5558454828125 0.3785392609375 0.545244021875 0.409097365625 0.5410194640625 0.40182040937499997 0.5281282671875001 0.410681815625 0.523303403125 0.43189407187500006 0.5180957546875 0.45090326875000003 0.5242397703125 0.459375 1 0.459375 1 0.0694307203125 0.9983846515625 0.06757178281250001 0.986090278125 0.052183146874999996 0.9660844843749998 0.06056010625 0.9539762765625 0.052631759374999997 0.9451269546875001 0.05707065625 0.9230106234375001 0.0596895515625 0.9136028078125001 0.041747578125000004 0.9041775703125001 0.045001471875 0.8791781656250001 0.04593453125 0.8584068031250001 0.0499053734375 0.8424533390625001 0.041142303125 0.8316726781250001 0.055761771875 0.814181109375 0.046664815625 0.8007488390624999 0.011949482812499999 0.7937847921875 0 0.7816241140625 0
0 0.1318731421875 0.50862925625 0.1173927765625 0.5104740296875 0.1094647953125 0.52247045625 0.11918591249999999 0.53081589375 0.1300390140625 0.5381600234375 0.13909487812500002 0.5301495515625 0.13729354375 0.5197822140625 0.1318731421875 0.50862925625
0 0.2004204859375 0.5097919984375 0.21376067031249998 0.5189230578124999 0.2101498 0.508162909375 0.214454615625 0.5003681265625 0.21107506250000002 0.483423 0.2063281125 0.4786514234375 0.20316347812500002 0.4754703734375 0.1916246296875 0.47670665156250003 0.1857374984375 0.482910909375 0.18459321875 0.49887400781249996 0.191145603125 0.5090256562500001 0.2004204859375 0.5097919984375
0 0.423179296875 0.6067826640625 0.4265670484375 0.6137532640625001 0.44194397968750004 0.622079421875 0.4451127125 0.6202732078125 0.4480665265625 0.604702921875 0.450342790625 0.5877385140625 0.44310875625 0.58118000625 0.42862839218750004 0.5830247828124999 0.4240963609375 0.5920172828125 0.4225058453125 0.60040128125 0.423179296875 0.6067826640625
1 0 1 0.459375 1 0.459375 0.706063540625 0.44731929218750005 0.688092271875 0.434433540625 0.676565784375 0.4222335390625 0.6564588890625 0.418399553125 0.6419091921875 0.395553171875 0.6381967703125 0.3912401578125 0.6559660796875 0.3776604609375 0.6629945234375001 0.3613828609375 0.6494846984375 0.3423868609375 0.64037291875 0.31545878125 0.64824483125 0.3116247953125 0.6336951328125 0.30144924687499997 0.6277451265625 0.2912695953125 0.6267823796875 0.27068308281250003 0.6260546015624999 0.24736996875 0.6396993953125 0.2396774046875 0.64052358125 0.22406915624999998 0.6383824015624999 0.2136663875 0.63363010625 0.2077956546875 0.619885315625 0.178384590625 0.6209830296875001 0.16863068125 0.652535696875 0.1625040359375 0.674899459375 0.1514114203125 0.68371483125 0.152328484375 0.6689494500000001 0.13921551875 0.6586206750000001 0.1290317703125 0.6626451937500001 0.1287922578125 0.678804696875 0.11542747812500001 0.6995972140625 0.119257365625 0.7191341734375 0.10635111875 0.7325440000000001 0.085285575 0.76413523125 0.061960167187500005 0.7927418125 0.0481368578125 0.8209170234375 0.04610010625 0.821721925 0.0379572078125 0.8199542765625001 0.03026054375 0.8257657249999999 0.0058318453125 0.8204627765625 0.006278078125 0.8280418749999999 0.004898384375 0.8551772109375 0.0087364671875 0.8647396453125001 0.0089472875 0.8834909843750001 0.0044111578125 0.8974707453124999 0 0.8951362453125 0 1
0 0.5724637265625 0.6136055390624999 0.5730500968750001 0.6020730203125 0.56632525 0.5953132890624999 0.5569000125 0.5985671828125 0.5541961359375 0.612819984375 0.5626487359375 0.6231347234375 0.5724637265625 0.6136055390624999
0 0.7815188328125 0.5794882484375 0.788833534375 0.5704762890625 0.7899958203125 0.560128771875 0.786154046875 0.555054875 0.7778910984375 0.5479612515625 0.7626927484375 0.5563218234375 0.7603821078124999 0.5600601624999999 0.7632547265625 0.57446351875 0.772672996875 0.5796879718750001 0.7815188328125 0.5794882484375
0 0.681862190625 0.636293625 0.6870489328125 0.6427194671875001 0.7001262953125 0.6413183546875001 0.7074375109375 0.6365455703125 0.7072513468749999 0.6290852796874999 0.7057202109375 0.6202730437499999 0.699567796875 0.6189374859375001 0.6918737984375 0.6215072109374999 0.6849488499999999 0.6242438828125 0.681862190625 0.636293625
0 0.9044506109375 0.5139556359374999 0.9025332078125 0.5071795125 0.897346465625 0.50075366875 0.8935012062500001 0.49991894531250003 0.88580720625 0.502488671875 0.8861795375 0.5174092515625001 0.8904040953125001 0.52468620625 0.8950184046875 0.525687875 0.9015570859375 0.52498731875 0.9044506109375 0.5139556359374999
0 0.967082725 0.459375 0.9656442203125 0.46152054531250003 0.96832370625 0.47694195937500006 0.97408985 0.48031363125000004 0.980821665625 0.4785950171875 0.9881363671875001 0.46958305625 0.988868109375 0.459375 0.967082725 0.459375
0 0.5304685328125001 0.7041276328125 0.5260369046875 0.7148254296875 0.53333766875 0.7227701640624999 0.53949008125 0.724105721875 0.5485290515625 0.7228879421875 0.5564196703125 0.715060984375 0.5529676484375 0.7037117984375 0.547011853125 0.6971190109375 0.537972884375 0.6983367921875001 0.5304685328125001 0.7041276328125
0 0.5429421031249999 0.73545490625 0.53987635 0.72206960625 0.5206535437500001 0.7136568171875 0.5014307359375 0.7052440265625 0.499316715625 0.7037251343750001 0.51602878125 0.7253726687500001 0.5254331140625 0.747553815625 0.5429246828125 0.756650775 0.554084640625 0.7484735390624999 0.5429421031249999 0.73545490625
0 0.5798720187499999 0.9586480453124999 0.5900663093749999 0.9555610937499999 0.5916218328125 0.9346991156249999 0.576630553125 0.9250849359375 0.5716230062500001 0.9345977281250001 0.569308884375 0.9425752421875 0.574878409375 0.9512041437499998 0.5798720187499999 0.9586480453124999
1 1 1 1 0.5364650046875 0.9905809093750001 0.5368926093749999 0.9680817937499999 0.537308446875 0.9534698109375 0.5341364984375 0.9457792953125 0.5324670515625 0.9357885937500001 0.5218184234375001 0.91482758125 0.5225681484375 0.9046263234375 0.53413344375 0.90730929375 0.545315684375 0.9021155828125 0.5473681890625001 0.889996921875 0.5521573640625 0.880571684375 0.5554112578125 0.8711429625000001 0.5629043265625 0.8669184046874999 0.555627371875 0.8684704453125001 0.539004565625 0.8511650421875 0.5373678984375 0.8463506296875 0.5458626343749999 0.837290753125 0.57251545625 0.8244030421874999 0.5771376859374999 0.8240063203125001 0.5918913234375001 0.8147707343749999 0.5983663328125 0.8080424031250001 0.5958457734375 0.7930476375 0.590470765625 0.779394359375 0.590686878125 0.77342114375 0.6052899578125001 0.7611232859375 0.5941404968749999 0.7551570375 0.600265228125 0.7428382765625 0.6145508078125 0.7116969109375 0.6014307890625 0.733978503125 0.631707225 0.72224959375 0.6302211124999999 0.7116690359375 0.6353441765625 0.7001228109375 0.6455575265625 0.6860693265625001 0.6647664484375 0.6762508515625 0.6785348046874999 0.6702776359375 0.693137884375 0.6656493890625 0.7090929109375 0.6658285875 0.7250315484375001 0.6608210390625 0.7345443421875 0.643529575 0.715950978125 0.620278828125 0.695004003125 0.6129676125 0.6997767875 0.6440811015625 0.746810196875 0.64368438125 0.7615638312499999 0.6382835984375 0.7815910859375 0.6290549796875 0.7795877499999999 0.6207920296875 0.7724941296875001 0.6092562546875 0.7699899578125 0.603865925 0.7772996921875001 0.603079453125 0.7983286171875 0.6059485890625 0.816971146875 0.6138148171875 0.8388184046875 0.6128456625 0.8481478640625 0.6124489421874999 0.8629014984375001 0.6101278515625 0.8793573578124999 0.598016159375 0.8756681859375 0.5930086125 0.8851809812500001 0.5993367375 0.9066943468750001 0.5877870265625 0.921146871875 0.59527395625 0.936551896875 0.5948737515625 0.9555447062500001 0.591404309375 0.9653913875000001 0.5923421046875 0.994214490625 0.5915260609375 1 1 1