0 0.3890625 0.22295545 0.384186828125 0.2282057890625 0.380350634375 0.23469286562499997 0.38600503750000004 0.24297610625 0.3890625 0.242798046875 0.3890625 0.22295545
0 0.34272404375 0.13431663437500002 0.3383150765625 0.129875653125 0.32882448124999997 0.128079484375 0.31866122343750003 0.133369115625 0.3138659828125 0.14147795937500002 0.3165205015625 0.1522847796875 0.319806771875 0.15522522968750002 0.331256375 0.15455843281249998 0.3415832828125 0.15239110312499998 0.34850118281250003 0.1449416 0.34272404375 0.13431663437500002
0 0.3409334703125 0.1798324796875 0.3322382734375 0.17329224375000002 0.32062501875 0.1708367375 0.30842092656250003 0.1770281796875 0.3037075109375 0.1866981734375 0.3114845703125 0.195640753125 0.31801619531249997 0.2007410765625 0.327506790625 0.20253724218750002 0.335792865625 0.20127172343750002 0.3398336203125 0.1986875265625 0.34075175625 0.19628518281250001 0.342547115625 0.19069991875 0.3409334703125 0.1798324796875
0 0.3890625 0.061585190624999994 0.389003840625 0.061155190625 0.38077674375 0.043626279687500005 0.3624777859375 0.112809315625 0.3739273890625 0.11214252031250001 0.384681484375 0.09820594218749999 0.3890625 0.093921325 0.3890625 0.061585190624999994
1 0 0.6390625 0.3890625 0.6390625 0.3890625 0.32885213593749996 0.3794420703125 0.316956375 0.3656833078125 0.29348595 0.3374569953125 0.292780903125 0.318698428125 0.27351644375 0.294635609375 0.2725689265625 0.23800126875 0.2876115390625 0.21902007812500002 0.28401920468749997 0.2142248359375 0.2921280484375 0.2007343984375 0.29369665624999997 0.1998752375 0.277304571875 0.1838939296875 0.27118865937500003 0.16064935625 0.28585265 0.15609958906250002 0.2986449453125 0.144240859375 0.2915059875 0.1425044765625 0.2782968234375 0.1287276515625 0.2744014015625 0.1051557796875 0.28282078906249997 0.0993786390625 0.27219582343750004 0.07680672968749999 0.2797740171875 0.07668399375 0.2774322921875 0.07598848124999999 0.2641625078125 0.0644979640625 0.2640487296875 0.0427623640625 0.267663428125 0.0256402953125 0.2796219875 0.026195003124999998 0.3101250484375 0.016236309375 0.3193175546875 0.014931898437499999 0.3342697234375 0 0.333376790625 0 0.6390625
0 0.22599695625 0.2577752734375 0.2166700109375 0.25910140937500004 0.21371103906250002 0.2624055640625 0.2119156796875 0.26799082812499997 0.21220206562500002 0.27345485625 0.2133656765625 0.2757359640625 0.21548833437499998 0.2763953046875 0.2251425796875 0.281313771875 0.22726524062500003 0.2819731125 0.23526492499999999 0.27524356562499996 0.236814809375 0.26497485 0.22599695625 0.2577752734375
0 0.8902305125 0.379507125 0.888312415625 0.3827506625 0.8888033640625 0.3921175671875 0.89325324375 0.3973391234375 0.9098253875000001 0.3948080890625 0.9145388062500001 0.3851380953125 0.9047618249999999 0.3778779015625 0.8973529750000001 0.3759604984375 0.8902305125 0.379507125
0 0.8986813125000002 0.5606612453125 0.890845275 0.5705130921875 0.8890499171874999 0.5760983562499999 0.8936225328125001 0.583661640625 0.9071947968749999 0.5836541828125 0.9194807125000001 0.57902389375 0.9223169453125 0.5733780125 0.9231532578125 0.5694145171875 0.917785240625 0.566595303125 0.914539884375 0.5644354296875 0.9153352828125 0.559691359375 0.8986813125000002 0.5606612453125
0 0.6296429296875 0.2083390578125 0.615970778125 0.2263603671875 0.615298115625 0.2334461625 0.6311157765625 0.23643977343749997 0.6438697906249999 0.22082080781250002 0.641174359375 0.20923341406249998 0.6296429296875 0.2083390578125
0 0.513492321875 0.20335899999999998 0.513310609375 0.21981170312499998 0.51796505 0.2289361375 0.5316600499999999 0.2312704078125 0.54286418125 0.2259201578125 0.5423732328125 0.21655325312499998 0.541554984375 0.20094174531250003 0.535064271875 0.19662200000000002 0.5245328015624999 0.1948864515625 0.513492321875 0.20335899999999998
0 0.54980493125 0.238826234375 0.5536002109375 0.23155858437500002 0.5511093406249999 0.223874065625 0.5427005312500001 0.2227978578125 0.5295373921875 0.2306110671875 0.529823778125 0.2360750953125 0.5362735796875 0.239614265625 0.54980493125 0.238826234375
1 0.3890625 0.6390625 0.8349272953125 0.6390625 0.834461196875 0.6301697390625 0.831011278125 0.6241069890625 0.8268249375 0.6039938796875 0.8218841093750001 0.58940541875 0.8141070484374999 0.5804628375 0.8127797874999999 0.5750594265625 0.8117569781250001 0.555545040625 0.8184294046874999 0.543412084375 0.814447625 0.5272018546874999 0.8140385015625 0.5193961 0.80526148125 0.5112947125 0.7998116390625001 0.5069143484375 0.8084430749999999 0.49231843125 0.829687725 0.479336825 0.8236651125 0.46402840625 0.8041339953125 0.46986359687499996 0.8037068093750002 0.4816328453125 0.7926663281249999 0.4901053953125 0.7838893062500001 0.4820040078125 0.7851528046875 0.4662712640625 0.7691714953125001 0.4601553515625 0.7697623328125001 0.4515084046875 0.751617453125 0.4439525765625 0.743576853125 0.44990154687499995 0.722473003125 0.445649875 0.7194911859374999 0.42859844999999996 0.7348178953125 0.42222515625 0.7362041312500001 0.40883413749999997 0.721468259375 0.40656048437500003 0.6887740015625 0.42020888593750005 0.698937259375 0.41491925625 0.691873771875 0.39967145312499996 0.6693018609375001 0.4072496484375 0.6540750390625 0.39560908906250003 0.6570929859375 0.37351050625000004 0.63827544375 0.3730404765625 0.5892906437500001 0.35475335625 0.5681049687499999 0.34894053281250004 0.5606142937499999 0.34546198125 0.552428109375 0.328713646875 0.56214133125 0.3148376859375 0.545446446875 0.3150269953125 0.517138309375 0.3127607984375 0.5100339109375 0.2967324203125 0.4912981921875 0.297823540625 0.48054410000000003 0.31176011875 0.4583584625 0.3067884890625 0.451972421875 0.3243854734375 0.43286849375 0.3184514140625 0.4002151515625 0.332880390625 0.3890625 0.32832160625 0.3890625 0.6390625
0 0.6817312078125 0.066721990625 0.6718543359375 0.07747565 0.665181909375 0.08960860468750001 0.6860811984375 0.08995739999999999 0.693285484375 0.08797192499999999 0.6978352531249999 0.0751796296875 0.6963443437500001 0.0666539171875 0.6817312078125 0.066721990625
1 0 1 0.3890625 1 0.3890625 0.6390625 0 0.6390625 0 1
0 0.91093213125 0.8640945453125 0.9165865343749999 0.8723777859374999 0.9291588359375 0.8732115234375 0.9383630453125 0.8695436624999999 0.9432810249999999 0.86377654375 0.9397901953125001 0.8569332203125001 0.9384220203125 0.850749234375 0.9236043234375 0.8469144296875001 0.9135228906249999 0.8537652109374999 0.91093213125 0.8640945453125
0 0.8464304140625 0.9680695937499999 0.845166915625 0.9838023390625 0.85065766875 0.9889632765625 0.8653117187500001 0.9896757796875001 0.8745568390624999 0.98678849375 0.87835211875 0.9795208421874999 0.8788611328125 0.96931274375 0.8679205390625 0.9597714421875001 0.856389109375 0.9588770859375 0.8464304140625 0.9680695937499999
1 0.3890625 0.6390625 0.3890625 1 0.7772064640625 1 0.7840417859375 0.992842815625 0.7947140546875 0.9773450875 0.799895571875 0.95668641875 0.8134449859374999 0.9363233843749998 0.8172402671875 0.9290557328125001 0.8216263859375001 0.9131411359375001 0.8315032578124999 0.9023874765625 0.8422164375000001 0.8876703234375001 0.859602046875 0.8608202140625 0.8695198296874999 0.8508471296875 0.8892555078125 0.8489148171875 0.8910689312500001 0.82375455 0.8543519828124999 0.8204121453125 0.8580654390625 0.8115833437500001 0.8629834171875 0.8058162265625001 0.8623288203125 0.79332701875 0.85226545 0.780602796875 0.8541426359375001 0.7765786828125 0.8554470468750001 0.7616265140625 0.8527107031250001 0.74925854375 0.8568332828125002 0.748235496875 0.8724054671874999 0.7465456546875 0.873791703125 0.7331546375 0.8726461562499999 0.7112985234375 0.8670326656250001 0.7037958578125 0.8413561984375001 0.6919809031249999 0.832742828125 0.6870018171875001 0.8289656109374999 0.6746944640625 0.8325972421875001 0.6643045125 0.8119614921875 0.6490641671875 0.8299427218750001 0.6534976921875 0.8438916453124999 0.6390625 0.3890625 0.6390625