0 0.239857646875 0.404193475 0.24044308124999997 0.3863427234375 0.23894137187500003 0.379285653125 0.23062901249999998 0.37546305 0.219965596875 0.38769978437499997 0.2134067859375 0.40133437499999997 0.20945087031249998 0.40930974999999997 0.2159855328125 0.42700671718749994 0.22019328906250002 0.4294314671875 0.23016811874999998 0.43401859062500003 0.23683007968749997 0.4214108953125 0.23793126406249998 0.4086946109375 0.239857646875 0.404193475
0 0.152307928125 0.3771546828125 0.1630624203125 0.3816106203125 0.16997622031249998 0.379403046875 0.174299196875 0.36718891249999996 0.1706192640625 0.3542328515625 0.157835240625 0.3532511546875 0.155026046875 0.3568565828125 0.1525263015625 0.363542690625 0.152307928125 0.3771546828125
1 0.4296875 0 0.0489857609375 0 0.0437546046875 0.022622770312500002 0.0489938578125 0.03531645625 0.0652515140625 0.047200425000000004 0.08421521562499999 0.054452071874999994 0.10899153125000001 0.0722124328125 0.1251005 0.07472317187500001 0.12954801875 0.10321382187499999 0.1457025265625 0.1140708984375 0.1551374609375 0.1448551140625 0.1613050640625 0.1667908421875 0.1686193890625 0.184356625 0.1643874890625 0.213263434375 0.16837686875 0.2293001765625 0.18511681093750001 0.222306496875 0.188350678125 0.207142865625 0.1966174984375 0.2026191328125 0.2125536328125 0.2270882 0.21389458125 0.24043781874999998 0.22059000625 0.2518422375 0.2237421140625 0.2753296078125 0.24052759531249998 0.2766822671875 0.25326608125 0.269317628125 0.24896725000000003 0.2502002046875 0.2678278015625 0.256424959375 0.27615223437499997 0.2445817828125 0.2895096203125 0.2433785078125 0.29074741875 0.2557012328125 0.2950583234375 0.259152875 0.3052849921875 0.27414012187500003 0.3262326875 0.26957119375 0.3388104140625 0.2684991015625 0.3588753 0.263034465625 0.38019005625 0.25422677656250003 0.3950036140625 0.25173423125 0.40399248437499996 0.254398753125 0.4186573546875 0.24253297968749998 0.4296875 0.24067703749999997 0.4296875 0
0 0.1489643484375 0.2649382921875 0.15905440312500002 0.2548865296875 0.15594783125 0.239745496875 0.1441042296875 0.2323400625 0.1365139203125 0.23570571718750002 0.1317783421875 0.243812278125 0.12989749687500002 0.2566597484375 0.14038807656250002 0.26638134375 0.1489643484375 0.2649382921875
0 0.6776374921875 0.48960771562499994 0.6835653296875 0.4854775421875 0.685858775 0.47673764687500003 0.680252459375 0.468282721875 0.6721464 0.46651390625 0.6665280125 0.47372476093750004 0.6643377171875 0.4834915515625 0.6689580718749999 0.4900238734375 0.6776374921875 0.48960771562499994
0 0.8760746562499999 0.40505024218749996 0.8677622968750001 0.4012276390625 0.858818965625 0.4069094515625 0.8601599140625 0.4202590703125 0.8623836734375001 0.434504396875 0.87095994375 0.4330613453125 0.8756379093749999 0.43227422656250003 0.879903275 0.42737953125 0.8810044609375 0.4146632484375 0.8760746562499999 0.40505024218749996
0 0.9585458812500001 0.4131028 0.9525604328124999 0.424552415625 0.9593590078125 0.43698373124999995 0.9643464250000001 0.43927729375 0.9695977515624999 0.4363051984375 0.9714785953125 0.423457728125 0.9654596812499999 0.4108952296875 0.9585458812500001 0.4131028
0 0.964807315625 0.3807217484375 0.954568575 0.3814002796875 0.9486407359375001 0.38553045468749997 0.9503942859375 0.4029876484375 0.9567802609375 0.4113113859375 0.9691516859375 0.40818550781249996 0.9713875203125 0.4067650546875 0.9754465859374999 0.3998165734375 0.9736354265625 0.38967882343750004 0.964807315625 0.3807217484375
0 0.76520479375 0.35896182187500003 0.769160709375 0.350986446875 0.7709384046875 0.33711208125000003 0.7660086015625 0.32749907500000003 0.7522841546875 0.332941115625 0.7541529265625 0.3357594234375 0.7480643265625 0.34618214531249997 0.7521113203125 0.35489944218749997 0.7572018843749999 0.35821990000000004 0.76520479375 0.35896182187500003
0 0.7278052140625 0.333927215625 0.735292375 0.32953466875 0.7402342515625 0.3234818953125 0.738996453125 0.3111591703125 0.7345823984375001 0.3066806328125 0.726212428125 0.3101774734375 0.7219470609374999 0.315072165625 0.7208003390625001 0.3194421140625 0.7219349875 0.3307379453125 0.7278052140625 0.333927215625
0 0.6477426562499999 0.302495875 0.6519959484375001 0.3132669609375 0.657866175 0.3164562296875 0.66742840625 0.31693578125 0.6712235625 0.315252953125 0.674915565625 0.3125432328125 0.6770027109375001 0.30174955 0.6758680625 0.29045371875 0.6718210703125 0.2817364203125 0.6571106609375 0.2852558578125 0.6502424 0.295809765625 0.6477426562499999 0.302495875
0 0.5949803046875 0.250807228125 0.6011599796875 0.25707717812499997 0.60661760625 0.25615887187499997 0.614620515625 0.256900796875 0.6166045109375 0.2450802171875 0.613440328125 0.23725862812499998 0.60512796875 0.233436025 0.5965517 0.2348790765625 0.5941551046875 0.242592078125 0.5949803046875 0.250807228125
0 0.45416455781250004 0.1512795375 0.456549078125 0.159232315625 0.45909436093749995 0.16089254375 0.470112765625 0.1600828265625 0.47417183124999995 0.15313434374999998 0.47371369375 0.1406804328125 0.47163862187500005 0.13580833750000001 0.45916404687499995 0.13790732187500002 0.45500183125 0.1438289078125 0.45416455781250004 0.1512795375
0 0.4936606 0.2208641375 0.4876296125 0.223967415625 0.483100334375 0.2341277640625 0.47779139531250003 0.24441930156249997 0.4829851109375 0.24876665 0.49301755312499995 0.2460343328125 0.49764998125000004 0.23690087656249997 0.5007230875 0.22802979375 0.4936606 0.2208641375
0 0.488848775 0.125602790625 0.4929654515625 0.1113348671875 0.48616687656249996 0.09890355468749999 0.47982643906250005 0.0989261515625 0.46152717499999996 0.106182203125 0.4569978984375 0.1163425515625 0.461618253125 0.122874878125 0.46650251718749997 0.12414154531249999 0.480272503125 0.12704584218749998 0.488848775 0.125602790625
1 1 0 0.542830596875 0 0.5429938062499999 0.0016248109375 0.545159953125 0.0231895796875 0.5451478796875 0.038855359374999995 0.53797016875 0.0463285859375 0.5363987734375 0.0622567390625 0.5285900921875 0.079234384375 0.5269155453125001 0.09413564218750001 0.531214378125 0.11325306406249999 0.54789670625 0.113578828125 0.5545586671875 0.1009711328125 0.5584569734375 0.1003152015625 0.5729490078125 0.1104077546875 0.5835306640625 0.136822021875 0.5878871078125 0.14862 0.5941002484375 0.17890206718749999 0.599121128125 0.2052077453125 0.6190011046875 0.23736721562500002 0.6272558531250001 0.2485092625 0.6259483687499999 0.259171759375 0.612372609375 0.273987028125 0.5994733609375 0.2876442171875 0.5745121375 0.307507965625 0.5677470265625 0.319088765625 0.6086109203125 0.29968196874999997 0.6313363109375001 0.2812386765625 0.6555178749999999 0.2615061140625 0.659416178125 0.2608501828125 0.6753643859375 0.26965347031250003 0.689283059375 0.28193100000000004 0.7035232578125 0.2816234296875 0.7124665875 0.2759416140625 0.7231755421875 0.27205121718749997 0.7312239890625 0.2811394765625 0.721340234375 0.293245025 0.7328167765625 0.30488921874999997 0.7485586828125 0.31163871875 0.764506890625 0.32044200625 0.76959745625 0.3237624640625 0.7934454234375 0.332280778125 0.7857975015625 0.34296587343749996 0.798260003125 0.3565326703125 0.7997161765625 0.35524340312499997 0.8091873312500001 0.3390302796875 0.8116629281249998 0.3636757296875 0.8238735921875 0.3668424 0.8274169078125 0.35475945000000003 0.8454522609375001 0.3527690546875 0.8602658203125 0.3502765109375 0.8768449984375 0.34957538125 0.8933210296875 0.347847359375 0.912136040625 0.345725775 0.9240372546875001 0.345811765625 0.9376585531250001 0.3393428328125 0.9491927062500001 0.343667584375 0.956989315625 0.3423557203125 0.9606692484374999 0.35531177812500003 0.9691302953125 0.3685076125 0.9861796843749999 0.364594615625 0.9872808703124999 0.3518783296875 0.9824086781249999 0.3349458828125 0.9884972765625001 0.3245231609375 0.9929234046875 0.3133359171875 1 0.315614125 1 0
0 0.340443153125 0.9084930921875 0.3271313046875 0.9180427046874999 0.32888485312500004 0.9354998999999999 0.33994879375 0.9430365187499999 0.348788975 0.9363278109375 0.3535245546875 0.92822125 0.35130079375 0.9139759234374999 0.340443153125 0.9084930921875
0 0.051853375 0.9716709859375001 0.037200578125 0.9678709812499999 0.026376401562500002 0.9864002656250002 0.0336451875 0.9956197093749999 0.049914917187500005 0.9918378999999999 0.051853375 0.9716709859375001
0 0.12497288437500001 1 0.12620646875 0.9936205093750001 0.12548441875 0.9864322515625 0.1208185265625 0.9715535921875 0.11260931874999999 0.96875788125 0.10719722812500002 0.9780225234375 0.1108195484375 0.9982980250000001 0.11418996562499999 1 0.12497288437500001 1
0 0.3638422984375 0.9599011718749999 0.3451759734375 0.9713959828124998 0.353430721875 0.98253803125 0.3666849578125 0.980307859375 0.3638422984375 0.9599011718749999
1 0.4296875 0.509375 0 0.509375 0 0.71012635 0.0073540359375000005 0.718096021875 0.02421851875 0.751807134375 0.0355798375 0.7780902140625 0.0432612234375 0.791417234375 0.03497025625 0.8272725265625 0.049668590624999995 0.8394188671875 0.05981625625 0.8220476640625 0.0709954203125 0.814945396875 0.0747785015625 0.82892835 0.089316075 0.8473672421874999 0.08702263125000001 0.8561071375000001 0.09865993437500001 0.861458784375 0.09442803281249999 0.89036559375 0.10986048906250001 0.8940344109374999 0.12520187031250002 0.88101055625 0.12417037187499999 0.87074161875 0.1327466421875 0.8692985671875 0.133881290625 0.8805944 0.14422318437499998 0.8809427624999999 0.1452212171875 0.8671995828125001 0.16356601875000001 0.8682898703124999 0.166878890625 0.885484690625 0.18631280156250002 0.88952446875 0.2014358109375 0.8901126078124999 0.2154697078125 0.8877512515625 0.2404188578125 0.8835532828125 0.2510822734375 0.871316546875 0.260805265625 0.8655035484375 0.265058559375 0.8762746312499999 0.286682765625 0.8705476234375 0.2970822703125 0.8635765421875 0.3091897828125 0.8657163203125 0.32712198593749997 0.86269903125 0.34771469375 0.8467030828125001 0.36933889999999997 0.8409760734375 0.37138050625 0.8218360546875001 0.38979499375 0.799941115625 0.41297852187500006 0.7939517328125 0.4296875 0.779157925 0.4296875 0.509375
0 0.3129607921875 0.8953650515625 0.31862471875 0.8965005343750001 0.3272586015625 0.887738040625 0.3277864234375 0.8772067296875001 0.3145898 0.8721174578124999 0.303307484375 0.8781928296875 0.30532494374999997 0.89038436875 0.3129607921875 0.8953650515625
0 0.7172645890625 1 0.7157919625 0.9905664078124999 0.7064936421875 0.9848212015625 0.6968738 0.9916610953125 0.69677533125 1 0.7172645890625 1
0 1 0.9433169718750001 0.994246146875 0.9290939375 0.9833429671874999 0.9152647703125 0.9880543984374999 0.9384897656250001 0.9901173968750001 0.959027640625 0.99863605625 0.9649040328125 1 0.968597821875 1 0.9433169718750001
0 0.7039417968749999 0.8568078453125001 0.716932121875 0.8598433312499999 0.72115195 0.8466023 0.7151330359375001 0.8340398 0.7088957484374999 0.8350892921874999 0.7021882484375 0.8393506515624999 0.7017635765625 0.8509088546875001 0.7039417968749999 0.8568078453125001
0 0.79692775 0.8432504390625001 0.7949558296875 0.8394052359374999 0.7874807421875 0.8281320031250001 0.7833185265625 0.8340535921875001 0.77550984375 0.851031234375 0.7729980265625 0.8733831234375 0.7675859375 0.8826477671875 0.760866365625 0.9025749062500001 0.7788227140625 0.8682260562499999 0.7853694515624999 0.8702572468750001 0.79560819375 0.8695787156250001 0.7991515093749999 0.8574957640624999 0.79692775 0.8432504390625001
0 0.7952894265625 0.8111543578125 0.7892008265625 0.8215770812500001 0.7957931015625 0.8319546062500001 0.8033834109375 0.8285889546874999 0.8123267437500001 0.822907140625 0.8148264890625001 0.8162210328124999 0.8137949890625 0.8059520953125 0.80521871875 0.807395146875 0.7952894265625 0.8111543578125
0 0.49669961875 0.6327046515625 0.5020996328125 0.6391057874999999 0.5118681640625 0.6416391234375001 0.517337865625 0.6250550390624999 0.5134516328125 0.6100451921875 0.5085673671875 0.608778525 0.499830334375 0.6165141249999999 0.49655093125 0.6233314203125 0.49669961875 0.6327046515625
0 0.4296875 0.5338703890625001 0.4297332890625 0.534326234375 0.4372659875 0.5382800249999999 0.447974940625 0.5343896265625 0.45224030624999995 0.52949493125 0.450796209375 0.51511841875 0.4497070984375 0.512168925 0.44004171718749996 0.51066248125 0.43536374999999994 0.5114496 0.4296875 0.52017184375 0.4296875 0.5338703890625001
0 0.486081521875 0.509375 0.48598410156250005 0.5102419203124999 0.48691245 0.519483965625 0.4976669421875 0.5239399031249999 0.5085821953125 0.5221032906249999 0.5109063296875 0.509375 0.486081521875 0.509375
0 0.5880258546875 0.54737326875 0.5800350187500001 0.5309655656250001 0.5682824921874999 0.54025280625 0.5651517765625 0.5564433328125 0.572581325 0.5593702281249999 0.5765251671875 0.5670606328125001 0.583645265625 0.566906846875 0.5868215203125 0.559062659375 0.5880258546875 0.54737326875
1 1 0.509375 0.6006676734375 0.509375 0.6012921656250001 0.5294773171875 0.6115309078125 0.5287987875 0.6224916984375 0.5353085125 0.6344960625 0.536421396875 0.6448258828125001 0.5524355390625 0.6564055718749999 0.5651066265625 0.660498103125 0.582170259375 0.6672966796875001 0.594601575 0.6800686312499999 0.61124905 0.6924279828125 0.6237889515624999 0.7021965140624999 0.6263222890625 0.7099689781249999 0.6563419828125 0.6972760296875 0.672052959375 0.7100479796875 0.6887004359375 0.7221554937500001 0.6908402125 0.730112865625 0.6832357984375 0.7381733859375 0.6766582781249999 0.7586722625 0.7149791125 0.761824371875 0.73846648125 0.76415128125 0.7537387015625 0.7744355609375 0.76140650625 0.787277196875 0.7550687625 0.786979821875 0.7363223 0.7889638171875 0.7245017234375 0.8001429828125 0.7173994578125 0.7992360234375 0.747835309375 0.80879825625 0.7483148578125001 0.815563365625 0.7367340546875 0.8297459515625001 0.743745928125 0.8410161921875 0.753336334375 0.8493285515625001 0.7571589390625 0.8635232109375 0.7485050328125 0.8755275749999999 0.749617915625 0.8796656453124999 0.7750278875 0.8948918015625 0.77664291875 0.9033314578125001 0.7501608578125 0.91030286875 0.7406338421875001 0.9188791375 0.739190790625 0.92901473125 0.7374853640625 0.9430486281250001 0.7351240078125001 0.9563028640625 0.7328938375 0.9617604921874999 0.7319755328124999 0.9637203390625 0.7514865140625 0.9704157656250001 0.7628909328125 0.9866854953124999 0.759109121875 0.98183469375 0.7818545703125 1 0.7851231343749999 1 0.509375