0 0.2353997890625 0.5163530625 0.24481856093749998 0.5268338375 0.25933745625000004 0.5273447328125 0.2635731703125 0.5189058734375 0.2575245734375 0.5108858453125 0.24594421406250003 0.508916915625 0.2353997890625 0.5163530625
0 0.4723046109375 0.3412204234375 0.4735131984375 0.352193015625 0.4916612515625 0.3575159265625 0.4969340296875 0.349113559375 0.4939102953125 0.340419253125 0.48604655625 0.3346775109375 0.4767993078125 0.335132834375 0.4723046109375 0.3412204234375
0 0.609375 0.3363755296875 0.6048772609374999 0.334955365625 0.587938928125 0.331236459375 0.5779136015625 0.3340065625 0.5786905499999999 0.34106036875 0.5833567734375 0.34590887812500004 0.5902697781249999 0.3523978859375 0.6033188390625 0.3583220921875 0.609375 0.35656728437499996 0.609375 0.3363755296875
0 0.3007585640625 0.321911790625 0.3049920171875 0.3322101046875 0.3190781421875 0.33817080312500003 0.323053740625 0.3367492609375 0.33299387187499996 0.32382681562500004 0.3267726203125 0.314239275 0.3221063984375 0.309390765625 0.31164943125 0.308242084375 0.3018830859375 0.31336345625 0.3007585640625 0.321911790625
0 0.24708117812500002 0.3973141375 0.2505388125 0.3911900546875 0.2539101171875 0.3842822171875 0.2532194953125 0.3780121625 0.244577675 0.37458519687499997 0.2371455703125 0.3727622359375 0.23161380937499998 0.37881333437500003 0.2288467984375 0.39120746875 0.234722740625 0.3976599828125 0.24708117812500002 0.3973141375
0 0.368873040625 0.20876224375 0.3674895359375 0.2149593109375 0.3680075015625 0.21966185 0.3748341796875 0.2253671015625 0.38969838437500004 0.229013021875 0.393069690625 0.22210518281249997 0.3926380515625 0.2181864015625 0.386762109375 0.21173388593750003 0.3801944140625 0.20837990468749998 0.368873040625 0.20876224375
0 0.42350003281250004 0.1419812203125 0.4210794640625 0.1481417953125 0.42384421093749997 0.1544848328125 0.4389674015625 0.1604820234375 0.44786933749999996 0.1568916734375 0.45210505 0.14845281562499998 0.4469208625 0.138901765625 0.433266378125 0.1368598515625 0.42350003281250004 0.1419812203125
0 0.4752623734375 0.1804964328125 0.49090465937500005 0.18182757656249998 0.4800160546875 0.1767601125 0.46852315468750005 0.166206353125 0.47033830156249995 0.16392806875000002 0.46895705625 0.1513879640625 0.4618702640625 0.15270002968750002 0.45737556718750005 0.15878761875 0.4547823421875 0.1633806796875 0.4460530625 0.16853854375 0.43836084375000006 0.1737328984375 0.4461382578125 0.1786908859375 0.45460742343750005 0.1805503390625 0.46774394375000006 0.177889715625 0.4752623734375 0.1804964328125
0 0.5618713453125 0.0664362359375 0.5338706203125 0.0654509390625 0.513475784375 0.058487528125 0.50604368125 0.05666456875 0.49887056249999995 0.057192876562499995 0.492388065625 0.06399123906250001 0.49627620781250004 0.071154525 0.5091526125 0.07551121718750001 0.5126102453125 0.069387134375 0.5358572890625 0.07410875312500001 0.5618713453125 0.0664362359375
0 0.4445967984375 0.06152882656250001 0.43846187499999995 0.0527250421875 0.43163519843750003 0.047019790625 0.4223879515625 0.047475115624999994 0.4155601421875 0.05113845 0.409942053125 0.056405790624999994 0.41210137812500003 0.06663111875 0.422731 0.0693473140625 0.4341387015625 0.06974873125 0.438978709375 0.066796165625 0.4445967984375 0.06152882656250001
0 0.157705196875 0.5237684671875 0.1598667828125 0.515256621875 0.15390451249999998 0.5080203515624999 0.14292958125 0.50216913125 0.134286628125 0.5081107515625 0.132125040625 0.5166225953125 0.13281566250000001 0.522892646875 0.13998765156249998 0.5317329234375 0.151136371875 0.5297830703125 0.157705196875 0.5237684671875
0 0.1093118984375 0.4970825875 0.0999771921875 0.5061227421875001 0.107234378125 0.525115359375 0.12840616093749999 0.539132578125 0.1482807703125 0.5601306203124999 0.1469847234375 0.5577428578125 0.14059194531250002 0.53721921875 0.1341991703125 0.5166955796875 0.121150109375 0.510771375 0.1093118984375 0.4970825875
1 0 0 0 0.4151117390625 0.0011209937499999999 0.41520365625 0.0158988703125 0.41806582031249995 0.025318773437499997 0.41917800937500005 0.046317903125 0.431627715625 0.064638609375 0.438518140625 0.08572519843750001 0.44238301562500004 0.0935900703125 0.43875617343749995 0.0922951546875 0.4269998265625 0.08607390312499999 0.4174122859375 0.0850379703125 0.40800720625000003 0.10560659218749999 0.40716954375 0.12038446875 0.410031709375 0.164109284375 0.45060625 0.1696410453125 0.44455515312499994 0.15114994375 0.41736004375 0.13438652812500002 0.396471478125 0.14441185625 0.393701378125 0.160313125 0.3973837921875 0.1767334921875 0.396400159375 0.19194413906250002 0.39381252031249997 0.206723146875 0.38730609843749997 0.2273792265625 0.37788360781249997 0.2387880609375 0.3689164390625 0.245011575 0.359766809375 0.244753721875 0.348046953125 0.2726647265625 0.3763542515625 0.262816578125 0.3432175234375 0.2783736671875 0.334396325 0.285115146875 0.3299492328125 0.2752647375 0.31554967500000003 0.290475384375 0.3129620375 0.2921190046875 0.29974765468750003 0.2883183234375 0.283999540625 0.28650430781249997 0.2769092375 0.2939375421875 0.2693636140625 0.30871541874999997 0.27222577812500004 0.31467995000000004 0.260724878125 0.3422490359375 0.2577913921875 0.35123730000000003 0.2549847984375 0.35141221875 0.23781514062500003 0.334646540625 0.23566374843750001 0.32781986406249997 0.229958496875 0.336290159375 0.222449365625 0.34052587343749996 0.2140105046875 0.3465767328125 0.20329336250000002 0.3491699578125 0.1987003 0.3600585640625 0.203767765625 0.37267711718749996 0.19640460312500002 0.375617915625 0.1762093953125 0.3660264859375 0.16416110781249998 0.3651632109375 0.1563235421875 0.3635229828125 0.14143216875 0.3662911265625 0.1196694484375 0.371134528125 0.08861112812500001 0.35765496093750004 0.0693995546875 0.3686321546875 0.056513603125 0.37165928125000003 0.037102153124999995 0.360080053125 0.0257646375 0.34867348125 0.015994634375 0.3422748203125 0 0 0
0 1 0.19933584843750002 0.9951434296875 0.197409946875 0.984772790625 0.19704502031249999 0.9733650890625001 0.196643603125 0.9629944484375 0.196278678125 0.9599684546875 0.20632154218749998 0.9707707328125 0.2106052515625 0.9850295125 0.2181334609375 0.99591811875 0.223200925 1 0.221500915625 1 0.19933584843750002
0 0.9609157968750001 0.23368003593750003 0.971200109375 0.2332612046875 0.9753494953124999 0.2240385890625 0.9661897078124999 0.21590908281250001 0.9559053953125 0.2163279140625 0.9534848265625 0.2224884890625 0.95616325 0.22804777031249998 0.9609157968750001 0.23368003593750003
0 0.934659725 0.09847249687500001 0.9397598468750001 0.0885026171875 0.9391555531249999 0.083016321875 0.9356138546875 0.0696194765625 0.9163424109375 0.063476315625 0.9062307546875001 0.0654626609375 0.9009579765625 0.0738650265625 0.9072655562499999 0.08423632343750001 0.9229067125 0.09493605468750001 0.934659725 0.09847249687500001
1 0.609375 0 0.609375 0.5681183359374999 0.6247777984375 0.5770789609375 0.649753659375 0.5787385390625001 0.6775817281250001 0.5781563234375 0.7129293578125 0.5708122390625 0.7211395421875 0.570320421875 0.7276220375 0.5635220624999999 0.726327121875 0.5517657140625001 0.7418842125 0.542944515625 0.7487983484375 0.5400649375000001 0.7548492062500001 0.52934779375 0.785875925 0.520290228125 0.7949516484375 0.5088988046875 0.8164721374999999 0.49794529218749994 0.851560784375 0.4882499390625 0.8648699593749999 0.487156828125 0.8913145234375 0.4927716796875 0.9004765734374999 0.4821640140625 0.8926139640624999 0.467053684375 0.888121528125 0.454404103125 0.9029005359375001 0.44789768125 0.9145683531250001 0.441281784375 0.9295188859374999 0.4457114625 0.93435889375 0.44275889687500003 0.9562235609374999 0.444308996875 0.9667679890624999 0.43687285 0.962104028125 0.41328716875 0.9535485343750001 0.41064395937500003 0.9546730562500001 0.40209562187500003 0.9429211734375 0.38919059218749996 0.9439593687500001 0.3798585 0.9517379125 0.3754479 0.9621960125000001 0.36722799687499996 0.9598651625000001 0.346066571875 0.957014084375 0.3389397765625 0.9424088625 0.3376451265625 0.9571015421875 0.3303549484375 0.9831155984375 0.32268243124999996 0.9864869046875 0.31577459375 0.9693770468749999 0.30111958906249997 0.9564143140624999 0.2959791390625 0.9534780390625001 0.278700003125 0.94881181875 0.27385149375 0.95261589375 0.261493853125 0.9496784890625 0.25358330156250003 0.9448407421875 0.23779869531250003 0.9355094296875001 0.21873309062500002 0.9270436562500001 0.18876788125 0.9076018187500001 0.1623200359375 0.89031930625 0.1460975171875 0.8758878703124999 0.13700179375 0.8758912640625001 0.10889603750000001 0.8559303296875 0.0871142390625 0.8432277125000001 0.0749564734375 0.8206746828125 0.04839915 0.8007989453125 0.03676969375 0.7863675078125001 0.0276739703125 0.771346428125 0 0.609375 0
1 0 0.65 0 1 0.609375 1 0.609375 0.664810953125 0.6049713031249999 0.660767103125 0.6014382656249999 0.65 0 0.65
0 0.9592919859375 1 0.955557196875 0.99357691875 0.9545201343749999 0.993540425 0.9370627031250001 0.994487565625 0.932655465625 0.9919903265624999 0.9302360249999999 0.9887823140625001 0.9255698046875 0.9839338062499999 0.9164963421875001 0.97658805625 0.9038789218750001 0.9745826328125 0.897915521875 0.9767149484375001 0.89860614375 0.9829850015625 0.899469421875 0.990822565625 0.9026669406250001 0.9917158 0.9124321546875 0.9959630140625 0.9195568046875 1 0.9592919859375 1
0 0.8625905125 0.79668731875 0.870454253125 0.8024290624999999 0.8777137015625 0.8026845109374999 0.8879116828125 0.801481921875 0.8946542953125001 0.7876662453125001 0.8876549624999999 0.78039348125 0.8768526859375001 0.7761097734375 0.8634571812499999 0.7764191281249999 0.86086395625 0.7810121890625 0.8625905125 0.79668731875
1 0.609375 0.65 0.609375 1 0.8546755578124999 1 0.8584891390625 0.9939229171875 0.8424152156249999 0.988672990625 0.8289333843750001 0.9881985875 0.8181311062500001 0.9839148812499999 0.8235765390625 0.9770800265625 0.8406012015625001 0.9815826906249999 0.8430217703124999 0.975422115625 0.8340346375 0.9688601234374999 0.828591465625 0.9569578062499999 0.841556459375 0.9433610828125 0.8421618859375 0.93947879375 0.85633546875 0.9368546625 0.854954225 0.9243145578125 0.838362334375 0.9143620921875 0.8331770140625 0.9141796296875 0.832572721875 0.9086933328125 0.845881896875 0.9076002234375 0.8700808078125 0.9022059921875 0.880711559375 0.8955536000000001 0.8718118859375 0.8804067796874999 0.8489101531250001 0.8788201875 0.8413928531250001 0.8668448859375001 0.8423447203125001 0.8567290343749999 0.8296421031250001 0.8445712703125 0.8396674281250001 0.84180116875 0.8375081062499999 0.8315758421874999 0.827311253125 0.82340984375 0.832218834375 0.8135369593749999 0.8257241515625001 0.8031907171875 0.819230446875 0.7847503437500001 0.8215464625 0.7733651078125 0.8104972609375001 0.7621840875 0.807213603125 0.7485782671875001 0.78877275625 0.7351136046875 0.7822034875 0.7240902234375 0.7678686765625 0.7154916421874999 0.7658549046875 0.6972089109375 0.7666772843749999 0.688469171875 0.7476397609375 0.669587403125 0.73226076875 0.6515088890625 0.730746340625 0.65 0.609375 0.65
0 0.8610395843750001 0.815900140625 0.8628325328124999 0.807869065625 0.8546204609375 0.79813690625 0.8377458796875 0.7988921453125 0.8405820296875 0.8084351359375 0.8503623250000001 0.8161989375 0.8566342328125 0.8164196359375 0.8610395843750001 0.815900140625
0 0.78551946875 0.65 0.7907226921875 0.66368376875 0.8145404390625 0.66924346875 0.8202156734375 0.6640470609375 0.821634725 0.660724428125 0.8182378359375001 0.65 0.78551946875 0.65
0 0.8608197390625 0.78149220625 0.8579826109375001 0.78004334375 0.8463347812500001 0.7796334765624999 0.8392414703125001 0.7800583890625 0.844018765625 0.7910187125 0.8569345234375 0.8029399296875 0.860146528125 0.791586221875 0.8608197390625 0.78149220625