1 0 0.5890625 0.359375 0.5890625 0.359375 0.344040184375 0.358666134375 0.34451434999999997 0.35917753124999996 0.3199560703125 0.34970024843749997 0.317204871875 0.34479566875 0.30154041249999997 0.3352530921875 0.26376904843750004 0.3243218484375 0.265657221875 0.3118373484375 0.256285296875 0.299929540625 0.25737525625 0.289376403125 0.2379263703125 0.2768701390625 0.2168810578125 0.26151171406249996 0.1976671859375 0.24213551249999998 0.1901550671875 0.24563236093750002 0.16054412499999998 0.23251540781250002 0.14815762187499998 0.2305962796875 0.1274405 0.2147822203125 0.1253376015625 0.20638079375 0.1392840859375 0.2057701046875 0.1479428953125 0.19778078125 0.12143162968750001 0.1823883578125 0.12133845000000001 0.18485288125 0.09837659843749999 0.17334494375 0.0898028875 0.159905646875 0.0913061375 0.1496843859375 0.1004349703125 0.153057475 0.11651271875 0.1394631234375 0.1095638046875 0.13829750624999998 0.11943411875000001 0.12562395312500002 0.120730721875 0.118310615625 0.120580809375 0.11411601874999999 0.11215700937499999 0.10023332031250001 0.0999771515625 0.086294859375 0.0952446 0.0681278015625 0.10120894218750001 0.07107925625 0.11527697343750001 0.05954955468749999 0.095029875 0.045577096875 0.1094180171875 0.042380828125 0.11346582031250001 0.0212840828125 0.11703551875 0.011196109375 0.12294312968750001 0 0.1259645296875 0 0.5890625
0 0.45805662968750005 0 0.45642260781250005 0.0027654640625 0.4614604765625 0.0152087 0.47114857812499994 0.018964759375 0.47991587812500003 0.0144753 0.4818472390625 0.004398340625 0.479657103125 0 0.45805662968750005 0
0 0.49216239218749996 0.1576920765625 0.490553375 0.153879284375 0.48580385000000004 0.146666990625 0.47806887499999995 0.144507359375 0.4693015734375 0.14899681874999998 0.4692458109375 0.156444125 0.46995579374999996 0.1636847859375 0.47658091562500005 0.168267425 0.48458247187500003 0.16398460937499998 0.49216239218749996 0.1576920765625
0 0.3931487359375 0.171671053125 0.3916947734375 0.1763104234375 0.3890534296875 0.179146725 0.385302234375 0.18440603125 0.38009707656249997 0.1943047140625 0.38109540468750003 0.2067763140625 0.38465754687500003 0.212185534375 0.3907835046875 0.21053237500000002 0.3984409515625 0.2084659234375 0.39857424375 0.2052447 0.40050560468749996 0.195167740625 0.4048674890625 0.181249621875 0.4097285390625 0.17356730625 0.4145895890625 0.1658849875 0.41356949531250004 0.14173999843750001 0.4030598875 0.14563789062500002 0.3954024390625 0.14770434062499999 0.3878225203125 0.153996875 0.3880333375 0.15500173281250001 0.3931487359375 0.171671053125
0 0.7163502125 0.339271615625 0.7123106703125 0.33929998125 0.7061847125 0.3409531421875 0.697073303125 0.3476589671875 0.697938340625 0.36335179218749997 0.7019221203124999 0.37077072968749997 0.7152838890625001 0.3650414 0.7199341203125 0.3563542234375 0.719357428125 0.3458923390625 0.7163502125 0.339271615625
0 0.86830908125 0.36940106250000004 0.8710279515625 0.37079084687499997 0.8823590671874999 0.359239003125 0.890838021875 0.349518603125 0.894245109375 0.3464756578125 0.912889565625 0.33507372968750004 0.9276495328125 0.33215233125 0.913001090625 0.32017911875 0.89707550625 0.33297083125000004 0.8825263546875 0.3368970890625 0.8725716734375 0.339583475 0.8626945187499999 0.3464959453125 0.8667000625 0.365588271875 0.86830908125 0.36940106250000004
0 0.7911892093749999 0.4337445515625 0.7833209437499999 0.4348061421875 0.7724114640625 0.4483677046875 0.777660153125 0.46181579843750004 0.7812222953125 0.46722501875000005 0.7914435578125001 0.4580961859375 0.7971261140625 0.4427599171875 0.7911892093749999 0.4337445515625
0 0.7304940875 0.4915321265625 0.7398163156249999 0.48583116249999997 0.74536558125 0.4737161171875 0.7454213453125 0.4662688109375 0.7399060765625001 0.4592631625 0.7286089578125 0.4516943109375 0.7203190562499999 0.45074618437499997 0.7151914265625 0.46487094687499997 0.71772124375 0.476929259375 0.7240797828125001 0.4879543453125 0.7304940875 0.4915321265625
0 0.6967740125 0.5890625 0.6972420171875 0.58756916875 0.69249249375 0.5803568734375 0.6832817921875 0.571163228125 0.6731162921875 0.5728447546875 0.6716623296875 0.5774841296875 0.6720282046875 0.586941153125 0.67276804375 0.5890625 0.6967740125 0.5890625
0 0.650638290625 0.4453880328125 0.663208246875 0.441995884375 0.66034219375 0.4216710625 0.651607734375 0.41668963124999997 0.641070684375 0.4131119671875 0.639948475 0.42442259687500006 0.647925003125 0.442450984375 0.650638290625 0.4453880328125
0 0.52355559375 0.286129165625 0.5223957765625 0.27726899843749997 0.5148693125 0.2747135234375 0.502481496875 0.27897383593749997 0.5013592859375 0.290284465625 0.5031806796875 0.2989661 0.52355559375 0.286129165625
0 0.13098395937500001 0.6877762859375001 0.1334385671875 0.685864759375 0.1208919015625 0.6805067921875 0.1127840171875 0.6826947984375 0.10756117968750001 0.6940971953125 0.11364489687499998 0.7049466203125 0.12600914218749998 0.700360865625 0.13098395937500001 0.6877762859375001
0 0.16064727031249998 0.6885151281249999 0.159563975 0.6788145125 0.13337296406250002 0.6946262953125 0.123397721875 0.7060620609375 0.1211255328125 0.717917309375 0.1302255046875 0.7204580515625001 0.14510995937499999 0.7051992390625 0.16064727031249998 0.6885151281249999
0 0.06200693593749999 0.7401167484375 0.068991528125 0.7507230593750001 0.101893509375 0.730602009375 0.102768778125 0.7166254999999999 0.0895036578125 0.7214543671875 0.06200693593749999 0.7401167484375
0 0.5771524265625001 0.65568178125 0.5831233296875 0.6455764562499999 0.5851104546875 0.628052190625 0.5739466265625 0.6172621140625 0.5676098515625 0.61791041875 0.5656009609374999 0.62376129375 0.5626930375000001 0.6330400390625 0.56669858125 0.6521323671875 0.5771524265625001 0.65568178125
0 0.470924725 0.685410315625 0.47546342968750005 0.6916177484375 0.47839311875 0.6940123921875 0.486261384375 0.6929508 0.49363048593750003 0.6856534078125 0.49305379375 0.6751915234375 0.488093453125 0.6669743703125001 0.4861960890625 0.6579306375 0.4781510046875 0.6388666765625001 0.475221315625 0.636472034375 0.4706486109375 0.6493852921875 0.47233515624999994 0.657424165625 0.4745208640625 0.6716988421875 0.470924725 0.685410315625
0 0.6841989374999999 0.691560846875 0.6800261046875 0.6948104359375 0.6787271984375 0.7079019734375 0.6832659031249999 0.7141094078125001 0.6932981125 0.7156491015625 0.6979483453124999 0.706961928125 0.6999572328125 0.7011110484375 0.6965283796875 0.69248060625 0.6910906390625 0.6897010406249999 0.6841989374999999 0.691560846875
0 0.720309996875 0.7094213828125 0.7151048390625 0.7193200625 0.7164472749999999 0.7295753015625 0.7197986000000001 0.7339796625 0.7264237234375 0.7385623015625 0.7306523171875 0.7278654078125 0.7307080796875 0.720418103125 0.728677428125 0.7145955921875 0.726302665625 0.71098944375 0.720309996875 0.7094213828125
0 0.8013551812500002 0.733205690625 0.7882599953125 0.7324925734375001 0.7818674546875 0.7405881828125 0.7814675828125 0.7502518515625 0.7847631453125 0.7621035171875 0.7927647015625 0.7578207031249999 0.7996564046875 0.755960896875 0.8082686500000001 0.7430192718749999 0.8060271796875 0.7361919015625 0.8013551812500002 0.733205690625
0 0.8465654203125 0.7751544828125 0.8438683140624998 0.7854380875 0.847641275 0.7918521671875001 0.856430340625 0.7990360937500001 0.863244515625 0.79295020625 0.867894746875 0.7842630296875 0.866208203125 0.77622415625 0.8588173359375 0.7718481609375 0.8465654203125 0.7751544828125
0 0.9746433796874999 0.7724436859375 0.9670634578125 0.77873621875 0.9560206875 0.7955190015625 0.9621684109374999 0.805539228125 0.9694817499999999 0.805689140625 0.976640034375 0.7973868890625 0.9820560109375001 0.788493065625 0.9806360468750001 0.7740117468750001 0.9746433796874999 0.7724436859375
0 1 0.8603491984375001 0.9987664031249999 0.8604296453125 0.9921630453125001 0.8675203953124999 0.9954586078125001 0.8793720609375001 1 0.8802279234375 1 0.8603491984375001
0 1 0.89544295 0.9872679984375001 0.8943234046875 0.9789223343749999 0.9008225843750001 0.9764360453125001 0.9121110484375 0.9818180250000001 0.9223379203125 0.9895530000000001 0.9244975515625 0.9951240312500002 0.9240558921875 0.9976878453125 0.9169935125 1 0.9143118515624999 1 0.89544295
1 0.359375 1 0.9399875625 1 0.940898975 0.9779739453125 0.9409329734374999 0.95885325 0.9446066421874999 0.9493678609374999 0.945539675 0.9268192984375 0.93471995625 0.9138128625 0.928305653125 0.91023508125 0.9239995296875 0.91670589375 0.92541949375 0.9311872140624999 0.9156756296874999 0.934878459375 0.9074414890625 0.9264830281249999 0.9028252578124999 0.9160495125000001 0.893537028125 0.9026297828125 0.8883658671875001 0.89340776875 0.8847819609375 0.8763251625 0.882518725 0.8578244046875 0.8742628203125001 0.8377555859375001 0.8628106453125 0.82173456875 0.8468415328125001 0.8111795046875001 0.8392398468749999 0.8057986515625 0.8324596703125 0.792763846875 0.8383312796875 0.7667590515625 0.8618367843750001 0.7476748046875 0.8757099515625001 0.7173871921874999 0.845446034375 0.7351100234375 0.8303637234375 0.7519211718750001 0.8003106234375 0.7706488609375001 0.7888244515625 0.7737485390625001 0.7726445203125001 0.7621886171875 0.7584952406250001 0.7564512046875 0.7525243390625 0.7665565296875 0.742647184375 0.7734690000000001 0.7250908171875 0.7707745328125 0.7312507734375 0.7500006781249999 0.7212743265625 0.7410136781250001 0.7060151937500001 0.737699275 0.6948513671875001 0.7269092015625 0.68355425 0.7193403500000001 0.68043550625 0.7276142359375 0.6690050984375 0.7232666078125 0.6630464296875 0.702577853125 0.64765400625 0.702484671875 0.6396306859375 0.6950940984375 0.625193059375 0.684125746875 0.6135953640625 0.7021200328124999 0.5984912875 0.707257796875 0.57913685 0.711419065625 0.5526023640625001 0.7122092 0.5271219687500001 0.71802363125 0.5041496265625 0.724222984375 0.4893896578125 0.7271443828125 0.4768058671875 0.7018729875 0.464687240625 0.7019580859375 0.45438845 0.7068608375000001 0.45881563124999997 0.7279628828125 0.4690804234375 0.7421808249999999 0.46017983124999995 0.7498915078125 0.4495926953125 0.7495633171875 0.4451750453125 0.770928740625 0.4268964640625 0.7917876953125 0.41757423750000006 0.797488659375 0.396133384375 0.8032747234375 0.3855680125 0.8146199187500001 0.3713847359375 0.8280032015625001 0.359375 0.8430634796875001 0.359375 1