0 0.277741534375 0.51875 0.28130907031249996 0.5119225453125 0.26856862187499997 0.5072607609374999 0.25761728125 0.511678325 0.25473450937500003 0.51875 0.277741534375 0.51875
0 0.1541469828125 0.3356401234375 0.14287649375 0.33298414374999996 0.13279874687499998 0.33638106562500003 0.12960256406249998 0.3419768640625 0.1262782484375 0.35237636875 0.14006234374999998 0.36233443906249996 0.1444512625 0.3627915421875 0.1567025109375 0.35406285312499997 0.1578323640625 0.3434347984375 0.1541469828125 0.3356401234375
0 0.2463748421875 0.400085821875 0.2502955234375 0.39271276875 0.24381931250000002 0.3816630921875 0.2364904703125 0.3771943765625 0.2296298640625 0.38055581875 0.2220447625 0.385694515625 0.22323750000000003 0.3917474140625 0.22867006406249998 0.39750080468750004 0.233953540625 0.4024975796875 0.2463748421875 0.400085821875
0 0.0445987390625 0.25419828906249997 0.039059003125000005 0.2588089234375 0.0351383203125 0.2661819796875 0.0358837796875 0.269965040625 0.0413163484375 0.27571842968750004 0.055037556249999994 0.2689955484375 0.0601300140625 0.262115075 0.0592354609375 0.2575754 0.0559973546875 0.2520505625 0.0445987390625 0.25419828906249997
0 0.369322784375 0.50589684375 0.38101958593749996 0.5052623421875 0.38551567656249996 0.4953554203125 0.3843229390625 0.4893025203125 0.379614871875 0.481771875 0.369217978125 0.47809525312499995 0.36003478125 0.48603185 0.3562631921875 0.4941615171875 0.36097125937499996 0.5016921609375 0.369322784375 0.50589684375
0 0.3897001296875 0.51875 0.3947827171875 0.5096600953125 0.41167914687499996 0.49178109843750006 0.413214353125 0.47230224375 0.40119840625 0.46586320312499996 0.3935061328125 0.48136592343749995 0.3822775703125 0.48983058125 0.3820632328125 0.5105586296875 0.3819785296875 0.51875 0.3897001296875 0.51875
0 0.5863508703125 0.3528630203125 0.5794483406250001 0.345103825 0.5594419375 0.35265427968749996 0.5564367703124999 0.37012732812500004 0.5672599796875 0.37051346875 0.57559054375 0.369157834375 0.5814075046875 0.36050010625 0.5863508703125 0.3528630203125
1 0.61875 0 0.040720990624999995 0 0.04146100625 0.0037554234375 0.037731340625 0.0230057234375 0.029719921875 0.031434903125000004 0.0204085953125 0.044175204687500004 0.01829798125 0.0661879265625 0.0098602484375 0.077907584375 0.0017206984375 0.09114046718749999 0.0105614234375 0.108735625 0.025368201562499998 0.11842966562499999 0.017696890625 0.1394927046875 0.0318420515625 0.1676449578125 0.041130056250000005 0.1875099515625 0.0439628078125 0.20188558906249998 0.0454537296875 0.2094517140625 0.039508640625 0.222913146875 0.048498459375000004 0.2412649171875 0.063284275 0.245398640625 0.07261656250000001 0.23821865781249998 0.07657916718749999 0.2419662390625 0.08582524687500001 0.25071059687499997 0.09257868124999999 0.25771318125 0.1032737609375 0.2629030265625 0.098181303125 0.2697835 0.0821165421875 0.27552121875 0.087441940625 0.29163863125 0.097242465625 0.2922888015625 0.125600396875 0.28894303125 0.13499556875000002 0.2984440015625 0.14886586875000002 0.2924777328125 0.1585382640625 0.297931609375 0.15885740937499998 0.305005153125 0.1597938859375 0.3206654640625 0.16539650625 0.3327357828125 0.1813331359375 0.33180176875 0.1758353234375 0.347533040625 0.183888665625 0.35022450156249996 0.2020407171875 0.3550793546875 0.2021664875 0.3884412640625 0.221492678125 0.3556230875 0.2247517453125 0.36670824375 0.2336996390625 0.3739393765625 0.2477609546875 0.37985035625 0.27117552031250003 0.38414166875 0.2878576109375 0.38699071875 0.3037942421875 0.3860567046875 0.320455371875 0.383345434375 0.3351992640625 0.37635852187499996 0.34602247343750003 0.3767446625 0.33558129375 0.40011301875000005 0.32531016875 0.4297983078125 0.33263901093750003 0.43426702187500005 0.3640463953125 0.386403225 0.37791669375 0.3804369546875 0.39866856093749997 0.3766695625 0.40045766718750003 0.3857489125 0.397133353125 0.396148415625 0.3993697375 0.40749760156250003 0.4082966703125 0.40916841875000004 0.428153984375 0.40086135 0.44434687500000003 0.390319925 0.4615414890625 0.3739541515625 0.47059655468750006 0.3708212609375 0.4844668546875 0.364854990625 0.5006807078125 0.3598738859375 0.5020435 0.37224371562499997 0.5128667078125 0.37262985625 0.5303595062500001 0.3577773078125 0.548362465625 0.36187555 0.5597191609375 0.34860718749999997 0.57753110625 0.34082818125 0.5880561296875 0.3397010984375 0.6144758625 0.32651936406250004 0.61875 0.32520629375 0.61875 0
0 0.6501352406249999 0.3794882234375 0.6566545390625 0.386391746875 0.6696181515624999 0.380182709375 0.6734289140625 0.36679593593750004 0.6702336437499999 0.357126125 0.6506219375 0.368867821875 0.6501352406249999 0.3794882234375
0 0.66709228125 0.315004021875 0.6759911328125 0.3012576890625 0.6831260625 0.2851045921875 0.6717225124999999 0.2861405859375 0.6519475328125 0.2963511890625 0.653030340625 0.3090937609375 0.66709228125 0.315004021875
0 0.6645627000000001 0.2956216515625 0.67118580625 0.28341691406249997 0.6735905 0.2694391703125 0.6626986546875 0.266526690625 0.6478172578125 0.2760931625 0.6443642921875 0.2912956703125 0.6645627000000001 0.2956216515625
0 0.8641287265625 0.2087981953125 0.8480199953125 0.218681459375 0.848581721875 0.2280771296875 0.8578753015625 0.23722399843750003 0.8693418578125 0.24179878281249997 0.87790785625 0.232908803125 0.8891073953124999 0.22429296562499998 0.880108525 0.2113511484375 0.8641287265625 0.2087981953125
0 0.959828746875 0.22320772656250001 0.9461746703125 0.232457334375 0.935292525 0.23750732968750002 0.9514916234375 0.2463497296875 0.974144675 0.250041984375 0.9842958359375 0.2426508671875 0.9854730546875 0.2289899546875 0.9726383921874999 0.2227628421875 0.959828746875 0.22320772656250001
0 0.956708646875 0.23355395156249997 0.9652496265625 0.21799197499999998 0.949602603125 0.21058275937499998 0.9437923609375 0.2233890796875 0.956708646875 0.23355395156249997
0 0.9636895781250001 0.2231650859375 0.9738657609375 0.2224459671875 0.9794405031250001 0.21146601562499998 0.9803099828124999 0.20933342968750002 0.9702627328125001 0.19761633125 0.9619414031249999 0.20916441406250003 0.9636895781250001 0.2231650859375
1 1 0 0.61875 0 0.61875 0.24223595000000003 0.6366466484375 0.2455847 0.645366509375 0.230930525 0.6548771437500001 0.23992392499999998 0.6612674609375 0.259263678125 0.6819775421875 0.2596412671875 0.6825642421875 0.2757089453125 0.69995030625 0.2788528921875 0.7053211140625 0.260293009375 0.7138622796874999 0.244730984375 0.743725059375 0.252286275 0.771902796875 0.23165451718750002 0.778500975 0.212777759375 0.793586271875 0.210791303125 0.793457415625 0.22322742812500002 0.8080310421875 0.225189365625 0.813963578125 0.21602515156250002 0.8363876749999999 0.2054654765625 0.8724908859375 0.19232825781250001 0.881056884375 0.18343827968749998 0.9034559468750001 0.1662065375 0.908569075 0.17251904375 0.9296119296875001 0.168040371875 0.9487120125 0.16024705625 0.9704204125 0.1460558609375 0.986017459375 0.1401209203125 0.9950952234375 0.1272825234375 1 0.117622178125 1 0
0 0 0.7229226765625001 0.0071332046875 0.7243106218750001 0.020428096875000003 0.7208782203125 0.0303357921875 0.71116436875 0.030741143749999998 0.7023135703125 0.0223896171875 0.6981088859375 0.012738184375 0.698215328125 0.00442858125 0.705131278125 0.0009342140625 0.709213853125 0 0.7099913859375 0 0.7229226765625001
0 0.1744294390625 0.6461344234374999 0.1599208453125 0.6379536078125 0.1460715078125 0.64948019375 0.1518022578125 0.6567468078124999 0.162199153125 0.6604234296875 0.1744294390625 0.6461344234374999
0 0.42932222812500004 0.7616113953125 0.4339021640625 0.7739457453125 0.44807065 0.7694927 0.45403669999999996 0.761591584375 0.453142146875 0.7570519093750001 0.44888135625 0.7517911015625 0.4396771984375 0.75416738125 0.42932222812500004 0.7616113953125
0 0.497248053125 0.7027292625 0.5002951437500001 0.6963768515625001 0.5030440515625 0.6885112140625 0.49703607656250004 0.6852916953125 0.48109944687499995 0.6862257078125 0.4704672515625 0.697716815625 0.4734281359375 0.707288746875 0.47796614843749996 0.708502459375 0.489364765625 0.706354734375 0.497248053125 0.7027292625
0 0.573881753125 0.7425772203125 0.57236986875 0.7294507765625 0.570878946875 0.7218846515624999 0.56018386875 0.7166948062499999 0.545717196875 0.7196346265625 0.5349359109375 0.730369121875 0.5414121234375 0.7414187968749999 0.5484637421875 0.7499346046875 0.56352678125 0.750021234375 0.573881753125 0.7425772203125
0 0.5745829296875 0.7734052609375001 0.5725165984375 0.7683730046875 0.5637387578124999 0.7674588015625 0.5511893265625 0.774674265625 0.5468213671875 0.7797774828125 0.54905775 0.7911266687499999 0.5540430390625 0.7946102203125001 0.563971696875 0.7904566875000001 0.56761515625 0.787130725 0.5718340234375 0.7812708953125 0.5745829296875 0.7734052609375001
0 0.5197819421875 0.8225380625 0.513219521875 0.8274127281249999 0.508872525 0.8380762624999999 0.5090635406249999 0.8499535125 0.5095527390625 0.8633439859375001 0.5123854921875 0.877719621875 0.5229524421875 0.8877131734375 0.5317978906249999 0.828977103125 0.5288370078125 0.819405171875 0.5197819421875 0.8225380625
0 0.1799568828125 0.51875 0.17019669375 0.5319370906249999 0.159969853125 0.5345773984375 0.1515530796875 0.551857375 0.11748299843750001 0.5916624671874999 0.132802296875 0.582141684375 0.14942150468749998 0.5683097796875 0.16633889531249998 0.5559910984374999 0.174371275 0.553122240625 0.17695012968749999 0.5389396734374999 0.1851316015625 0.5368274265624999 0.20062095468750002 0.533623575 0.2048398203125 0.527763746875 0.2077211625 0.51875 0.1799568828125 0.51875
0 0.8134148375000001 0.8819983921875 0.8234506625 0.867480834375 0.8273713453125 0.8601077796875 0.8258385 0.84142101875 0.8174869749999999 0.837216334375 0.7993768453125 0.8434821156249999 0.7963297546875 0.8498345265625 0.8042759265624999 0.8628900093749999 0.8058949796875 0.865652428125 0.8018461671875 0.8778291875 0.8134148375000001 0.8819983921875
0 0.8866660609375 0.8392336703125001 0.8855362078125001 0.849861725 0.8852799453125 0.8594691359375 0.9053492359374999 0.8685996359375 0.92433295625 0.8613132125 0.9122960484375 0.8493138531250001 0.902602690625 0.8382996578125 0.8866660609375 0.8392336703125001
1 0.61875 0.51875 0.61875 0.8687424453125001 0.623838615625 0.8689239921875 0.6300166421875 0.8784604437500001 0.619384446875 0.8899515515624999 0.61875 0.8906482359375 0.61875 0.9167157156249999 0.6361084625 0.9039212375 0.6507032625 0.8961777109375 0.6630826390625 0.882645315625 0.6739058499999999 0.8830314578125 0.6851134515624999 0.8690064812500001 0.677316371875 0.8567076124999999 0.6796179999999999 0.8465721390625 0.6901639875 0.8510053734374999 0.7055042484375 0.847044909375 0.7296223515625 0.84399865 0.7371212484375 0.8547842953125 0.747049903125 0.850630759375 0.7622620343750001 0.851474003125 0.781245753125 0.8441875796874999 0.7901098046875 0.8291774390625001 0.8089653953125 0.8266947203124999 0.8184258124999999 0.8147110328125 0.8337451109374999 0.8051902500000001 0.84976795 0.7883318953125 0.8572458843749999 0.793557221875 0.885007446875 0.787185 0.9033924359375 0.815037740625 0.9028193906249999 0.7794059953125 0.913451584375 0.7679148859375 0.9338843062500001 0.7570739515625 0.943451890625 0.7347262390625 0.9567467859375001 0.7312938359375 0.970256015625 0.7071333875000001 0.9758376734375 0.7136433890625 0.978500375 0.7217020953125 0.9928179500000001 0.7180056625 0.9535541625 0.51875 0.61875 0.51875