0 0 0 0 0.0225351484375 0.007342746875 0.0199568234375 0.0115400953125 0.013911540625 0.0158829921875 0.004741259375 0.0131480109375 0 0 0
0 0.0773741234375 0.0633069671875 0.07512740625 0.061100801562499994 0.07122115625 0.060896084375000006 0.0633601390625 0.061528315624999996 0.06253536093749999 0.0792366484375 0.062050196875 0.089653315625 0.0695715984375 0.09631275156249999 0.0769424625 0.08938957656249999 0.080062475 0.072845740625 0.0773741234375 0.0633069671875
0 0.146667778125 0.0888668890625 0.1579013640625 0.0998977078125 0.1652237125 0.09401620000000001 0.1719103609375 0.08496874843749999 0.172395525 0.0745520828125 0.16731490625 0.06593214375 0.1588667046875 0.0623567640625 0.151883971875 0.06094660625 0.150175921875 0.0639897203125 0.1467113078125 0.07111761093749999 0.1445666109375 0.0835357234375 0.146667778125 0.0888668890625
0 0.15078804375 0.15173538125 0.15118615 0.17681726874999998 0.1542141171875 0.179064375 0.1571350765625 0.1499795953125 0.161332425 0.1439343125 0.1656753234375 0.13476403125 0.16239978593749999 0.12101764687500001 0.1524376015625 0.11631871406250001 0.15165635156249999 0.1162777703125 0.1481432203125 0.12444732812499999 0.14677977343749998 0.13690638593749999 0.15078804375 0.15173538125
1 1 0 0.76883836875 0 0.7688337453124999 0.0005104390625 0.7774029296875 0.0341285328125 0.7794753453125 0.0489789234375 0.7736240406249999 0.0756988609375 0.79264011875 0.0828378609375 0.7978635671875 0.06959831250000001 0.8329100609375001 0.0886337640625 0.8200482828125001 0.1076154109375 0.8305069140625001 0.1204483390625 0.8426837546874999 0.11617257343750001 0.8403318171875 0.1271056484375 0.8266138656249999 0.16446965 0.8489010015625 0.16072374218750002 0.8551577234375 0.1450813828125 0.8777873281249999 0.13398253437500002 0.8837645265624999 0.14412363749999998 0.8923337109375 0.17774173124999998 0.91140686875 0.1836552390625 0.92726018125 0.17957214999999999 0.9466816765625001 0.1977887296875 0.9360064687499999 0.2291697859375 0.9558275093749999 0.23880793281249998 0.9666227421875 0.2246319078125 0.9678520296875 0.2390625 0.989551975 0.2390625 0.9961486624999999 0.22372233281249998 1 0.2255389203125 1 0
0 0.92568105 0.2390625 0.9273348625000001 0.237314696875 0.9298009578125 0.22393064375 0.925604915625 0.2151113671875 0.9144042703124999 0.2182098109375 0.907399665625 0.230127528125 0.9069835125000001 0.2390625 0.92568105 0.2390625
0 0.8849354265624999 0.21789389531249997 0.8998125437500001 0.2149881265625 0.9069313046874999 0.2006194265625 0.9076162421875 0.18591354531249998 0.8948056734375001 0.184013690625 0.8830342453124999 0.199367034375 0.879877346875 0.207800959375 0.8849354265624999 0.21789389531249997
0 0.2641078359375 0.9195835437500002 0.26859628281250003 0.9072882609375 0.2631275328125 0.9070016562500001 0.25287424999999997 0.908552721875 0.244479553125 0.9206432859374999 0.24585297499999997 0.94159945 0.230674596875 0.9648208 0.25815890937499997 0.9464212140625001 0.265190159375 0.94678970625 0.273390790625 0.938865809375 0.270896503125 0.9251603687500001 0.2641078359375 0.9195835437500002
0 0.1826587828125 0.9027844671875 0.19237838437500002 0.912691734375 0.1994531640625 0.8953109484375 0.199938328125 0.8848942828125 0.18919489375 0.8801544046875 0.1825567625 0.8881601890624999 0.181435896875 0.8954109124999998 0.1826587828125 0.9027844671875
0 0.026571564062500004 0.6220656546875001 0.0219375671875 0.6374859374999999 0.02633396875 0.6439815984374999 0.0334137359375 0.6433084234375 0.038392334374999997 0.637304084375 0.03819328125 0.624763140625 0.029793596875 0.6201460953125 0.026571564062500004 0.6220656546875001
0 0.06189195468749999 0.5194957875 0.0631098515625 0.51016173125 0.0572479828125 0.5015008484375001 0.04557775 0.4998450281249999 0.035227434375 0.5034794296875 0.0337669546875 0.51802181875 0.033868975 0.5326460953125001 0.0408031921875 0.535097921875 0.0454906921875 0.5353435828124999 0.052521942187500004 0.535712075 0.058378823437500005 0.5276653453125 0.06189195468749999 0.5194957875
1 0.4296875 0.2390625 0.10867774999999999 0.2390625 0.10521755156249998 0.24505091874999999 0.0962356703125 0.252933875 0.09971026093749999 0.2792212015625 0.10229659218750001 0.2741357 0.10596524843749999 0.2962563609375 0.12100306406250001 0.292867621875 0.136967678125 0.286394828125 0.108071403125 0.318295134375 0.11124990781249999 0.33412485312499995 0.1200912265625 0.346074509375 0.132052559375 0.34148032968750003 0.1378659109375 0.35118287812500004 0.120731915625 0.3659480625 0.1165880703125 0.3876592890625 0.1255749390625 0.39648394375 0.131140721875 0.3946872171875 0.1339310953125 0.41885026718749996 0.133251865625 0.43343360156250005 0.144631 0.44133942187499997 0.128181221875 0.458228884375 0.1279436265625 0.480144828125 0.1258039171875 0.50927055 0.125469290625 0.533269828125 0.1359751296875 0.559925646875 0.1492563796875 0.5606216875 0.1648863671875 0.5781481703125 0.1667934703125 0.587646 0.1770032234375 0.6038442109375 0.1813075796875 0.6291308156250001 0.19444328125000002 0.6329518562500001 0.19899021875 0.6530301281249999 0.20436692500000003 0.6721076781249999 0.20930199374999997 0.683852615625 0.2144846328125 0.70709683125 0.2163917359375 0.7165946625 0.2033580546875 0.727397896875 0.20883179218749998 0.7443921125 0.2210892109375 0.75025554375 0.2269460921875 0.742208815625 0.241154140625 0.7398208000000001 0.2523392109375 0.7518932859375 0.26093794843749996 0.7690512765624999 0.25445035312500003 0.790639671875 0.25465439375 0.819888225 0.2691585296875 0.8279578187500001 0.2880055625 0.8268571328124998 0.28760745625 0.8017752453125 0.29606064375 0.8220582343749999 0.304994009375 0.8152169468749999 0.322375575 0.8119510390624999 0.3265779109375 0.8226133671875001 0.3385442296875 0.8347267984375 0.356022828125 0.8293775562499999 0.3625154109375 0.824496771875 0.3699882953125 0.8321978734375 0.3722885171875 0.8500699828125 0.379470303125 0.8640210843750001 0.3934793 0.849092125 0.3976766484375 0.8430468421875 0.40480493125 0.8413320015625001 0.41652368125 0.84194615625 0.42609274687500004 0.8382708109374999 0.4296875 0.8378632421875001 0.4296875 0.2390625
0 0.0917914515625 0.4324265078125 0.1042429359375 0.434123271875 0.11512693125 0.41903053906250004 0.10926506250000001 0.41036965781249995 0.095154046875 0.41067433906249995 0.0915923984375 0.4198855640625 0.0917914515625 0.4324265078125
1 1 0.2752496328125 0.5506842171875 0.2537442453125 0.5471225703125 0.262955471875 0.5359910046875 0.26654892812500003 0.539218025 0.2813369796875 0.5239376265625 0.2899340515625 0.5099771468750001 0.3038213453125 0.497234565625 0.30837458125 0.5055857328125 0.31403329218750003 0.4953859546875 0.3312503046875 0.494755240625 0.3447919703125 0.4741031265625 0.35101910468749997 0.4772331140625 0.3678904890625 0.48250779843749997 0.37234375937499997 0.48090176875 0.39001115 0.4867636375 0.39867203125 0.48007699062500003 0.40771948281250003 0.47558355625 0.4033071546875 0.474996371875 0.3990995453125 0.4661600390625 0.40385749843749996 0.46176862500000004 0.41406944843750004 0.4563533796875 0.42944878593749997 0.45093813281250006 0.444828125 0.45597023593749997 0.4544897296875 0.45338390312500004 0.4595752328125 0.44693485 0.446706740625 0.4357062515625 0.4523835296875 0.4331199203125 0.45746903281249995 0.431659440625 0.4720114234375 0.437521309375 0.4806723046875 0.4444555265625 0.48312412968749996 0.446896309375 0.48116362656249995 0.44846379687500004 0.497953125 0.450807546875 0.49807595624999995 0.4361143328125 0.5108806375 0.4424178375 0.5268741296874999 0.45603870156250004 0.5202785046875 0.457067521875 0.5318187249999999 0.45721805781249997 0.5454013359375001 0.45380195937499995 0.5514875609375001 0.4471153125 0.5605350125 0.45341881562499997 0.5765285046875 0.450686934375 0.5847390062500001 0.4401910703125 0.5914984078125001 0.43662942187500003 0.6007096328125 0.4296875 0.603967259375 0.4296875 0.6282328484375 0.43737213124999996 0.6352074640625001 0.44757689687499996 0.6346980625 0.4597372828125 0.642644828125 0.4575925859375 0.6550629406249999 0.45212882343749994 0.67148394375 0.43318974531250004 0.6913755765625 0.4296875 0.69599240625 0.4296875 0.7140732875 0.44124981406249997 0.7032842890625 0.4646338109375 0.6888466531249999 0.4726403765625 0.685089421875 0.4716700484375 0.70592275625 0.46937980156250003 0.72146586875 0.47392674062499995 0.7415441390625 0.4846751625 0.7629916265625 0.48804773125 0.774654678125 0.4884893671875 0.7819872890624999 0.4752081171875 0.7812912484375001 0.4736991203125 0.7968753046875 0.479560990625 0.8055361859375001 0.49201247343750004 0.8072329500000001 0.49493842031249996 0.79485578125 0.4974762359375 0.79081194375 0.5065116203125 0.798594934375 0.5158381046875 0.8001279234374999 0.5259943546875 0.8006601890624999 0.5383488062499999 0.8044402859375002 0.5435264578125001 0.8109768921875 0.54538504375 0.8215163890625 0.5351802765625 0.8220257906249999 0.5302987109374999 0.82594679375 0.52976503125 0.8374051281250001 0.5396786984374999 0.8431457281250001 0.5468554984375 0.8403892203125001 0.5507667359375 0.8573015484375001 0.5638539203125 0.86216425625 0.581381034375 0.8557733484375 0.5885093171875 0.85405850625 0.591930403125 0.8646798921875 0.5934008578125 0.883552721875 0.5975546781250001 0.8952567171875 0.6070267109375 0.89366470625 0.6167948296875 0.9025303062500001 0.6276352968750001 0.9051868500000001 0.6365736484375001 0.9150531734375 0.64526443125 0.91342021875 0.6535185671875 0.9211622640625 0.6672414515625 0.929190915625 0.655624721875 0.9432010390624999 0.6621708078124999 0.9539861984375001 0.6721329921875 0.95868513125 0.6945951765625 0.9640391609375001 0.7117826765624999 0.9649399203125 0.7283344765624999 0.9626747359374999 0.736486590625 0.9557925046874999 0.74839940625 0.9522399921875 0.7524026890625001 0.950361375 0.751087759375 0.961778765625 0.7632966609375 0.9686838640625 0.767887128125 0.9710128578125001 0.7860014265624999 0.968829559375 0.7947892421875 0.9651132718749998 0.803285959375 0.9676469859375001 0.8246222921874999 0.9635441281249999 0.841761275 0.9654865546875001 0.8507916734375 0.9565619328124999 0.8635827718750001 0.9509670312499999 0.8813039515625001 0.9404094562499999 0.8949248171875 0.9338138296875 0.9060563828125 0.9302203734375001 0.9287126328124999 0.9314077375 0.9434058453125 0.91860305625 0.96556695625 0.8967918656249999 0.9773292359374999 0.8796567421875 0.98508823125 0.8644002343749999 1 0.8555163953125 1 0.2752496328125
0 0.4296875 0.385548678125 0.4420818515625 0.38275563749999997 0.449598265625 0.3727074640625 0.45330546250000003 0.3603712375 0.449200159375 0.3476255765625 0.44319274062499997 0.34208969375000003 0.4391409421875 0.34500997499999997 0.4325513265625 0.35197409375 0.4296875 0.3529796953125 0.4296875 0.385548678125
0 0.535049690625 0.8752736203125 0.5346130421875 0.8846486203125 0.5394510796875001 0.8984768921875 0.5509272468749999 0.9042993796874998 0.5566870953125 0.898335984375 0.561612190625 0.876665703125 0.551844071875 0.8678001015625 0.535049690625 0.8752736203125
0 0.616945365625 0.9161129171875 0.60932693125 0.9115368140625 0.59502185 0.9160081640625 0.5918533203124999 0.933593665625 0.6010342546875 0.9382516562500001 0.604207771875 0.9373737625 0.6144610546875 0.935822696875 0.61870691875 0.9287357468749999 0.616945365625 0.9161129171875
0 0.6465993125 0.9688332703124999 0.65011244375 0.9606637109375 0.647424090625 0.9511249359375 0.639999721875 0.9423821671875 0.6334101078125001 0.9493462859375 0.628431509375 0.955350625 0.6287275953125 0.965808234375 0.6362489968749999 0.9724676703124999 0.6465993125 0.9688332703124999