0 0.4591152375 0.46249478593750004 0.432458603125 0.48101494218749996 0.42518460312500006 0.48899111875 0.43715745781250004 0.49348888593750007 0.459905534375 0.49308795781250003 0.46658071874999996 0.48041355 0.4591152375 0.46249478593750004
0 0.32922188124999996 0.4922520265625 0.31631482499999997 0.48855552187500007 0.30944003593749997 0.49966385156250004 0.3142746703125 0.5050722249999999 0.32397991406250004 0.5080403625 0.33588894062499997 0.5039064828125001 0.32922188124999996 0.4922520265625
0 0 0.0804123265625 0.0032496734375000004 0.08126973750000001 0.0200293125 0.07469562187499999 0.025734318750000002 0.0706710859375 0.0260697015625 0.0651715921875 0.01486741875 0.050457878125 0.0036929859374999997 0.0522244203125 0 0.0539846828125 0 0.0804123265625
0 0.0448245015625 0.23671168593749997 0.056833332812500005 0.2333608453125 0.0665745515625 0.2284803734375 0.06921352343750001 0.21666190156249998 0.055072859375000005 0.21141754375000002 0.0434992140625 0.21005193125 0.0409600453125 0.22265344374999999 0.0448245015625 0.23671168593749997
0 0.9476978765624999 0.24204805000000001 0.952496534375 0.2553050328125 0.971507809375 0.2581091546875 0.9827182171875 0.24849400625 0.9795523796874999 0.23991703125 0.9718153421875 0.23612940624999998 0.9563052890625 0.236402765625 0.9476978765624999 0.24204805000000001
0 0.9164224624999999 0.20806818124999998 0.9054836093749999 0.2035521921875 0.8933749765624999 0.2061199953125 0.8959060234375 0.2178473484375 0.9046770640624999 0.2216167484375 0.9139830953124999 0.2214527328125 0.9183546906250001 0.2150973046875 0.9164224624999999 0.20806818124999998
0 0.7611072468750001 0.054630873437500005 0.7617698921875 0.06796075 0.7671035390625001 0.077284315625 0.7861148140625 0.0800884375 0.7923548109375 0.072130484375 0.78765595625 0.059656540625 0.77094826875 0.0505334390625 0.7611072468750001 0.054630873437500005
0 0.5744910796875 0.14346284375 0.572323271875 0.142716253125 0.57186023125 0.13095245312499998 0.5767389656249999 0.1041833546875 0.555651559375 0.12574454375 0.5376104625 0.11429054999999999 0.5454113281249999 0.126709821875 0.543606753125 0.13694399375 0.5385643890625 0.15429840781249998 0.5498026515625 0.1611635140625 0.5669814984375 0.157721553125 0.5744910796875 0.14346284375
0 0.46875 0.1523896734375 0.479226978125 0.1522050203125 0.4879701703125 0.139494165625 0.4781012953125 0.1271113421875 0.46875 0.116007621875 0.46875 0.1523896734375
1 0.46875 0.509375 1 0.509375 1 0.28890994062500003 0.9863749453124999 0.28531503593749996 0.9701941250000001 0.29658738281249997 0.9567880531250001 0.28897568749999997 0.9517897906249999 0.274152628125 0.934147903125 0.2658307890625 0.9374216687499999 0.25086193749999997 0.9485682484375001 0.23261514062500002 0.955279409375 0.21209212656249998 0.9655915921875 0.19542963124999999 0.959160115625 0.1774926421875 0.9518942390625 0.1611399546875 0.9352782312500001 0.17712875625 0.93026371875 0.210963425 0.9131127218749999 0.2308856421875 0.8814299734375 0.218102484375 0.8464456078125 0.2038079203125 0.8162599 0.20277033906250003 0.8019196296875 0.195959903125 0.787842790625 0.19934719375 0.7732309640625 0.20666790000000002 0.76933053125 0.20045826406249997 0.7720693046875 0.18942283124999998 0.7839504828124999 0.1688086953125 0.8020356796874999 0.1480852140625 0.8113776874999999 0.140072590625 0.8203564609375 0.1210792046875 0.846314475 0.097077778125 0.8405456390625 0.0924706671875 0.8135895984375001 0.1086417078125 0.8170989437499999 0.0873903265625 0.8110307000000001 0.0804341 0.7981433703125 0.117546715625 0.7865975781250001 0.1326613578125 0.766108990625 0.1589207796875 0.750890221875 0.18587211718750002 0.7470257640625 0.17181387343750001 0.755233965625 0.16303643437499998 0.75810851875 0.1449354296875 0.7370292375 0.1421677546875 0.7145167421874999 0.13628615156249999 0.7060010078125 0.16704334062499998 0.686554546875 0.168955671875 0.6926866171875 0.1845435453125 0.682981375 0.18157540781249998 0.6608321125 0.186674565625 0.6331136234375 0.18873268906250001 0.633720565625 0.16910205625000002 0.61254148125 0.16555134375 0.595262828125 0.1682102671875 0.5840524203124999 0.177825415625 0.575744415625 0.1858198171875 0.56130434375 0.17822634375 0.5506927515625 0.1925397234375 0.5295774953125 0.1976206578125 0.5147660609375 0.20337528749999997 0.4735417 0.19703867656250001 0.46875 0.18161099375 0.46875 0.509375
0 0.2531833171875 0.61812196875 0.2525845 0.6134237390624999 0.24745045625 0.60566625 0.228702615625 0.6130598515625 0.2308344484375 0.6216550515625 0.23950568906249997 0.6246414109375 0.2475781109375 0.62292954375 0.2531833171875 0.61812196875
0 0.1615984140625 0.509375 0.162459084375 0.5161276921875 0.16449111562500002 0.523939853125 0.17980156249999998 0.522100415625 0.18244053437500002 0.5102819421875 0.1823249390625 0.509375 0.1615984140625 0.509375
0 0.1331275015625 0.5543149281249999 0.12692348281250002 0.5544242734375 0.1163478640625 0.56088904375 0.1118764671875 0.5664614343750001 0.1130741 0.5758578953125 0.116375715625 0.5773693 0.13281996875 0.5762946765625 0.14082856562499999 0.5659511609375001 0.1371277390625 0.561307603125 0.1331275015625 0.5543149281249999
0 0.109021640625 0.6253715578125 0.1164232953125 0.6346586750000001 0.135334765625 0.6366797578125001 0.144377365625 0.6263180187499999 0.1469803625 0.6223481546875 0.1454833203125 0.6106025781250001 0.1420819015625 0.6083081328125 0.11829982187500002 0.6087272859375 0.10782400624999999 0.6159750953125 0.109021640625 0.6253715578125
1 0.46875 0.9506285609375 0.4609762359375 0.9393658281249999 0.45274018125 0.9316630109374999 0.4379008984375 0.9209373843750001 0.43069885 0.91321634375 0.4339366359375 0.9060961015625001 0.4399770296875 0.8965720718749999 0.4271059484375 0.885026959375 0.42877474375 0.8818583578125001 0.45008960625 0.8783435 0.4476583640625 0.8673991859375001 0.4359210921875 0.8566188875 0.4144066234375 0.8585676687499999 0.40309641249999995 0.867399778125 0.3877581109375 0.8527589609374999 0.3738170515625 0.8490806796874999 0.3626785953125 0.8429986109375001 0.36044695781249997 0.8336203734375001 0.36314975625 0.8304335484375001 0.37072316562499996 0.8248064875000001 0.3729269515625 0.81770446875 0.37016032499999996 0.8122596468750001 0.34951622968749996 0.80477551875 0.33126740312499997 0.8160843124999999 0.3291993953125 0.8161207609375 0.29614725937499997 0.8088553203125001 0.2740699484375 0.7982572609374999 0.2562284578125 0.7883693453125 0.247493390625 0.7767513359375 0.220309890625 0.7748760453125 0.2099060296875 0.7664266375000001 0.20053616875000002 0.7579590062499999 0.183864459375 0.7409872953125 0.1732609921875 0.7309718125 0.1626575234375 0.720956328125 0.14294762968750002 0.7126709359375 0.1287071609375 0.706643540625 0.11009509843750001 0.706971571875 0.081442409375 0.709830959375 0.0477195046875 0.7135645046875 0.029706257812499998 0.7185907671875 0.0049899765625 0.7198111812500001 0.0052615328125 0.705680040625 0 0.6985260109375 0 1 0.46875 1 0.46875 0.9677652968749999 0.4673717375 0.965151425 0.46875 0.9611133265625 0.46875 0.9506285609375
0 0.1976302875 0.67011290625 0.1858570359375 0.6671812171875 0.17754903125 0.6751756171875 0.17254264375 0.6846814234374999 0.1790460734375 0.68692119375 0.19328654218750002 0.692948590625 0.20716377343749998 0.6879952250000001 0.20546712656250002 0.6746835703125 0.1976302875 0.67011290625
0 0.942771028125 0.5698491234375 0.957682265625 0.56487753125 0.9510152062499999 0.553223075 0.9487475921874999 0.551693446875 0.9363395515625001 0.551912134375 0.9295645656249999 0.563803503125 0.942771028125 0.5698491234375
0 0.8706460921874999 0.6056513906250001 0.8607052671875 0.6089657828125 0.8582658999999999 0.622350334375 0.8675359578125 0.630034925 0.8799440000000001 0.6298162375 0.8915536187499999 0.6233332421875 0.8842517671875001 0.6148291640625001 0.8815849421875 0.6101673796875 0.8706460921874999 0.6056513906250001
0 0.9338073390625 0.743447340625 0.9235671078125 0.7444126203125 0.9145883359375 0.76340600625 0.9215907796875001 0.7695609703125 0.9445384609375 0.7707261187500001 0.95224765 0.7580334875 0.9475128187500002 0.753408153125 0.9413447734375 0.7456688875 0.9338073390625 0.743447340625
0 0.7472167093750001 0.5560301609375 0.74841434375 0.565426621875 0.753149175 0.5700519578125001 0.7657568218749999 0.571399346875 0.7774662453125 0.5656993906250001 0.7736017890625 0.551641146875 0.7605949296875 0.547161603125 0.7504545 0.5489099203125 0.7472167093750001 0.5560301609375
0 0.6941633953125 0.5138013499999999 0.6853563796875 0.5178805578125 0.6857196140624999 0.5288613203125 0.6923228453125001 0.5318841296875 0.7056650890625 0.5308641796875 0.7091024828125001 0.525310015625 0.7049026406250001 0.5167512640624999 0.6993334125 0.5137102296875 0.6941633953125 0.5138013499999999
1 0.46875 0.509375 0.46875 1 0.8453087937499999 1 0.8504708265625001 0.9921273156249999 0.863449834375 0.980126603125 0.8779978343749999 0.9641742515625001 0.8776346 0.9531934875000001 0.8810081671875001 0.9390076765625001 0.8817149109375 0.92016008125 0.8879549078124999 0.9122021281249999 0.9002352953125001 0.894720146875 0.9157453484375001 0.8944467875000001 0.9539036765625 0.8929894624999999 0.9639802781250001 0.8826094984375 0.93693255625 0.8736686359375 0.9192546937500001 0.8731954046875 0.9043434578125 0.8781669953125 0.9038444437500001 0.8742518031250001 0.9148552468750001 0.8630705765625001 0.918628025 0.8520169187500001 0.9041241249999998 0.8357918 0.9018924890625 0.8264135625 0.9033338265624999 0.8051986281250001 0.9095099968749999 0.788609028125 0.9023439234375001 0.7730393796875 0.8970102765625001 0.7637158140625 0.8854447546875001 0.7380213359375001 0.8772446781250001 0.7224699109375 0.87874984375 0.7098866234375001 0.8658427875000001 0.70619011875 0.8579780953125 0.6851392015625001 0.8825307484374999 0.6745041015625001 0.8872377281249999 0.66264918125 0.93551675625 0.6186344187499999 0.876833865625 0.6541997734375 0.8404360109375 0.6776004 0.8328985796874999 0.675378853125 0.8490794000000002 0.6641065078125 0.85068436875 0.6523062578125 0.827664734375 0.6668383265625 0.8262036687500001 0.647244140625 0.8179037890625 0.6309096765625 0.8247507265625 0.6033210921875 0.8054400421875 0.598167853125 0.7816579625 0.5985870046875 0.7655769453125 0.610642390625 0.75744069375 0.6037226109375 0.744370009375 0.590611421875 0.72299944375 0.5611657671875 0.739180265625 0.549893421875 0.744258603125 0.5246903984375 0.7617728359375 0.5157489453124999 0.7596906499999999 0.509375 0.7218048749999999 0.509375 0.709130334375 0.541790271875 0.69272205625 0.5350162843749999 0.6295561640624999 0.5110160453125 0.6134622328125 0.509375 0.5835823687499999 0.509375 0.5809579984375001 0.511872571875 0.569348378125 0.5183555671875 0.5690513078125 0.509375 0.46875 0.509375