0 0.365239640625 0.055367753124999995 0.3514528765625 0.0562512484375 0.35013421093749997 0.0648885796875 0.34531031093750003 0.070085040625 0.3432437625 0.0751048 0.34312960625 0.0775557796875 0.34726857031249997 0.0870652046875 0.352612040625 0.09038827656250001 0.35720762968750003 0.090093778125 0.3646176484375 0.0883970875 0.3676033140625 0.0833184296875 0.3713309953125 0.0623083953125 0.365239640625 0.055367753124999995
1 0 0.55 0.3890625 0.55 0.3890625 0.144104940625 0.3886464671875 0.14306154531249998 0.3620491328125 0.143544146875 0.35434785625 0.1318193453125 0.343261365625 0.13375163125 0.32459362187499996 0.141057075 0.309887740625 0.1419994703125 0.2955814046875 0.1343634359375 0.2851857203125 0.141138784375 0.26686044531249997 0.14109128906249999 0.23842487656250003 0.14169168906250001 0.23670079687499998 0.1393585109375 0.2253801265625 0.1266438140625 0.2149844421875 0.13341916250000002 0.21406532500000003 0.1334780625 0.197464128125 0.13576374687499998 0.17908764375 0.156490684375 0.17564535312500001 0.171373265625 0.1635826671875 0.17458994375 0.157776703125 0.1615218515625 0.1397997640625 0.1736703546875 0.14410409531249999 0.159954365625 0.134735815625 0.1446708890625 0.11732965937499999 0.14456449531249999 0.1083726625 0.15980047343749998 0.11090757031250001 0.184074678125 0.10125976875 0.1944675984375 0.0923539828125 0.1889291453125 0.072767121875 0.19629349062499998 0.0604819921875 0.22396107031249998 0.0578446625 0.24123573281250002 0.05704556875 0.25839259531250003 0.060670829687500004 0.27893143125000003 0.0518279890625 0.2917164296875 0.0454571109375 0.31045218281250003 0.031219589062500004 0.34068854375 0.019162771875 0.36345416406250003 0.0036577953125 0.38155342187499997 0 0.3926728140625 0 0.55
0 0.1260290046875 0.036485759374999996 0.12067966562500002 0.013613740625 0.11631238906250001 0.009006281250000001 0.1034447421875 0.0098308765625 0.1006303109375 0.0112330671875 0.09397404375 0.03609626875 0.0943794578125 0.04706678125 0.0993804609375 0.0577427953125 0.10765251875 0.057212696875 0.12212422187500001 0.041623317187499995 0.1260290046875 0.036485759374999996
0 0.034528521875 0.0728951859375 0.0353334828125 0.07528726718749999 0.0503306234375 0.0877663640625 0.0559024078125 0.0861874765625 0.06324948124999999 0.066167334375 0.056638556250000006 0.050707159375 0.0473903015625 0.0525216484375 0.041647282812500006 0.05777700625 0.034528521875 0.0728951859375
0 0.4080006671875 0.0680748671875 0.39755331875 0.074975709375 0.39906730156250003 0.075917246875 0.4027309703125 0.08087525625 0.40571042031250004 0.083799996875 0.41162080625 0.0906911453125 0.41621127343750003 0.092474090625 0.42197112187499997 0.0858736359375 0.4237276875 0.081606840625 0.42089378593750004 0.0755570984375 0.418695584375 0.07258229375 0.4080006671875 0.0680748671875
0 0.45626178125 0.45340269375000003 0.45147724843750003 0.4557864171875 0.4469402859375 0.46957840624999997 0.445916453125 0.47483680625 0.4462125390625 0.48520340624999997 0.45158425625 0.4869362875 0.45851847343749996 0.4885690375 0.47184325312500003 0.47005966875 0.47457513437500004 0.4615761390625 0.46485553125 0.45285198125 0.45626178125 0.45340269375000003
0 0.47804972343749996 0.48731741875 0.48595925624999997 0.4847334375 0.4885455890625 0.479374909375 0.48820098593749994 0.4700499734375 0.4781902859375 0.46757581562499995 0.4695965359375 0.468126528125 0.46217715468750004 0.47691044531250004 0.4682330890625 0.48067659375 0.47804972343749996 0.48731741875
0 0.39445824375 0.1748755796875 0.40110136250000006 0.1827583296875 0.4175561296875 0.180665303125 0.41808980937499995 0.16920696875000002 0.41540145781250004 0.160032228125 0.40773450625 0.1574078765625 0.40294997343750005 0.15979159999999998 0.3965059078125 0.1643587828125 0.39445824375 0.1748755796875
0 0.3890625 0.19495395 0.3966614328125 0.1944669875 0.398320965625 0.1922835234375 0.406914715625 0.1917328109375 0.41482424843750004 0.18914883124999998 0.41570253125 0.1870154328125 0.4131112109375 0.1757573578125 0.4048570765625 0.1690164046875 0.39636035937499997 0.1674837828125 0.39308980937500004 0.17080904218749998 0.3890625 0.1702954609375 0.3890625 0.19495395
1 1 0.55 1 0 0.6174544796875 0 0.61472585625 0.011207896875 0.6098928062500001 0.014633284375 0.6062291390625 0.0096752765625 0.5967135765625 0.0300176546875 0.6079471625 0.03968335 0.6025804328125 0.054567071875 0.5848057484375 0.0515518953125 0.5726503515625 0.0616778671875 0.566739965625 0.05478671875 0.553614240625 0.085746021875 0.5275568546875 0.143497965625 0.522529740625 0.151090021875 0.5146687234375 0.1526323359375 0.502314271875 0.1503083734375 0.4909886421875 0.15934261249999998 0.49466228437500004 0.19753382656250001 0.470594071875 0.21257743593749998 0.47045350937499997 0.2323190375 0.481784128125 0.23990139843749997 0.481395996875 0.2482347328125 0.4943376328125 0.254675296875 0.4963417671875 0.2618167703125 0.4893155046875 0.27888395625 0.4965022796875 0.30854157656250003 0.4903543 0.32347536250000003 0.47648586562500006 0.3202098625 0.472045934375 0.33191851875 0.48977709062499997 0.35259196406250004 0.47166279062500005 0.3568684546875 0.46883886406249997 0.3840519171875 0.4844203359375 0.400708890625 0.4881375078125 0.42124183593750003 0.48750679375 0.43478350312499997 0.4944509859375 0.46964945625 0.49787705937500004 0.4964324015625 0.50862548125 0.5165147625000001 0.50941171875 0.5330813 0.5156595953125 0.55 1 0.55
1 0 1 0.3890625 1 0.3890625 0.55 0 0.55 0 1
0 0.5884979828125 0.6047665328125 0.5932389875 0.6200410796875 0.604618121875 0.6265817734375 0.6158467203125 0.6196308671875 0.618282515625 0.6007807374999999 0.6094897125000001 0.5888815140625 0.5984551796875 0.5916657562500001 0.5913754140625 0.5931580046875 0.5884979828125 0.6047665328125
0 0.5685985515625 0.68081789375 0.5751881671875 0.6731257078125 0.574304896875 0.6586425046875 0.5619989625 0.6552768734375001 0.554628096875 0.6630191234375 0.5549241828125 0.6733857249999999 0.5623485515625 0.6812184109375 0.5685985515625 0.68081789375
0 0.42185051093750003 0.7878463484375 0.41466872343750005 0.7748053296874999 0.40055770781250005 0.7767481609375 0.39621480937500003 0.7863734859375 0.401052846875 0.7995647 0.416532296875 0.8016884031250001 0.42185051093750003 0.7878463484375
1 0.653422690625 0.55 0.6517642703125001 0.55086148125 0.6430349468750001 0.587770396875 0.6541715 0.599519425 0.65300211875 0.607902821875 0.6430449218750001 0.6210036 0.6204906921875001 0.6369887484375 0.6029635765625001 0.6453818390625 0.5978344421875 0.6384406265625 0.5835243718750001 0.627933521875 0.571412503125 0.6204012265625 0.5573450156249999 0.6046857890624999 0.5414774343750001 0.61089541875 0.52746345 0.61075491875 0.49034659375 0.5882080921874999 0.5357225734375 0.6341124734375 0.551886240625 0.6382694484375 0.57474154375 0.6492675046875 0.58646528125 0.665133134375 0.579239965625 0.669750384375 0.5719126296875 0.6598343640625 0.555554896875 0.659844059375 0.5508238671875001 0.677802715625 0.57099081875 0.67962603125 0.560499940625 0.7041851421875001 0.5496209328124999 0.7370775859375 0.5486020890625001 0.7589525859374999 0.54445325625 0.76441124375 0.53898949375 0.7813782984375 0.5510043296875 0.7909939296875 0.545977215625 0.7985859843750001 0.5206326125 0.790863121875 0.49396809218750004 0.77803205625 0.4862476375 0.7598327687499999 0.47061765 0.7442174609375 0.4423856421875 0.7148699234375 0.4586078015625 0.7512184328125 0.42935695 0.74374589375 0.4611506046875 0.7635181734375001 0.4660371578125 0.7756677203125 0.4784886421875 0.7759083515625 0.50828315 0.8051557609375 0.5199098546875 0.8231047234375 0.5075068875 0.8218224281250001 0.49144025156249993 0.8155821203125001 0.48861133749999996 0.8261489828125 0.48226430468750003 0.8286328328125 0.48212374375 0.8483744359375001 0.504197796875 0.8594225578125 0.5074248171875 0.873755565625 0.5107488703125 0.8860052421875 0.5281789515625 0.8796954843750001 0.526718471875 0.8943288812500001 0.5203714390625 0.8968127328125 0.521400259375 0.9081709374999999 0.5187218812500001 0.9322294 0.5094439140625 0.9307468453125001 0.495871565625 0.9378479453124999 0.5050089718749999 0.959072103125 0.49612412343750006 0.9658728156249999 0.5020394953125 0.9893805656249999 0.51561683125 0.9988960671874999 0.51486171875 1 1 1 1 0.55 0.6883336734375 0.55 0.6732511390625 0.557793 0.670424446875 0.55 0.653422690625 0.55