0 0.0904570171875 0.35550222656249997 0.0835745171875 0.3498547984375 0.0718510046875 0.3491053515625 0.0601578140625 0.3473163515625 0.046119921875 0.3453774640625 0.0448228828125 0.362999884375 0.04851846875 0.3705265640625 0.0538378328125 0.3760740640625 0.0600903734375 0.37647377031249996 0.07115360625 0.37301504531249996 0.08393158125 0.3644584890625 0.0904570171875 0.35550222656249997
0 0.2969021953125 0.28433889687499997 0.2927214625 0.2934450484375 0.2940117015625 0.3029009421875 0.3048020375 0.3087981859375 0.312829965625 0.302020953125 0.31304221718749997 0.2947440890625 0.309376953125 0.2861778578125 0.303966625 0.28374901406249997 0.2969021953125 0.28433889687499997
0 0.36345045468750004 0.0698801453125 0.3547925703125 0.07140965625 0.345292471875 0.07496830625 0.34195395 0.0820453171875 0.34165073281249997 0.0924408375 0.345255353125 0.103086171875 0.35631858437499997 0.0996274484375 0.361129278125 0.09576901875 0.3635952671875 0.0917607 0.363959128125 0.0792860765625 0.36345045468750004 0.0698801453125
0 0.4445300796875 0.4296875 0.444075796875 0.41976756875000004 0.44113145625000005 0.4133304046875 0.42537881874999994 0.4164893515625 0.4195743078125 0.42757467812499994 0.42119131249999997 0.4296875 0.4445300796875 0.4296875
1 0.56875 0.4296875 0.56875 0 0.43613490781250003 0 0.43605886250000003 0.023488746875 0.42369859375 0.044569890625000004 0.40908458750000004 0.062382489062500004 0.40619409375000004 0.080944534375 0.39314322343749997 0.09885706093749999 0.392415503125 0.12380630781249999 0.3946927640625 0.1531136140625 0.40635563281250003 0.15594216562500002 0.4110450375 0.1562419453125 0.410468925 0.1759934296875 0.4106743796875 0.19579488125 0.3933889296875 0.1978143484375 0.3882750203125 0.212068296875 0.38454231562499996 0.232659484375 0.356042025 0.243335434375 0.367219746875 0.26279681718750003 0.383511378125 0.26800425 0.38687342343750003 0.2869660015625 0.3524170125 0.3139250421875 0.3368091875 0.33896454062500003 0.322286146875 0.353658484375 0.3213461734375 0.38588459375 0.34329750312499996 0.35812614531250003 0.3570389765625 0.3433822390625 0.3782390625 0.314534271875 0.39964460156250003 0.30548775781250004 0.41626977187499997 0.2992601203125 0.4211343109375 0.3204009 0.4277067953125 0.36352216249999997 0.43858129999999995 0.39337906562499997 0.4496680546875 0.41595910312499995 0.4532423546875 0.427643990625 0.4502833671875 0.4296875 0.56875 0.4296875
0 0.80816135625 0.347620228125 0.8127597968749999 0.35103866250000004 0.8196119749999999 0.3577256421875 0.8323899499999999 0.34916908593749996 0.8289672609375 0.3322864390625 0.8204913046875 0.32757863593750003 0.8079255812499999 0.3288583296875 0.8053383046875 0.33702485625 0.80816135625 0.347620228125
0 0.899426490625 0.2253512078125 0.9039642859375 0.2308487484375 0.9125615296875 0.23139834218750002 0.9174631859375 0.22442125625 0.9164155203125001 0.206648946875 0.9078182781249999 0.20609935468749999 0.901414128125 0.21089740781250002 0.8996387421875 0.218074346875 0.899426490625 0.2253512078125
0 0.0759660453125 0.847802009375 0.071967240625 0.85067085 0.0763231078125 0.8624057 0.08897979687499999 0.8580073500000001 0.0986011796875 0.8502904921875001 0.098904396875 0.8398949734375 0.09033747656249999 0.8383058265625 0.0808070578125 0.8429040265625 0.0759660453125 0.847802009375
0 0.06114345156249999 0.738539453125 0.0584348875 0.7508641875000001 0.075356478125 0.76131934375 0.084044684375 0.7587502828125 0.08537204375 0.740088309375 0.0839908375 0.733751071875 0.0707345125 0.7318621484375 0.06114345156249999 0.738539453125
0 0.07710154375 0.755181959375 0.07830081718750001 0.7677565078125 0.0954043375 0.771974353125 0.1011178828125 0.7640076796875 0.1007608203125 0.7494039890625 0.09847676093749999 0.7471749953125 0.0828454109375 0.7461757328124999 0.07710154375 0.755181959375
0 0.14769931875 0.4555798734375 0.146493246875 0.47008363906249995 0.1533151015625 0.47781017031250006 0.1681345640625 0.479799021875 0.175623496875 0.464655409375 0.171176665625 0.45603921718749996 0.1689835703125 0.45069156875000005 0.1636642078125 0.445144065625 0.1542853984375 0.44454450625 0.14769931875 0.4555798734375
0 0.1752596359375 0.477130034375 0.17838590625 0.4773298875 0.1886675703125 0.47382120156249996 0.18846211562499998 0.45401974999999994 0.1838030328125 0.45268041718749996 0.1703647765625 0.45702880468749996 0.1684681015625 0.46836395 0.1752596359375 0.477130034375
1 0.56875 1 0.56875 0.4296875 0.2045786953125 0.4296875 0.20316708593750002 0.43308849374999997 0.19862249375000002 0.45466927031250004 0.196058740625 0.48887455781250005 0.19722769375 0.5024886609375 0.1772640015625 0.515793309375 0.1702298953125 0.5153436421875 0.172119771875 0.531086809375 0.1633944453125 0.5617737375 0.1693134453125 0.5736085140625 0.18253945 0.5765369921875 0.1654897765625 0.5973183578125 0.1737838015625 0.6082634703125 0.18481671093750002 0.6058442984375001 0.18745783437500002 0.6226769828125 0.1725406109375 0.6508851015625 0.186844603125 0.6705463359375 0.1786044234375 0.68460043125 0.1657119578125 0.6702368828124999 0.161440259375 0.6824616906250001 0.161979253125 0.6908280703124999 0.1734905140625 0.6988543796875 0.1509698671875 0.7192860031249999 0.160045459375 0.7302810796875 0.1757071328125 0.730240790625 0.180996175 0.7368278453125 0.17314338125 0.7644460796875 0.1790017390625 0.7783599609375 0.1871206296875 0.768464071875 0.19643879687500002 0.7711427343749999 0.20298775781249997 0.788225234375 0.2123362453125 0.78986434375 0.21990254999999997 0.8257587046874999 0.2284088265625 0.8294269546875 0.23985264687500002 0.8666106843750001 0.25716841874999996 0.8635516640625 0.26903674375 0.8861816656249999 0.264044121875 0.89627740625 0.26665492031250004 0.9141496421875001 0.2793419328125 0.9087117421875 0.2797293171875 0.9222758796875 0.268211259375 0.9413278843749999 0.2694711765625 0.9518233281249999 0.28495091875 0.9580203515625 0.29454198125 0.9513430453125 0.304853965625 0.9467948078124999 0.30825313125 0.9376386906249999 0.31477177031250003 0.9557607421875 0.31284477499999996 0.968135440625 0.311669025 0.9815996531250001 0.327809046875 0.992004846875 0.3333218890625 1 0.56875 1
0 0.83278599375 0.6427287625 0.8287265484375 0.6476767078125001 0.8245458156249998 0.656782859375 0.8305861046875 0.6644594265625 0.8368386437499999 0.66485913125 0.8454358859375001 0.6654087265624999 0.8448665703125 0.6580819 0.8464903484375 0.6561027218750001 0.8452304312500001 0.6456072765625 0.843007015625 0.6412991796874999 0.83278599375 0.6427287625
0 0.76264044375 0.577838140625 0.7543699421875 0.5929317875 0.7722550312500001 0.597199596875 0.7779988984375 0.5881933703125 0.780677140625 0.5769081890625001 0.779356578125 0.568491846875 0.7738552859375 0.56918165625 0.76264044375 0.577838140625
0 0.7733230875 0.5337369640625 0.7731411578125 0.539974275 0.778399878125 0.54760088125 0.778460521875 0.5455217765625 0.7947218312500001 0.5517687640625 0.8050338171875 0.5472205234375 0.810147725 0.532966575 0.804077115625 0.5263295593749999 0.786852309375 0.5262699203125 0.7733230875 0.5337369640625
0 0.8509105234375 0.53140645 0.8458034125000001 0.518582084375 0.8342618296875 0.511595325 0.826985146875 0.5194620734375001 0.8242462625 0.532826359375 0.8247852578125 0.5411927375000001 0.831637434375 0.54787971875 0.8401437109375 0.55154796875 0.8471778203125 0.5519976375 0.8520794765625 0.545020553125 0.8509105234375 0.53140645