0 0.07759239999999999 0.5553585015625 0.08572410625 0.5493138484375 0.0866218296875 0.5423382250000001 0.082352421875 0.53469761875 0.0689178859375 0.5329686687499999 0.061620112500000004 0.5406964578125 0.063224184375 0.5527214875 0.0690257515625 0.5566197421875 0.07759239999999999 0.5553585015625
1 0.1890625 0 0 0 0 0.37378303125 0.001995715625 0.375441859375 0.0243680578125 0.3893517421875 0.0447732921875 0.4022205625 0.069575515625 0.4054124671875 0.0728114953125 0.41292007656249996 0.0891468171875 0.4165981546875 0.09747801874999999 0.4090033625 0.1062441609375 0.4061919828125 0.11474702031249999 0.413589503125 0.1068148078125 0.41808401718750005 0.089254684375 0.440249228125 0.074395853125 0.465913703125 0.08713215937499999 0.47306813906249995 0.1134584265625 0.44809155 0.125787628125 0.43392011875 0.127726896875 0.451503634375 0.1084629546875 0.4624188828125 0.1119343859375 0.47626004375 0.1375345859375 0.47325139375 0.1538699078125 0.47692946875000003 0.1663986046875 0.46120790156249997 0.1759986796875 0.46007965781250004 0.1890625 0.4573599625 0.1890625 0.45512029062500003 0.1784563984375 0.43281922812499996 0.1890625 0.4347657765625 0.1890625 0
0 0.2301623859375 0.205844525 0.24329768281250003 0.209898684375 0.2513296390625 0.20462909843750002 0.2592258953125 0.19225089374999998 0.24885567968749997 0.1830372421875 0.2312874390625 0.180776309375 0.227189690625 0.18812801562499998 0.225892978125 0.1982039203125 0.2301623859375 0.205844525
0 0.2652582234375 0 0.262696159375 0.0020241515625 0.2520626578125 0.0030193999999999998 0.24792895625 0.0024874156250000003 0.24726668125 0.015796593749999997 0.2627042796875 0.0264502953125 0.2714704234375 0.0236389171875 0.2738005609375 0.0136960078125 0.2752967671875 0.002069965625 0.2753501515625 0 0.2652582234375 0
0 0.39540268125 0.20347282187500002 0.39786851875 0.20063853593749997 0.399065484375 0.19133770156250002 0.395630009375 0.18538023125 0.3788957 0.1848024328125 0.372531603125 0.1934382859375 0.3808349671875 0.202385946875 0.387769709375 0.2056421265625 0.39540268125 0.20347282187500002
0 0.4131096718749999 0 0.4024360015625 0.0018860296875 0.3986374953125 0.006912528125 0.3971053328125 0.010654878125 0.40187347500000004 0.0144201375 0.4046745125 0.017144334375 0.403042603125 0.0216617546875 0.41957741875 0.02378969375 0.4290417921875 0.0155528265625 0.4318068734375 0.0103933328125 0.42867064062499993 0.002110653125 0.4174306546875 0 0.4131096718749999 0
0 0.6207185515625 0.4199914140625 0.6373809515625 0.4048018296875 0.6393120999999999 0.39795919999999996 0.62430944375 0.3920889125 0.6089797124999999 0.405086284375 0.609550359375 0.41697831875 0.6207185515625 0.4199914140625
0 0.73393263125 0.4463800203125 0.7370607453125 0.43023655625 0.73412400625 0.42040373750000004 0.7210884578125001 0.41557451093750003 0.7091222875 0.41876197187499997 0.7079253234375 0.4280628046875 0.7059303828125 0.44356419531249996 0.71153245625 0.4490125890625 0.7215674765625 0.45266775781249996 0.73393263125 0.4463800203125
0 0.70461743125 0.40478781406250003 0.6995860046875 0.4112314546875 0.7006553875 0.41924814218749995 0.7087233000000001 0.42186225000000005 0.7230555625 0.416615571875 0.723753790625 0.4111900859375 0.7180519703125 0.4065167625 0.70461743125 0.40478781406250003
1 1 0 0.49874799999999997 0 0.500176528125 0.0097372421875 0.506213546875 0.0199690484375 0.50654874375 0.025527532812499996 0.5040550671874999 0.04490426875 0.49532487812500003 0.055599339062499996 0.49633046875 0.0722747875 0.49533299843749995 0.08002548125 0.5025031890625 0.089615215625 0.5070718375000001 0.0949306125 0.49597555781249997 0.1076848984375 0.47277740625 0.116518025 0.47594959375000007 0.1326843953125 0.49618317031250003 0.1305609015625 0.49871280156250003 0.11906785625 0.5110779593749999 0.1127801171875 0.51824815 0.12236985156249999 0.51418635625 0.13760524999999998 0.5287900234375 0.146575815625 0.5266593796875 0.154968584375 0.5431304031249999 0.16575528125 0.5520960421875 0.16139376249999998 0.5720663328125 0.169479171875 0.5719387499999999 0.1867966921875 0.5557391296875 0.19022723749999998 0.5519765781249999 0.20313742812500002 0.5660455531249999 0.2080996515625 0.60061139375 0.20072948125 0.58967865 0.2040499375 0.5938842656250001 0.22034930468749997 0.6174176140625 0.21707466250000002 0.6302896234375 0.23133771875 0.6233630031249999 0.25250768125 0.641765178125 0.2564517484375 0.686609603125 0.28349644375 0.7063804 0.2931319921875 0.7131156468750001 0.2979383109375 0.71815519375 0.31592081250000004 0.706125234375 0.327767034375 0.7225603046875 0.330670040625 0.749964071875 0.33813628125 0.7540699390625 0.35521071718749997 0.7726716062500001 0.357604646875 0.7857349921875 0.3458914203125 0.8066389624999999 0.3548848953125 0.8160673812500001 0.3387643375 0.8337713250000001 0.3481338921875 0.868436909375 0.3399886546875 0.879106365625 0.346877096875 0.8730415125000001 0.35318774375 0.8743463437500001 0.3675379828125 0.8938457359375 0.3629562859375 0.9029470749999999 0.3657033890625 0.9623870499999999 0.3772925078125 0.9938804453125 0.35298090000000004 1 0.354029053125 1 0
0 0.5441580421875 0.5495979421875 0.5557890140625 0.5408519984375 0.5645192015625 0.5301569296875 0.544050175 0.52594686875 0.5366167 0.5265660343749999 0.5298536140625 0.5383021671875 0.5297898249999999 0.5469609265625001 0.5441580421875 0.5495979421875
0 0.0647344953125 0.9588488375 0.052904028125 0.9691449203125 0.062376521875 0.985334196875 0.07787791250000001 0.9873291390624999 0.08420605 0.9708095937500001 0.0805351265625 0.9585185703124999 0.0647344953125 0.9588488375
1 0.1890625 1 0.1890625 0.56875 0.05567355 0.56875 0.0543062765625 0.5745842828125001 0.0460748234375 0.5814040046875 0.0432459515625 0.5952222593750001 0.035050453125 0.6099256734375 0.021452378124999998 0.6176305546874999 0.011525225 0.6376264593750001 0 0.6491521046875001 0 0.8168624437500001 0.0009845171875 0.8174883984375001 0 0.8198239140625001 0 0.85255505 0.0073288953125 0.8498211390625 0.010465128125 0.8581038187499999 0.0007015140625000001 0.8686658921875001 0.0284683125 0.8651481640625001 0.030706825 0.8804064703125001 0.0324466 0.8995401218750001 0.021150825 0.9138445484375 0.0345215703125 0.9242322578125 0.048989534375 0.926094203125 0.066557778125 0.9283551359375 0.079122428125 0.920517259375 0.09139595625 0.9394307312500001 0.1012674375 0.95251973125 0.0962719671875 0.9668470640625 0.08704304375000001 0.98141748125 0.073281428125 0.99855619375 0.07269031718749999 1 0.1890625 1
0 0.1890625 0.9426824140625 0.19775721875000002 0.9511386140625 0.202151003125 0.9554118625000001 0.2227772234375 0.9487968531250001 0.222105875 0.9348062234375 0.20312254687500003 0.9286553828125002 0.19814201874999998 0.9289413671875 0.1890625 0.9356905703124999 0.1890625 0.9426824140625
0 0.286246921875 0.8781744046875 0.288209115625 0.8821347234375001 0.30013236875000004 0.8855230765625001 0.31593770625 0.8875571328125 0.326879865625 0.8889653265625 0.33209509375 0.8868556515625 0.332564490625 0.883208265625 0.3291095046875 0.8716402421874999 0.32008723906250003 0.8649174359374999 0.3029487546875 0.8636387609374999 0.2938514421875 0.8671027296875 0.286246921875 0.8781744046875
0 0.3464690453125 0.9480302125 0.3519189734375 0.94409684375 0.356857203125 0.9345359312499999 0.3500318296875 0.9299497500000001 0.3326586484375 0.930494765625 0.32077769375000004 0.9363813437499999 0.32799741562499996 0.9475069156250001 0.3315274515625 0.9488881593749999 0.3464690453125 0.9480302125
0 0.3854290671875 0.6452971812499999 0.39809871874999997 0.6524893875 0.409627621875 0.649338346875 0.4190769875 0.6431388375 0.41746684218749996 0.63644298125 0.4067170828125001 0.6239361609375 0.38899185156250005 0.6272167171875 0.3834245734375 0.632061934375 0.3854290671875 0.6452971812499999
1 1 1 1 0.56875 0.5258423453125 0.56875 0.519649590625 0.5819260640625 0.5080456359375 0.59526388125 0.4865979734375 0.6082618156249999 0.47417257031250004 0.62798255625 0.4637844125 0.6414768390625001 0.46183177343750004 0.666253159375 0.45501595312499993 0.6904036171875 0.44918122656250004 0.7165342328125 0.44973522656250003 0.731436709375 0.45178201875 0.7539468874999999 0.44413519843750005 0.75574363125 0.42743336406250004 0.7702792781250001 0.438812171875 0.78750179375 0.42963980937499996 0.8011525421875 0.4489001359375 0.81475461875 0.46364933124999996 0.8249952953124999 0.4653768234375001 0.8307793046875 0.452087678125 0.8476080421875001 0.45930740156249994 0.8587336156250001 0.4364842875 0.8632119984375001 0.4293914671875 0.87991121875 0.457514409375 0.8918730203124999 0.47312734843750004 0.9050056999999999 0.47529149375 0.9266040328124999 0.5028276890625 0.9431250671875 0.5264394984375 0.9517254656249999 0.5663260421875 0.9587125359374999 0.5997065171875 0.9778395906250001 0.6192015421875 0.989617978125 0.6371001374999999 1 1 1