0 0.14989323125 0.065732290625 0.152327940625 0.07673628593750001 0.159269740625 0.080410221875 0.16607866093749998 0.0778100015625 0.171226203125 0.06402980312499999 0.16043591562499998 0.055977996875000005 0.14989323125 0.065732290625
0 0.2139400375 0.1362666484375 0.2205616125 0.14316565312500001 0.23542404375 0.1355805234375 0.237931375 0.125553346875 0.2342702328125 0.11167625156250001 0.2240659296875 0.112947684375 0.2169367828125 0.1187729734375 0.2119765875 0.123053946875 0.21258072656250002 0.12711939218749999 0.2139400375 0.1362666484375
0 0.3670895875 0.047827490625 0.3650898265625 0.045130371875000005 0.360939271875 0.038719778125 0.35537493750000004 0.03893530625 0.3484149828125 0.0405191640625 0.339080575 0.0584043515625 0.3504931546875 0.06526381406250001 0.363150325 0.06973858125 0.3696753328125 0.059847846875 0.3670895875 0.047827490625
0 0.1916398171875 0.23905954375 0.1802272359375 0.2322000828125 0.167702946875 0.23399947031249999 0.1668751515625 0.2499488328125 0.1713277765625 0.25839215000000004 0.1825893234375 0.2642352484375 0.196207165625 0.25903481093749997 0.1916398171875 0.23905954375
0 0.1466233671875 0.2965867609375 0.14364477656250002 0.308822646875 0.14283513750000001 0.31951421562500004 0.1508341796875 0.3303026828125 0.1519458890625 0.3216438359375 0.1607727265625 0.316482940625 0.1623556953125 0.3056153875 0.1620717796875 0.298324871875 0.1543566515625 0.29482691875 0.1466233671875 0.2965867609375
1 0.66875 0.409375 0.66875 0.1415639984375 0.65776951875 0.14244030000000002 0.6445082125 0.133900084375 0.6244561390625 0.12270229531250001 0.60238615 0.1140651828125 0.580974765625 0.0937201375 0.5618289015625 0.0886205171875 0.5485494375 0.0853380953125 0.534158265625 0.09071451875 0.5159367640625 0.0864552765625 0.502542578125 0.0716409078125 0.5007301640625 0.0594445671875 0.49451959062500006 0.0230315296875 0.4778265890625 0.0236781125 0.47530110312499996 0.038963081249999997 0.48154798750000005 0.064860534375 0.47013540625 0.058001071875 0.45159367968749997 0.0569669 0.442863409375 0.078917534375 0.43684597187499996 0.07608397812499999 0.425548115625 0.080756465625 0.414552328125 0.0874616734375 0.40080160468750003 0.0863879578125 0.392011078125 0.08103326718750001 0.3786953046875 0.08826643125 0.36215333906249997 0.089929375 0.350988359375 0.10087601718749999 0.34074774531249996 0.1126630359375 0.32480991718749996 0.118391425 0.3170766328125 0.1201512671875 0.3117962140625 0.1276573125 0.29553816093749996 0.13661077187499998 0.27937088593750004 0.1192752703125 0.2639769390625 0.10176378281250001 0.214496284375 0.06469027499999999 0.2589985875 0.11130255 0.2649615578125 0.1299094859375 0.2876175296875 0.1478698359375 0.2784523125 0.1615135953125 0.26226688125000003 0.14943588593749998 0.2716252359375 0.1693716078125 0.2562915453125 0.179165446875 0.253029040625 0.1841108125 0.23709121406250003 0.18983920468749999 0.2281678078125 0.1782103609375 0.21532329374999998 0.1832348140625 0.217534346875 0.21425361718749997 0.220724228125 0.23033942187499998 0.2290434953125 0.23790281875 0.22266952343750002 0.2488099171875 0.21367349375 0.25821224374999996 0.1941166265625 0.28262665625 0.17636638437500002 0.27615870937500003 0.159878884375 0.2620482734375 0.1442794375 0.259293803125 0.126698384375 0.2485844234375 0.1101382625 0.2555051609375 0.0954268671875 0.264106653125 0.1065192234375 0.2741911828125 0.12378005 0.288125634375 0.150508165625 0.2904490484375 0.17195586093749998 0.3002785078125 0.1691283046875 0.313530753125 0.1636605390625 0.33053602031249996 0.15679715156250001 0.3489096171875 0.15116019687499999 0.37015631718750003 0.1555401984375 0.39963080624999997 0.1507310375 0.40492814218750006 0.1500833078125 0.409375 0.66875 0.409375
0 1 0.36364110781250003 0.998084675 0.36289154375 0.9925021859375001 0.368364865625 0.990768184375 0.37821605625 0.993221046875 0.38396225781250004 1 0.3857146375 1 0.36364110781250003
0 1 0.33886839375 0.9969308640625 0.3389872734375 0.977464775 0.3371127234375 0.9654299 0.331445609375 0.9603186703125001 0.3347102203125 0.974014925 0.351557315625 0.9897835640625001 0.350070353125 1 0.3566496875 1 0.33886839375
0 0.2375125796875 0.5769822171875 0.2432279484375 0.5777830500000001 0.249565609375 0.5773915390625 0.2553172890625 0.5676767875 0.25071362812500003 0.5582171062500001 0.24175391249999997 0.5571038484375 0.23602038906249997 0.5615608062499999 0.23645533749999997 0.569867684375 0.2375125796875 0.5769822171875
0 0.250194478125 0.48478399375 0.2561937609375 0.49287534375000003 0.2547015703125 0.4774539328125 0.2578130390625 0.47149220312499995 0.25998198906250003 0.46994788906250007 0.2486057203125 0.45257284374999995 0.241833109375 0.444657478125 0.2396823140625 0.4409439984375 0.22368422968749999 0.41936706562500004 0.235289946875 0.4598060046875 0.232764459375 0.4750909765625 0.2378756890625 0.47182636093749997 0.23972441562500002 0.4735071171875 0.250194478125 0.48478399375
0 0.4498576734375 0.5318116328125 0.4432361 0.5249126296875 0.4387471625 0.5269848953125 0.43546650312499996 0.53718805625 0.4337325015625 0.5470392484375 0.44018488749999996 0.5581796828125001 0.4479181703125 0.5564198421875 0.4527454859375 0.5458647125 0.4498576734375 0.5318116328125
0 0.429001753125 0.5743841171875 0.43037921875 0.5782735796875 0.439755728125 0.592951509375 0.44716878906249996 0.5944167359375 0.45105358593749995 0.5882790234375 0.45065494843750004 0.5694565593750001 0.43771386718749994 0.557691275 0.41830224375 0.540043346875 0.42256752343750004 0.5579858890625 0.429001753125 0.5743841171875
0 0.5305132796875001 0.536573171875 0.5310992609375 0.5458964125 0.535080628125 0.5565484375 0.5396842875 0.56600811875 0.5480398656250001 0.5630559296875 0.5538097 0.548083384375 0.5542991140625 0.5406168859375 0.5461490375 0.5288120562499999 0.54043366875 0.5280112234375001 0.5305132796875001 0.536573171875
0 0.5580205125 0.58179930625 0.5739401859375 0.5813287078125 0.584331834375 0.5705580515625 0.586839165625 0.560530875 0.5805559703125 0.5451490078125 0.56988040625 0.5486291484375 0.5627694171875001 0.5491966453125 0.55858255 0.553301634375 0.5511150234375 0.5676097859375 0.5580205125 0.58179930625
0 0.3462432453125 0.6415509234375 0.341415928125 0.6521060515625 0.34494419062500004 0.659708990625 0.353130578125 0.6609982359375 0.3611659328125 0.6612711171875001 0.3647486609375 0.6531006796875 0.3626160203125 0.644129409375 0.3584654640625 0.6377188125 0.3510524046875 0.6362535859375 0.3462432453125 0.6415509234375
0 0.2739184875 0.7305101890625 0.26478958124999996 0.733638359375 0.261527078125 0.7385837265624999 0.2613397328125 0.7480829515625 0.2662454609375 0.7595753562500001 0.2711875 0.7605521734374999 0.286484878125 0.761273921875 0.2924057484375 0.7473177390625001 0.29042414375000003 0.7393628296875 0.2827271703125 0.730607084375 0.2739184875 0.7305101890625
0 0.2327926265625 0.824978396875 0.23897925468749998 0.8235705218749999 0.2464104703125 0.8197779562499999 0.240900603125 0.8042201062500001 0.233336509375 0.8017385171875 0.2248298953125 0.80367434375 0.22185130625 0.815910225 0.22630392968750002 0.8243535453125 0.2327926265625 0.824978396875
0 0.13855470625 0.9493956140625001 0.13331059843749998 0.946386071875 0.1280483328125 0.9486343234374999 0.12199458437499999 0.95631635 0.11997666874999999 0.9588770265625 0.119185184375 0.9643108046875 0.1268821578125 0.973066546875 0.1310508703125 0.9742193515625001 0.1394064484375 0.9712671624999999 0.143140209375 0.9641130859375 0.14838432031249998 0.967122628125 0.145025246875 0.95527825625 0.13855470625 0.9493956140625001
0 0.15176154687500001 0.9737092078125 0.1392191015625 0.980766384375 0.137956359375 0.988408871875 0.1489158359375 0.9922192453124999 0.15800843125 0.9996066593750002 0.1696083578125 0.996966896875 0.1788882984375 0.9948550874999998 0.175849453125 0.9797856453125 0.16845454843750002 0.9730626234375 0.160890453125 0.9705810359375 0.15176154687500001 0.9737092078125
0 0.1512605515625 0.8950183015625001 0.15761636875 0.8893689968749999 0.1567283171875 0.8780130328125001 0.14778675624999998 0.87164198125 0.141787475 0.8635506312499999 0.12682847656250001 0.8543460218749999 0.10507871093750001 0.8424838390625 0.11613475625 0.8630839546875 0.12536023125 0.8767455234374999 0.130755375 0.8807714265625 0.13352846406250002 0.883292559375 0.14152750625 0.894081025 0.1512605515625 0.8950183015625001
0 0 0.942556165625 0.002575990625 0.9435642828125002 0.015251314062499998 0.942781259375 0.0192689921875 0.9429177 0.02421103125 0.9438945171875 0.025606653125 0.9425261859375 0.0333762484375 0.9302507609374999 0.0298661421875 0.9173900249999999 0.0226041171875 0.9169411609375 0.0055908921875 0.9208128125 0 0.9238497999999999 0 0.942556165625
1 0.66875 1 0.66875 0.6109052328125 0.6678026296875 0.6104038390625 0.6505236453125 0.6017271828124999 0.6296437781249999 0.60647875625 0.617288678125 0.6040367109375 0.5995565921875 0.59231096875 0.5841081781249999 0.5905728609375 0.5838424203125 0.578024553125 0.557265340625 0.5767174984375 0.533896296875 0.5862384546875 0.512073909375 0.5954074421875 0.47031417500000006 0.6049105890625001 0.43674082812500004 0.615702978125 0.4071670015625 0.6318896015625001 0.3935310015625 0.642347834375 0.369521509375 0.6583189296875 0.3591117046875 0.6743473765625 0.3550577171875 0.6847265218749999 0.3457414640625 0.69735391875 0.33925276718749997 0.6967290687500001 0.33133213906250003 0.707988134375 0.334183640625 0.7325568 0.3225474015625 0.745712146875 0.30493003750000003 0.745518353125 0.2954627515625 0.7571293875 0.284599840625 0.7701087515625 0.2729817609375 0.77800630625 0.25647610468750004 0.7691536671874999 0.22712593593750002 0.7653254796875 0.171216840625 0.7549324453125 0.19866381875 0.7728532578125 0.22907122968750002 0.783795975 0.2562161375 0.7996840609375 0.2515216984375 0.81651334375 0.2434137234375 0.8372716328124999 0.236967128125 0.8692099015625001 0.2356317625 0.8978835562499998 0.2369366078125 0.9228041890625001 0.23441112187500002 0.938089159375 0.2253969390625 0.9527492796875 0.2107036984375 0.9560929781249999 0.20691546875000003 0.9790204328125001 0.20163504843750002 0.986526475 0.2062369140625 1 0.66875 1
0 0.32719973750000003 0.696319746875 0.3353679703125 0.7028667828125 0.3417237875 0.6972174765625001 0.341911134375 0.687718253125 0.33715643906250004 0.6772422125 0.33268565781250004 0.6740566859375 0.322916303125 0.683634996875 0.32719973750000003 0.696319746875
1 0.66875 0.409375 0.66875 1 1 1 1 0.45278606093749996 0.9895022421874999 0.45024859843750004 0.9660729421875001 0.4324642296875 0.9510957890625 0.4285174140625 0.93306163125 0.41475894843749994 0.92612809375 0.409375 0.66875 0.409375