0 0 0.0847095453125 0.0037418859375000003 0.09065347812499999 0.0121879875 0.09766435 0.02084020625 0.0983834828125 0.022469978125 0.0881610921875 0.0145128109375 0.0780835015625 0.0029797109375 0.070439403125 0 0.0752151046875 0 0.0847095453125
0 0 0.18806323125 0.003248221875 0.188729528125 0.0058894234375 0.1871599703125 0.00894285625 0.17300693125 0.0048444312500000005 0.1637208734375 0 0.1636054921875 0 0.18806323125
0 0 0.4940892484375 0.0016378125 0.49876619062499994 0.0108988 0.5006658703125 0.01711593125 0.49666281874999996 0.0202460640625 0.49202654375000004 0.026180378124999997 0.484798471875 0.0216792984375 0.468040128125 0.0068530890625 0.46605454062499996 0 0.4709112859375 0 0.4940892484375
0 0.04060393125 0.47931177031249994 0.031223103125000002 0.4731648296875 0.0281361078125 0.47253160312500003 0.019886546875 0.4792847546875 0.0196372953125 0.4908459984375 0.031942140625 0.4986484046875 0.0367356125 0.49857600468749996 0.04060393125 0.47931177031249994
1 0.28382823125 0 0.272334440625 0.010623279687499999 0.2546609140625 0.0164989921875 0.25331395625 0.0299464078125 0.25290172499999997 0.0425298890625 0.24318536875 0.0584831921875 0.24156516875 0.048649814062500005 0.23234731874999998 0.041480635937499996 0.2242271703125 0.032425284375 0.20797730312499998 0.034370348437499997 0.20480403125 0.044276126562500004 0.212511946875 0.0659149578125 0.2096214921875 0.079045759375 0.1982513703125 0.0703794203125 0.192393759375 0.0871242578125 0.19539448125 0.0982964890625 0.1796239703125 0.117230603125 0.16329739999999998 0.1096589015625 0.14524520624999998 0.1429043625 0.1362670359375 0.1442297078125 0.12223656406250001 0.1772444625 0.1128125984375 0.1763670234375 0.10325921874999999 0.1912980875 0.093672275 0.1914428890625 0.08758455781249999 0.1796374328125 0.079291859375 0.1916600890625 0.0818372109375 0.22068530000000003 0.0754571046875 0.2257105875 0.060185100000000005 0.22152221875000003 0.0492943375 0.22984493125 0.067480784375 0.2557445328125 0.054763709375000004 0.2605256078125 0.052688140625000005 0.26854521249999996 0.054591156249999995 0.2816036140625 0.069829596875 0.2710057171875 0.07526540312499999 0.2869001296875 0.057668578125 0.30229260625 0.0669966953125 0.3337648171875 0.0613020609375 0.34948741562499996 0.050986506249999994 0.3442044078125 0.04086749375 0.3526854234375 0.053651696875 0.37747688125 0.0402060078125 0.37683015000000003 0.0322392640625 0.3868083265625 0.0350674328125 0.4190585609375 0.030307525000000002 0.4339172265625 0.0372532671875 0.4353419859375 0.0542653109375 0.45361099375 0.050603106249999995 0.46658348906249997 0.04676835 0.5006339890625 0.0471233859375 0.51875 0.3390625 0.51875 0.3390625 0 0.30084129375 0 0.2976056171875 0.00208336875 0.28744913125 0 0.28382823125 0
0 0.6244590765625 0.0949792078125 0.640136546875 0.09074329375 0.6373732406249999 0.07278895468749999 0.6292525296875 0.06491335468750001 0.6224627234375 0.0722143375 0.6191129359375 0.0814629234375 0.6224514578125 0.095809359375 0.6244590765625 0.0949792078125
0 0.59511745 0.1908015609375 0.5997079015625 0.1855333640625 0.6056405187499999 0.171846725 0.597378821875 0.158974346875 0.58734073125 0.1631250859375 0.580167446875 0.1728313375 0.580641159375 0.1816222609375 0.584938371875 0.189955525 0.59511745 0.1908015609375
0 0.6621189734375 0.29396684687499997 0.652656096875 0.2945096828125 0.6491145734374999 0.30496090468750003 0.650687965625 0.3127354390625 0.6560848546875 0.32005231093750003 0.6648315296874999 0.31812059531250003 0.66966446875 0.3054503484375 0.6671831359375 0.297489571875 0.6621189734375 0.29396684687499997
0 0.5811094328124999 0.5021452328125 0.5829253125 0.50251771875 0.5892808921875 0.5038214187500001 0.5966459140625 0.492912534375 0.59765535625 0.48069995 0.583652778125 0.480311575 0.57562230625 0.4836321671875 0.57155631875 0.491491878125 0.5811094328124999 0.5021452328125
0 0.60275900625 0.5016182828125 0.6083476328125 0.5077325218750001 0.6179515 0.5121864609375 0.623399140625 0.5133039187499999 0.62445933125 0.49489192187500003 0.6082179109375 0.4791407203125 0.6009036390625 0.483850190625 0.5974128671875001 0.4881019984375 0.5969786390625 0.4967066796875 0.60275900625 0.5016182828125
1 1 0.51875 1 0 0.8323867640625 0 0.8237377468750001 0.015386050000000002 0.8175118890625 0.0426741515625 0.822040325 0.067200384375 0.80865245 0.08059971406250001 0.786173909375 0.11573163125000001 0.7608305609375 0.1453080421875 0.7403088890625 0.1858092265625 0.7236727281249999 0.1960583125 0.7169224078124999 0.22075490156250002 0.703010065625 0.23156271875 0.70830545625 0.251278415625 0.698690328125 0.270419496875 0.6937051375 0.301687984375 0.6892049218749999 0.31815237500000004 0.677350953125 0.32193063125 0.67007616875 0.3440357078125 0.6810616859375 0.357466815625 0.67507831875 0.37735286874999996 0.6608840015624999 0.3781671265625 0.6530847546875 0.397680690625 0.6721909828125 0.41898739999999995 0.6653504265625 0.43248779375 0.6566432375 0.4518151171875 0.6481390515625 0.4463447828125 0.648522528125 0.44393951718749997 0.6188029937499999 0.43039145 0.6174495625 0.462404909375 0.6182560015625 0.47498998124999997 0.6338319703125 0.483152890625 0.6570549359375001 0.49040047500000006 0.6643601296874999 0.51875 1 0.51875
0 0.22855573749999997 0.5870663109375001 0.2318919875 0.5761382937499999 0.227956540625 0.5658299984374999 0.22811951718749998 0.5648077578125 0.22710809062499998 0.5561549265625 0.21284751562499998 0.5606193875 0.206663946875 0.5794087046875 0.2075555359375 0.5838142734375 0.2225015859375 0.5900471203125 0.22855573749999997 0.5870663109375001
0 0.2942502578125 0.5699275953125 0.3028689109375 0.5558604625 0.300194146875 0.54264375625 0.29654151562500003 0.53556048125 0.28837823125 0.53177463125 0.2814324890625 0.530349871875 0.27086768125 0.5366281078124999 0.2659447953125 0.5525090109375 0.2752824859375 0.563925453125 0.285598040625 0.5692084625 0.2942502578125 0.5699275953125
0 0 0.8240292312499999 0.0028648609375 0.8279132859375 0.0121258484375 0.8298129640624999 0.0205815234375 0.8167680703125001 0.01778691875 0.7993041015625 0.0066564781249999995 0.7991322875 0.00109125625 0.7990463796875 0 0.8017426875 0 0.8240292312499999
1 0.3390625 1 0.3390625 0.6909376015625 0.33208521874999997 0.707535984375 0.3141720125 0.704917171875 0.309301840625 0.6954728078125 0.294312653125 0.6945094609375 0.2863554828125 0.684431871875 0.270594546875 0.6833102171875 0.2534770796875 0.7156917468749999 0.235846690625 0.7162979609375 0.22114032031250003 0.7185596375000001 0.21836970625 0.7359377 0.21040296249999998 0.745915878125 0.209612065625 0.7858691046875 0.2001018234375 0.7955306671875 0.19530835 0.79560306875 0.1927007125 0.81195889375 0.167300121875 0.8363073078125 0.154899425 0.859099671875 0.1374320140625 0.8586836453125001 0.129216015625 0.880223065625 0.11104398281250001 0.9092212640625 0.10786113593749999 0.939182809375 0.092306315625 0.9317694156249999 0.078438821875 0.9637619296875 0.0893967125 0.98501175 0.087007109375 1 0.3390625 1
0 0.7827509781249999 0.5306752421875001 0.7790552109375 0.5288614703125 0.7712945828125 0.5325479078125 0.7690129 0.5468592531249999 0.7761983203125 0.5567785375 0.7879375328125 0.5581308953125 0.793263075 0.5497222765625 0.7914798968750001 0.540911140625 0.7827509781249999 0.5306752421875001
0 0.8083398781250001 0.51875 0.8099683109375 0.52992423125 0.8173598468750001 0.5335517734375 0.828653265625 0.5327013484374999 0.8316102624999999 0.51875 0.8083398781250001 0.51875
0 0.708231690625 0.56817283125 0.7132217031250001 0.581864459375 0.7246349609375 0.5852612953125 0.7321127734375 0.578349834375 0.732970796875 0.5679691390625 0.7334261671875 0.55011615625 0.7196545234375 0.5515139 0.7139263234375 0.5524502328125 0.7100244421874999 0.556928203125 0.708231690625 0.56817283125
0 0.48022072343750005 0.7335913203125 0.49212291406249997 0.733921440625 0.499361046875 0.7185154546875 0.4870993375 0.7054435453125001 0.4776753703125 0.7045661078125 0.46914299374999996 0.7080942375 0.46519797343749997 0.7178417078125 0.4702311234375 0.7262638328125 0.48022072343750005 0.7335913203125
0 0.46730710468750003 0.72460836875 0.458415209375 0.715394709375 0.448159734375 0.7060287546875 0.4186964890625 0.6945792890625 0.43749170781249996 0.7216594359374999 0.4543407734375 0.7409506859375 0.46896086718749996 0.7492280109375 0.4762325640625 0.7486082921875 0.475547090625 0.7379109828124999 0.46730710468750003 0.72460836875
0 0.48238729999999996 0.6200233749999999 0.48787581874999997 0.6105925171875 0.48779911875000004 0.6010757531250001 0.47809233593750006 0.5969732921875 0.4719183421875 0.5957068390625 0.4622882609375 0.6011211421875 0.4709740421875 0.6166265390625 0.48238729999999996 0.6200233749999999
0 0.5102757984374999 0.745034775 0.5006457171875 0.7504490781250001 0.49580910781250004 0.7557909781250001 0.5018968234375001 0.7675964343749999 0.5111578140625 0.7694961140625 0.51656005625 0.770604259375 0.5544188984374999 0.7730917765624999 0.5155917671875 0.756681925 0.5102757984374999 0.745034775
1 1 1 1 0.5531421203125 0.9797195390625 0.5499654015625 0.9589685906250001 0.5351521234375001 0.9450339703124999 0.5375721062500001 0.9276001218750001 0.5519423453125001 0.9109475984375 0.5464151234375 0.8975450468750001 0.5404988890625 0.891294353125 0.5297156734375 0.8712288781249999 0.5255997031249999 0.8613159796875 0.52778898125 0.8497397421875 0.5254143828125 0.8390119578124999 0.5327148562499999 0.8355894328125 0.554181875 0.8318505281250002 0.5576376046875 0.8224265609374999 0.5567601640625 0.8051988296874999 0.5648386640624999 0.7973614984374999 0.5590083375 0.78025360625 0.571334096875 0.76526441875 0.57037075 0.7552988078125 0.5978852984375 0.7485496078125 0.6102245640625 0.7161025828125 0.5887894250000001 0.7069949984375 0.605923275 0.6963534906250001 0.60268474375 0.6886695625 0.6158879453124999 0.7002026609375 0.62353204375 0.6837035390625 0.6370383515625 0.6646494921875 0.6415752140625 0.649617165625 0.64588136875 0.64352945 0.6340759125 0.62138840625 0.6379795484375 0.6381943343750001 0.6625403000000001 0.6226299390625 0.6751826734375 0.6079906968750001 0.7070168828125001 0.6072525125 0.721644840625 0.6013949000000001 0.7383896765625 0.5771974359375001 0.7102013859375 0.5611201203125 0.6910684437500001 0.546250771875 0.6943523593750001 0.5625677671875 0.721979825 0.590743815625 0.755206915625 0.5744939484375 0.7571519796875 0.5733099687500001 0.7695771546875 0.5631909546875 0.7780581718749999 0.5486475625 0.7792976109375 0.54063768125 0.794545290625 0.5474108703125 0.8170480546875 0.55317263125 0.8308979875 0.5604778921875 0.8450645343750001 0.558685140625 0.8563091625 0.5622514953125 0.873931440625 0.5537095437499999 0.8975153359375 0.5508286625000001 0.8905903703125 0.5411218796874999 0.8864879078125 0.5356333609374999 0.8959187640625 0.5410691671875 0.9118131765624999 0.5528850828125 0.9226823 0.5490263375 0.9218907671875 0.5384615296875 0.9281690000000001 0.5299291515625 0.9316971296875 0.5241146765625 0.9431724656250001 0.5236593093749999 0.9610254484375 0.5412896968750001 0.9604192359375 0.5398229015625 0.9696193874999999 0.5330305640625 0.9872281562499999 0.537802659375 1 1 1