0 0.49666248125 0.25598692343749996 0.508626871875 0.2572881984375 0.5245001031250001 0.25057086093750003 0.5219815875 0.2423979484375 0.51719918125 0.23949448593749997 0.5075581515625001 0.2392630390625 0.498112275 0.24613467656250002 0.49666248125 0.25598692343749996
0 0.182922525 0.5133774703125 0.1928349203125 0.5151365140624999 0.20179753125 0.5115489609375 0.2050279546875 0.499711346875 0.19648913750000002 0.4936755375 0.18930715468749998 0.49527772187499997 0.1817775890625 0.500927790625 0.180675378125 0.50673215625 0.182922525 0.5133774703125
0 0.34992806875000004 0.3006320640625 0.3513778609375 0.2907798171875 0.34783335000000004 0.2828357875 0.3320363359375 0.28397764375 0.32129309375 0.2895505640625 0.3167653078125 0.3000894640625 0.32092876718749996 0.3055132078125 0.333571575 0.310633484375 0.3449932328125 0.3088795625 0.34992806875000004 0.3006320640625
0 0.280881365625 0.3382692 0.2752681140625 0.3426977015625 0.28208577031250004 0.357058159375 0.2943215265625 0.35988703593750004 0.3021986734375 0.3501890859375 0.300434790625 0.340259690625 0.291005659375 0.3352165625 0.280881365625 0.3382692
0 0.458078184375 0.07481210625 0.4769699390625 0.061068835937499996 0.4681597578125 0.053505424999999995 0.45174379374999996 0.057167567187500004 0.434844565625 0.06411378749999999 0.4342850859375 0.0729733515625 0.458078184375 0.07481210625
0 0.40713683125 0.22037387968750002 0.4233576421875 0.2096086578125 0.425850178125 0.187612765625 0.42038935625 0.1808903046875 0.4073227515625 0.18539339375 0.40422801406250003 0.1979948046875 0.3999715953125 0.2100613046875 0.40713683125 0.22037387968750002
1 0 0 0 0.46207263593750003 0.0030236343749999997 0.46139811093749994 0.031208835937500002 0.4519341671875 0.031225582812500003 0.4400194046875 0.03041148125 0.43543660624999997 0.0499054375 0.43108781562500004 0.0692637109375 0.425975225 0.07532673437500001 0.4420921640625 0.0905048015625 0.44347059062499994 0.111567490625 0.4419481140625 0.12876406093749998 0.46669829687500003 0.14519676875 0.4511213953125 0.146451409375 0.43416606562500004 0.16424095156250001 0.42622715937500005 0.1988032703125 0.4526618 0.2270311953125 0.46145189843749995 0.24486345781250002 0.4717670375 0.276669384375 0.46467164062500005 0.24427800312499998 0.45045779374999995 0.2265814203125 0.44090645781250004 0.193299721875 0.4276852953125 0.179376296875 0.4093515421875 0.1693449640625 0.3949139359375 0.18891513437500002 0.3849896625 0.22962420625000002 0.36796743125 0.2563168890625 0.35010169062499996 0.2758275921875 0.3338381375 0.28643515 0.32750141718750003 0.3002991078125 0.33949589062499996 0.31600316093749997 0.3558442765625 0.32386356250000004 0.3580610875 0.3653959640625 0.38770522500000004 0.33859185625 0.338894071875 0.3239900140625 0.3167413203125 0.3058269140625 0.2985593015625 0.30208725 0.28351219375 0.31025250937500004 0.263427078125 0.3108119875 0.2545675140625 0.306241478125 0.24685237031249999 0.3251164875 0.2450238609375 0.3398112890625 0.2496863703125 0.3646471296875 0.23938147812500002 0.3748476390625 0.2307533578125 0.3740502859375 0.21425579843749998 0.36460440781250003 0.221127434375 0.3681824109375 0.2052419390625 0.387014696875 0.1851593859375 0.36486654218750003 0.18057146562499998 0.388464490625 0.1753071390625 0.40735624374999996 0.1615638671875 0.39918175312500004 0.1395654125 0.396137253125 0.1164225390625 0.39843463749999997 0.087323565625 0.398527596875 0.0698333203125 0.395135515625 0.05073832968749999 0.3909888015625 0.033399821875 0.3798720015625 0.0128518171875 0.37797243593749996 0.002158621875 0.3802340890625 0 0 0
0 0.559375 0.469446225 0.5620814921874999 0.473066609375 0.56419295625 0.47894812187499997 0.5610387484375 0.48521025624999997 0.5756405921875001 0.5073630062500001 0.571434409375 0.4836852171875 0.58543405 0.4964434890625 0.5732912531250001 0.47612437031250004 0.5782260906250001 0.46787687031249997 0.5787855671875 0.45901730625 0.567940134375 0.43999690156250004 0.559375 0.442325409375 0.559375 0.469446225
0 0.6029152984375 0.31864271093749996 0.598404259375 0.31726684843749997 0.5910271218750001 0.311765953125 0.582276409375 0.31054182343750003 0.574882525 0.31695569375 0.5750776796875 0.3240587734375 0.584099759375 0.3268105015625 0.593528890625 0.331853628125 0.601932025 0.33712563906250004 0.6001681421875 0.32719624375 0.6190264046875 0.3372824953125 0.6137012640624999 0.33132383593750003 0.611106534375 0.328726403125 0.6029152984375 0.31864271093749996
0 0.60842464375 0.19353898593750002 0.6028281359375 0.186052725 0.590244796875 0.18727173125000002 0.579153975 0.196892534375 0.580646490625 0.2052943296875 0.5873452109375 0.206976225 0.593153615625 0.2096508046875 0.6004712828125001 0.20881241875 0.6046514875 0.20232140156249998 0.60842464375 0.19353898593750002
0 0.6644549796875 0.12466065 0.6609104671875 0.1167166203125 0.650107759375 0.11595026093750001 0.63909315 0.11999558125000001 0.6313516859374999 0.13045733125 0.6415949203125 0.14008325625 0.648912584375 0.13924486875 0.6580108796874999 0.13642111562499998 0.6615721390625 0.1324503828125 0.6644549796875 0.12466065
0 0.8297762890625 0.088574165625 0.8167859 0.0875017703125 0.8062378109375 0.10017777187500002 0.8142933625 0.109497665625 0.821534815625 0.11423475937500001 0.8324137390624999 0.1094256390625 0.836941525 0.098886740625 0.8297762890625 0.088574165625
0 0.7015081171875 0.0330174984375 0.6971495062499999 0.0204906703125 0.6853970125 0.0143777125 0.6746537703125 0.0199506328125 0.6682096703125 0.0317110984375 0.6694308203125 0.038585295312500004 0.6753749109375 0.0420236734375 0.687474984375 0.044088749999999996 0.6936309703125 0.0427154484375 0.7015081171875 0.0330174984375
0 0.9405078218749999 0.0694302 0.9577378859374999 0.0703508578125 0.957542734375 0.0632477765625 0.9355302625 0.05942365468750001 0.9243205046874999 0.056365896875 0.907633175 0.0585004375 0.8979159296875 0.06384447343750001 0.876793775 0.05902766875 0.8778792421875 0.06513806562499999 0.90556443125 0.0708729671875 0.9133486187500001 0.07866525937499999 0.92819585 0.07217680625 0.9405078218749999 0.0694302
0 0.5222504812500001 0.8121912953124999 0.527109103125 0.8095192765625001 0.530534678125 0.80478474375 0.5313655234375 0.797452778125 0.5252857515625 0.7932506 0.5148900921874999 0.7947756375 0.5054442156250001 0.8016472734375 0.50734378125 0.8123404687499999 0.5119905046875 0.8144801312500001 0.5222504812500001 0.8121912953124999
0 0.44509970781249997 0.972334725 0.44866096562499996 0.9683639921874999 0.45619052968749996 0.9627139234375001 0.44403098593749996 0.9543095656249999 0.4408935234375 0.9486569359375 0.4327450125 0.9568272875 0.4254105984375 0.9695804359375 0.4348992 0.9809628453125001 0.44509970781249997 0.972334725
0 0.454550234375 1 0.45511429375 0.9986870937500001 0.4416573875 0.9889840203125001 0.4323639390625 0.98470469375 0.4281410109375 0.9729416671875001 0.4195259796875 0.9724813375 0.407349690625 0.9759917421875001 0.40911357343750004 0.9859211390624999 0.41416734843749997 0.9903522015625 0.41984007031250004 0.99226298125 0.42872646718749996 0.994250909375 0.435054796875 1 0.454550234375 1
0 0.5537792453125 0.953648528125 0.554126828125 0.9496006453125 0.5467496921875 0.9440997531249999 0.5380584453125 0.9492149046874999 0.5371513859375 0.9621223499999999 0.5349469609375 0.9737310812499999 0.554966903125 0.9843522499999999 0.5534743875 0.9759504531250001 0.550413140625 0.9647223421875001 0.5507607218749999 0.9606744609375 0.5537792453125 0.953648528125
0 0.39032229531249996 0.928175834375 0.386684821875 0.9377220515625 0.39096721875 0.9558243578125 0.40504307500000003 0.9630071484375 0.408680546875 0.9534609328125001 0.40459330312499997 0.9424617062499999 0.399073009375 0.9293999640624999 0.39032229531249996 0.928175834375
0 0.4947789046875 0.8977266109375 0.48794450312500004 0.895280915625 0.4829501984375 0.897189134375 0.4793127265625 0.9067353484374999 0.48477355 0.9134578093750001 0.49044627187499995 0.9153685906250001 0.4941432109375 0.91216165625 0.4955930046875 0.902309409375 0.4947789046875 0.8977266109375
0 0.10092225156250001 0.94429820625 0.09687772812499999 0.9515530218749999 0.0952922515625 0.9606414703125001 0.1010244421875 0.96889153125 0.10456895468750001 0.976835559375 0.11556681718749999 0.9847050015625001 0.12965941718750001 0.9799730296875001 0.138503090625 0.9637069140625 0.1376889921875 0.9591241171875 0.1337969 0.9552279703125001 0.1252580828125 0.9491921578125 0.11760958125000001 0.9421636640625 0.10092225156250001 0.94429820625
0 0.008418170312499999 1 0.00826085625 0.9991144312500001 0.003690346875 0.9913992875 0 0.9900786937500001 0 0.9977114046875 0.00082160625 1 0.008418170312499999 1
1 0.559375 0.56875 0 0.56875 0 0.896936771875 0.0370297953125 0.9148778312499999 0.0694379265625 0.917176915625 0.092671546875 0.9278752328125 0.129336096875 0.9181078187499999 0.1399863765625 0.9300251421875 0.17855049375 0.9309509234375 0.210534828125 0.9428733687499999 0.22683185312499998 0.9265326671875 0.26198713906250004 0.92027821875 0.27061891718750003 0.9088237859374999 0.2867635140625 0.9036340453125 0.311658825 0.8996684343750001 0.358821225 0.91296930625 0.37388035468749997 0.90166916875 0.380612565625 0.879521540625 0.4072885046875 0.8735705625 0.45607910625 0.89603703125 0.46130205625 0.87740236875 0.43028424843749996 0.85891175625 0.42578995468749997 0.8456211296875 0.45014253281250005 0.8386003203125 0.5096838890625001 0.8014955374999999 0.5290329296875 0.754299378125 0.551604878125 0.7492639359375 0.5542331 0.7280318421875001 0.559375 0.724173440625 0.559375 0.56875
1 0.559375 1 1 1 1 0.56875 0.559375 0.56875 0.559375 1