0 0.050715725 0.4890625 0.051054840625 0.4884235859375 0.0482014109375 0.48079213593750003 0.033839460937499996 0.465767865625 0.0309386328125 0.4697029046875 0.027651674999999997 0.4820168890625 0.0271960921875 0.4890625 0.050715725 0.4890625
0 0.0437895734375 0.338370575 0.030541390624999998 0.34343713125 0.0274955890625 0.34841045 0.0322838328125 0.364638934375 0.037505601562500004 0.3609219828125 0.046160690625 0.3606833546875 0.051962346874999996 0.3528132796875 0.0534120671875 0.342430465625 0.0437895734375 0.338370575
0 0.0549454703125 0.17426995625 0.0467252984375 0.1713937390625 0.035894240625000004 0.170375996875 0.0267080515625 0.1800318546875 0.02651568125 0.19263662343750002 0.034155965625 0.199665965625 0.0414087328125 0.198243665625 0.0481777953125 0.1946721046875 0.056735309375 0.183905271875 0.0549454703125 0.17426995625
0 0.239257475 0.0779832484375 0.2273614375 0.06213878125 0.2181264609375 0.0665305375 0.2187077375 0.07920800156249999 0.22929763906249997 0.08756640624999999 0.28331072968750004 0.127354575 0.239257475 0.0779832484375
0 0.27312086875 0 0.2688916578125 0.0060826609375 0.26154270625 0.013807346875000001 0.26101160625 0.023224575 0.267974428125 0.0238788375 0.2795303453125 0.019705171875 0.29234361249999996 0.017753459375 0.3179227484375 0.025416525000000002 0.3057367671875 0.0116486234375 0.30259339218750003 0.0060937359375 0.2998221171875 0 0.27312086875 0
0 0.24447363281249998 0 0.24713335937499997 0.0103495640625 0.2569970109375 0.0070687875 0.2617350765625 0.0012025796875 0.2620560796875 0 0.24447363281249998 0
0 0.5796060328125 0.44041110312500004 0.5690663078125 0.45414738750000005 0.5650057046875 0.46638867812499996 0.5759343343750001 0.47793462656249996 0.588021353125 0.46434373124999995 0.5941129546875 0.4543970921875 0.5885998515625 0.443360015625 0.5796060328125 0.44041110312500004
0 0.5857422531250001 0.385236796875 0.5960896078125 0.384105278125 0.6011176171875 0.37616250625 0.594637109375 0.3608269140625 0.5804703078125 0.366859053125 0.578634459375 0.38562081406250004 0.5857422531250001 0.385236796875
0 0.54487838125 0.313023278125 0.5551769484375 0.3066276578125 0.552564675 0.2916555421875 0.5438608 0.2866300671875 0.5344808515625 0.2920601015625 0.5328387625 0.3150476828125 0.54487838125 0.313023278125
0 0.607485271875 0.195833403125 0.6105324624999999 0.207690675 0.619042578125 0.20849032968749998 0.6281325828125001 0.2051368546875 0.629872246875 0.1926774796875 0.62808240625 0.1830421625 0.61754129375 0.179947859375 0.607485271875 0.195833403125
0 0.8350671609375 0.0310311953125 0.8254446671875 0.02697130625 0.81548483125 0.0365544671875 0.8178071609374999 0.0536031453125 0.8246250109375 0.0552956875 0.8301855109374999 0.054766278125 0.8406290500000001 0.047332374999999996 0.8394678859375 0.0388080359375 0.8350671609375 0.0310311953125
0 0.672418659375 0.146183978125 0.6740133515625001 0.134762884375 0.6679691484375 0.133143034375 0.6617799734375 0.13256146875000002 0.655059696875 0.1413971296875 0.6536099765625 0.1517799453125 0.6599929109375 0.15658733281249998 0.66647203125 0.1550923359375 0.672418659375 0.146183978125
0 0.0915868671875 0.9418688953124998 0.094391509375 0.9442362421875 0.10120936093749999 0.9459287843750002 0.10788085 0.9318290203124999 0.10251271875000001 0.9197536625 0.09168166250000001 0.9187359203125001 0.0872335390625 0.9225255671875001 0.0856388484375 0.9339466625 0.0915868671875 0.9418688953124998
0 0.1621239859375 0.8296318015624999 0.16599360937500002 0.8468258703125 0.17948433749999998 0.8512492390624999 0.1854797546875 0.847604984375 0.187315603125 0.8288432218749999 0.18272111875 0.816840559375 0.17005282500000002 0.8177539906250001 0.1621239859375 0.8296318015624999
0 0.385307928125 0.690713934375 0.38733753593750003 0.6761779921875 0.38264686718749996 0.6704777156249999 0.3691561375 0.666054346875 0.36359702656250004 0.6834143484374999 0.3703674796875 0.696673378125 0.385307928125 0.690713934375
1 0 0.4890625 0 0.9203922796875 0.00938514375 0.913106728125 0.030949684374999998 0.9046140046875 0.0779553328125 0.9889755781249999 0.048693387500000004 0.8841913140625 0.0573498640625 0.900783278125 0.06010433125 0.88105593125 0.08128274375 0.8809421546875 0.08398981250000001 0.8727812937499999 0.0976729109375 0.8645998953125 0.0996091125 0.8900275203125 0.12175354062499999 0.8773816703125 0.119042303125 0.8350507609375001 0.1207331796875 0.8173272812500001 0.1294370546875 0.8223527546875001 0.1492605421875 0.80948881875 0.182187240625 0.7925966093750001 0.2130341546875 0.7681456453125 0.23711061562500002 0.73043565 0.2477925328125 0.681999903125 0.25030584375 0.6696132218749999 0.2492896515625 0.6600506015625001 0.28526492812500004 0.6718462515625 0.2970620015625 0.6603319203125 0.2839574015625 0.647529603125 0.292804859375 0.634686209375 0.3091964171875 0.6351745375 0.32166956406249997 0.613204696875 0.2954129671875 0.5991665515625 0.2920270453125 0.5841217421875 0.3043552203125 0.56319018125 0.2757316734375 0.5773310265625 0.28206443124999997 0.5600437203124999 0.2839002796875 0.5412819609375 0.2889269015625 0.5165085984375 0.29869436718750003 0.5195302046875 0.30444723749999997 0.506396028125 0.3012550765625 0.49557703750000004 0.31155364375 0.48918141718749997 0.3115374453125 0.4890625 0 0.4890625
0 0.22623493906249997 0.7746455765625 0.214630234375 0.7735551390625 0.21042465781250003 0.7868347109375 0.22115953125 0.7941548359375 0.230539478125 0.7887248015624999 0.22623493906249997 0.7746455765625
0 0.1973214484375 0.790862984375 0.1867329375 0.7993351671875001 0.1937459359375 0.8220841218749999 0.21076755625 0.8405140203125001 0.22807773281250002 0.840036765625 0.2752227984375 0.8560376968749999 0.20641145156250001 0.7875095140624999 0.1973214484375 0.790862984375
0 0.559722065625 0.9136957062499999 0.57147313125 0.930578453125 0.5833189921875 0.924328221875 0.5850112578125 0.9234353343749999 0.5883944 0.9048189640625001 0.577659528125 0.8974988374999999 0.5691494109375 0.896699184375 0.559722065625 0.9136957062499999
0 0.66513180625 0.9278081578125 0.6268328109375 0.8821332390624999 0.6141631265624999 0.8662160796875 0.590906321875 0.8756016921875001 0.5875231796875 0.8942180624999999 0.6248045921875 0.91349976875 0.66513180625 0.9278081578125
0 0.6154204765625 0.8684380328125 0.6204010890625 0.8720617484375 0.6279925875 0.8738269890625 0.6321981640625001 0.8605474171875 0.6308920265625 0.853061359375 0.6212695328125 0.8490014703125001 0.614645440625 0.8515347484374999 0.611938371875 0.8596956078125 0.6154204765625 0.8684380328125
0 0.7239433390625 1 0.734812984375 0.9901066515625001 0.731379665625 0.986628328125 0.717405234375 0.9800557015625 0.713730759375 0.9839180421875 0.7101538578125 0.9983085921875 0.7164650765625 1 0.7239433390625 1
0 0.7614362640625 0.7601375890625001 0.769464065625 0.7756185734375001 0.7776354515625 0.7732306859375 0.7870153999999999 0.7678006515625 0.7867240671875 0.7530466265625 0.7780201906249999 0.7480211499999999 0.765641840625 0.7468580171875 0.7614362640625 0.7601375890625001
0 0.7365847671875001 0.780944296875 0.7273971875 0.7737695625000001 0.721111828125 0.7794903812499999 0.7245465359375001 0.7997992937499999 0.7279798546875 0.8032776171875 0.735862684375 0.8197968843750001 0.7540426921875 0.8130899406250001 0.741083065625 0.7992493421875 0.7365847671875001 0.780944296875
0 0.7478773000000001 0.51482185625 0.7413981812499999 0.5163168515625001 0.7370476328125 0.5306347062500001 0.7484599671875 0.544329909375 0.7558181546875 0.5540134046875 0.7503933890625 0.5360963546875 0.75769494375 0.5399381562500001 0.7740878890625 0.5572570765625 0.770556996875 0.5432505484375 0.767364834375 0.532431559375 0.7478773000000001 0.51482185625
1 0.46875 0.4890625 0.46875 0.95836326875 0.482071596875 0.9589944578124999 0.48497242500000004 0.9550594218749999 0.5025237578125 0.9472415015625 0.501122825 0.9628884171875001 0.5127275296875 0.9639788546875 0.523895928125 0.9513535453124999 0.5208961359375001 0.9279297875000001 0.5218621531250001 0.9153977140624999 0.5256328140625 0.9052329890624999 0.5192972765625 0.8888591124999999 0.5283398828125 0.897072128125 0.5399445875 0.898162565625 0.5565285140625 0.886046128125 0.568858078125 0.8819451562499999 0.5853458203125 0.8761311046875001 0.5969979234375 0.8656550515625 0.6090849406250001 0.852064159375 0.623879028125 0.830312403125 0.6384793562500001 0.8043348281250001 0.6481464703125 0.7631670500000001 0.6531256937500001 0.7499601765625 0.6458715390625 0.7345518859375 0.6475150171874999 0.72839489375 0.6564126515625001 0.7376461921875 0.6694196781249999 0.7399203 0.68107316875 0.746274840625 0.694563896875 0.7506982093750001 0.6992043890625 0.73430379375 0.6833439328124999 0.724398234375 0.680441715625 0.711502684375 0.68958050625 0.7134133125 0.7056821203125001 0.7159782078125 0.711096259375 0.6996564859375 0.7148669203125 0.6894917625 0.6961530328125 0.671954753125 0.69803766875 0.65845709375 0.7040804828125 0.6432463515625 0.6771004140625 0.6512302062499999 0.6761330078125 0.6469316875000001 0.6833369874999999 0.640245284375 0.689332403125 0.6366010296875 0.6860426687500001 0.615253834375 0.6920854828125 0.6000430921875 0.6993382484375 0.5986207921875 0.7078957625 0.5878539578125 0.7059121640624999 0.5739928203125 0.712197525 0.5682720031249999 0.71364724375 0.5578891890625 0.7122923203125 0.545139028125 0.6944008671875 0.5329388203125001 0.7076002625 0.5226081609375 0.7043593140625 0.50652506875 0.6954616796875 0.4972737734375 0.693170878125 0.4890625 0.46875 0.4890625