0 0.039861621874999996 0.0779189171875 0.0305889734375 0.07637710156250001 0.0200741625 0.0770871265625 0.011310921875000001 0.09362888750000001 0.023152343750000002 0.1016559859375 0.0315233328125 0.1015552859375 0.040234821875 0.09756023281250001 0.043332057812500005 0.0860467125 0.039861621874999996 0.0779189171875
0 0.1695778828125 0.0767475265625 0.1628059125 0.082469865625 0.16088274062500002 0.092510415625 0.177079909375 0.09853998593749999 0.18870068125 0.0971358625 0.19407793906249998 0.0834552703125 0.1906075046875 0.075327475 0.1792591359375 0.0736161171875 0.1695778828125 0.0767475265625
0 0.4146220828125 0.27482889843749997 0.40342626406250004 0.283327634375 0.4037150171875 0.29197998593749996 0.40711735156250006 0.30088665312499996 0.42004838749999995 0.2964518140625 0.4288960828125 0.29089902031250003 0.42797807499999996 0.277488671875 0.4146220828125 0.27482889843749997
0 0.66313795 0.2317223109375 0.66839535625 0.2313672984375 0.6728192015625 0.2285909 0.67737925 0.2242567609375 0.6790981203124999 0.21655282343749999 0.6710676359375001 0.212759165625 0.6617268875 0.2119962234375 0.6539170546874999 0.21763379062500002 0.6578641953125001 0.2203094890625 0.6572512890625 0.22731932812500003 0.66313795 0.2317223109375
0 0.7230397203125 0.3236871390625 0.7215769046875 0.3165077578125 0.71797026875 0.309937703125 0.71090954375 0.307007690625 0.7005309359374999 0.3061599734375 0.6971449484375001 0.3090211421875 0.6942520171875 0.3181980515625 0.69316240625 0.3306599875 0.6985723609375001 0.34051506875 0.6994059203124999 0.3429364515625 0.7110266921875 0.341532328125 0.7219501078125 0.336149075 0.7230397203125 0.3236871390625
0 0.7874088515625 0.245010384375 0.7979073140625 0.232532521875 0.798792625 0.2224071984375 0.7947773843749999 0.22051037187500003 0.7823230531250001 0.2194931125 0.76952821875 0.2223702078125 0.7635898046875 0.2305139296875 0.76513706875 0.2486822765625 0.7675859921875 0.2684931390625 0.7572400828125 0.29118109375 0.781622990625 0.2633642 0.7874088515625 0.245010384375
0 0.60674743125 0.0278703078125 0.6189974578124999 0.031224178125 0.619133659375 0.029666437499999997 0.6281856546875 0.021777028125 0.6238816625 0.0112278484375 0.6149495187499999 0.005791678125 0.6011168234375 0.008584003125 0.5982919921875001 0.016982040625 0.60674743125 0.0278703078125
0 0.0059508125 0.8462841609374999 0.015808195312500002 0.8483446421874999 0.0274901015625 0.8486711171875001 0.030349946875 0.83509631875 0.0147878296875 0.8313145890625 0.001512540625 0.8396450984375001 0.0059508125 0.8462841609374999
0 0.0748338421875 0.7759642250000001 0.07379853125 0.7878051156250001 0.08222602500000001 0.7966529515625 0.094901928125 0.7951777265625 0.1010970453125 0.7912901265625 0.099586265625 0.779868965625 0.088503784375 0.772687209375 0.0748338421875 0.7759642250000001
0 0.0746853328125 0.7489629125 0.05526937656250001 0.760557825 0.0360714015625 0.76965986875 0.0360845671875 0.7790757671874999 0.0566166859375 0.77384861875 0.07664523125 0.7648143703125 0.0891444515625 0.755792825 0.096388090625 0.7494802843749999 0.104571225 0.7419891406250001 0.0887366703125 0.74132348125 0.0746853328125 0.7489629125
0 0.0732840515625 0.6497863609375 0.0654045234375 0.6446418406250001 0.05388609531250001 0.6424456375 0.04664246875 0.648758228125 0.0466556359375 0.6581741296875 0.058065109375 0.6616166265625 0.070958971875 0.6576486218750001 0.0732840515625 0.6497863609375
0 0.2091036765625 0.86664343125 0.2091449984375 0.8566043375 0.20393067343750002 0.849274240625 0.18820508281249998 0.8473621421875001 0.1755968671875 0.857630075 0.1763860890625 0.86773705625 0.1825399140625 0.8738885515625 0.2005804171875 0.8684578875 0.2091036765625 0.86664343125
0 0.16927422812499998 0.9682086078125 0.17669451875 0.9694423359375002 0.1858303359375 0.9701885406249999 0.19218895 0.9644313562499999 0.1888536515625 0.9547441093749999 0.17671340468750002 0.9492591609375001 0.157797103125 0.95597335625 0.150117559375 0.9672715531249999 0.1593755515625 0.9761872703125001 0.16927422812499998 0.9682086078125
0 0.183192 0.9046969171875 0.1821566890625 0.9165378078125 0.1815572984375 0.9233930453125 0.187602175 0.93079098125 0.199502025 0.9286246734375 0.2096716046875 0.91900495625 0.206119921875 0.9103355687499999 0.202008565625 0.8999572875 0.1893871453125 0.9008093640624999 0.183192 0.9046969171875
0 0.22914359062499998 0.9053119265625 0.2377345375 0.912290178125 0.2485314171875 0.913172059375 0.2538283578125 0.9004239609375 0.24933560156249998 0.8944080953124999 0.240975815625 0.8943529187500001 0.23245255625 0.8961673765625001 0.22914359062499998 0.9053119265625
0 0.23608842968750002 0.88328360625 0.23685129218749998 0.8745587359375001 0.2272663546875 0.8693822812499998 0.21852513906249998 0.8736895171875 0.2107366125 0.8862341515625001 0.20343850468750002 0.8931698890625 0.19857748125000002 0.9009323796875 0.20843483593749998 0.9029928093749999 0.20902599843749997 0.9024791234375 0.2206616546875 0.8970872890624999 0.2320034359375 0.8917371265625 0.23608842968750002 0.88328360625
0 0.37954856718749996 0.9740858218749999 0.37621326875 0.9643985734375 0.3682349109375 0.9599809890625 0.3537344671875 0.9631901703124999 0.3504800234375 0.9717115296875001 0.352535684375 0.9769006921875001 0.363005659375 0.98152179375 0.3755725828125 0.9812929562499999 0.37954856718749996 0.9740858218749999
0 0.372765421875 1 0.38400009218750003 0.99014079375 0.3805558140625 0.9816999828124999 0.3682613375 0.9788127953124999 0.35453688906249997 0.9827130546875 0.352780009375 0.9932396687499999 0.3596949578125 1 0.372765421875 1
1 0.4890625 0.46875 0.1492698546875 0.46875 0.1474442765625 0.4812482390625 0.153992678125 0.49245322031249994 0.145809575 0.4999443671875 0.1408940671875 0.508330003125 0.1362096703125 0.5236387609375 0.130001334375 0.51811050625 0.126121134375 0.5146553 0.11393565624999999 0.510521725 0.095895140625 0.5159523390625 0.102116634375 0.530896590625 0.11829130937500001 0.53723898125 0.1127087734375 0.543687153125 0.1039130578125 0.5486176765625 0.0921898171875 0.55833025 0.101678971875 0.574168996875 0.101352028125 0.577908259375 0.0989280890625 0.58649740625 0.0807109140625 0.5843818453124999 0.0765301265625 0.603497609375 0.0943658984375 0.609975678125 0.108539365625 0.6105057578124999 0.1140806140625 0.6140966375 0.1092196 0.62185903125 0.09190063125 0.62860396875 0.0918180203125 0.6486821593750001 0.09715448593750001 0.6641818140625 0.1034304859375 0.678502821875 0.10533585781249999 0.6949775203125 0.099875453125 0.7095952000000001 0.1074178921875 0.718998390625 0.118513584375 0.7355961000000001 0.13791457812500002 0.75287213125 0.1234273203125 0.7654972140625 0.138703790625 0.7629790640625 0.148670153125 0.7637931078125 0.150684525 0.7790213703125 0.1631969609375 0.7794157281249999 0.16559273125 0.790281528125 0.15419645937499998 0.7962548859374999 0.14457024999999998 0.8011175296874999 0.151622259375 0.8161296140625 0.1539090484375 0.8282418515625001 0.180418353125 0.8216199296875001 0.19811875 0.8105125828125 0.21135272500000002 0.8122211671875 0.20589231406250003 0.8268388953125001 0.22903816406250002 0.8299847203125001 0.230548925 0.8414059250000001 0.22624600625000002 0.8523522296875001 0.23660696250000002 0.8582197609375001 0.239451853125 0.8735158578124999 0.265060959375 0.8906713156249999 0.283903878125 0.9047634875 0.300745615625 0.913043303125 0.32107294375 0.9197248312500002 0.33436142343749997 0.920810221875 0.3478810265625 0.9288187359375 0.3565132703125 0.9257578437500001 0.3693526453125 0.9224129859375001 0.3795501515625 0.930150103125 0.3713669984375 0.9376412453124999 0.36834369843750003 0.9530856796875 0.386451875 0.956447675 0.392660203125 0.9619760249999999 0.3891877828125 0.9729902078125001 0.40465410156250003 0.9874342296874999 0.40845344843750003 0.9726808281250001 0.42117067812500003 0.9611664609374999 0.440721946875 0.9671569578125 0.459551675 0.971833228125 0.48523042656250004 0.9651435140625001 0.4890625 0.959118315625 0.4890625 0.46875
0 0.5828712625 0.771219615625 0.6045301390625 0.774557559375 0.6080523281250001 0.77013865 0.625475309375 0.7621485421875 0.642557790625 0.7580527921875 0.64836 0.7514668109375 0.61972485 0.7561878171874999 0.61079270625 0.750751646875 0.6004822 0.7491250609375 0.5885890234375 0.7536446703124999 0.5796051296875 0.76075520625 0.5686817125 0.7661384578125 0.5608718828125 0.771776025 0.5828712625 0.771219615625
0 0.71718026875 0.789249759375 0.7139822390624999 0.778006478125 0.7053906 0.7686759546874999 0.6883762203125 0.771992834375 0.691574253125 0.7832361140625 0.6931051671875 0.789636625 0.6948403843750001 0.7937005234375001 0.7032113734375001 0.793599825 0.71718026875 0.789249759375
0 0.8695251687500001 0.79227995625 0.872162046875 0.79798636875 0.8779806062500001 0.8031682218749999 0.8840715703124999 0.8052345937500001 0.8912684953125 0.8066068671875 0.8956759921875002 0.7920626343749999 0.8901298343749999 0.7837652937499999 0.8787814656249999 0.7820539359375 0.8711759359375 0.7853548890625 0.8695251687500001 0.79227995625
0 0.9479068359374999 0.8402570703125001 0.933512984375 0.8375125265625 0.9275745718749999 0.8456562515625 0.9289692859375001 0.8536145015625 0.9309088046875 0.8553417890624999 0.943158834375 0.8586956593749999 0.94930155 0.8482153234375 0.9479068359374999 0.8402570703125001
0 0.9864548281250001 0.94930414375 0.9799389125000001 0.9401431609374999 0.9737117453125 0.93963453125 0.9606445078124999 0.9456271125000001 0.952630375 0.9536012906250001 0.9445481375 0.9623543421874998 0.9251338812500001 0.9811638687500001 0.9554198015625002 0.9695177953125 0.9671767750000001 0.9665559296874999 0.9725703812500001 0.9646431734375 0.9738806453125001 0.9616124625000001 0.9796147562499999 0.9558053515625 0.9864548281250001 0.94930414375
0 0.8471389406250001 0.7135769984375 0.8315873781249999 0.7240732624999999 0.8371335343750002 0.7323706 0.847239740625 0.7363338 0.8587924125 0.7357085453125001 0.861957746875 0.723416153125 0.8613284890624999 0.71865815625 0.8471389406250001 0.7135769984375
0 0.80797263125 0.7072401953125 0.8222302812500001 0.7115424812500001 0.821669125 0.7060056140625 0.8291221046875 0.6924945656249999 0.8210916203125 0.6887009093750001 0.8108492125 0.6862954515624999 0.8042134421875 0.690460046875 0.8013205124999999 0.69963695625 0.80797263125 0.7072401953125
0 0.7569866578125 0.6089437015625 0.766667909375 0.6058122906250001 0.777387021875 0.6027656515625 0.7806885578125 0.5889155171875 0.7709392046875 0.5928258 0.757038409375 0.59639699375 0.7513042984375 0.6022041046875 0.7569866578125 0.6089437015625
0 0.7407567890625 0.5793784578125 0.7303100796875001 0.5793096140625 0.7176514468749999 0.5806289671875 0.7101140171875 0.58315105 0.7197435171875 0.592566346875 0.7308194828125 0.5973931890624999 0.7462511953125001 0.600222503125 0.7500457859375 0.5926881093749999 0.7497570343750001 0.5840357578125 0.7407567890625 0.5793784578125
0 0.781271471875 0.5105197921875 0.7832627437499999 0.49970037187500005 0.784079953125 0.49035391875 0.7763218734375 0.4834447796875 0.76407184375 0.48009090781249997 0.75439059375 0.48322231875000005 0.7509365062500001 0.4868623578125 0.7494900390625 0.4914508125 0.75102095625 0.4978513234375 0.76293048125 0.50509955 0.771726421875 0.5120934609375001 0.781271471875 0.5105197921875
0 0.78178780625 0.46875 0.781494828125 0.4721008015625 0.7832300468750001 0.4761646984375 0.7878064421875 0.4835983953125 0.7915492828125 0.4886107078125 0.8058069312499999 0.49291299375 0.8151994312499999 0.48112923125 0.8168501984375001 0.4742041640625 0.8140503562500001 0.46875 0.78178780625 0.46875
1 1 0.46875 0.8198059109375 0.46875 0.8171226015624999 0.4710886796875 0.79861000625 0.49154072031249996 0.8104514296875 0.4995678203125 0.8103125234374999 0.5489757749999999 0.812200290625 0.5632497671875 0.8109744765624999 0.5772694453125 0.8082340953125 0.596656446875 0.8093727546875 0.61949801875 0.816177425 0.6373113515625001 0.814815409375 0.652888771875 0.831658184375 0.675444175 0.8495905703125001 0.68553764375 0.8424780953125 0.6951543375 0.8521075953124999 0.7045696343750001 0.8657523375 0.7158817578125 0.8607836828125001 0.7248891234375 0.8727613078124999 0.731358478125 0.8924125640625 0.733748009375 0.9000344437500001 0.7422148921874999 0.90018699375 0.7524249859375 0.8914918515625001 0.768187875 0.9121292171875 0.783208884375 0.9134558296874999 0.7919460078125 0.9037909265625 0.8068452531249999 0.8924071546875 0.8294484390625 0.8840525156249999 0.8413169734375 0.8729411484374999 0.860804675 0.858171390625 0.886269028125 0.8671035328125001 0.8917051984375 0.8806474765625 0.8802605203125001 0.8946681250000001 0.8633637484375001 0.9066811515625 0.8455185609375 0.9203612968750001 0.8325161421875 0.9366783187500001 0.8252201343750001 0.9547469078125002 0.8337558625 0.9753842718750001 0.8487768718750001 1 0.8604055125000001 1 0.46875