0 0.040314640624999995 0.1012400859375 0.05073130625 0.1015431796875 0.05992446875 0.0940034640625 0.05979718125 0.08853471406249999 0.05543049375 0.0798197265625 0.041852459375 0.07786320468749999 0.0305032296875 0.0822173015625 0.0296979515625 0.0923432421875 0.040314640624999995 0.1012400859375
0 0.045535965625 0.1466738234375 0.046723103125 0.1529541328125 0.0581996203125 0.1540687859375 0.0653458171875 0.148030953125 0.0756170140625 0.142084046875 0.0692397265625 0.136433440625 0.059828359374999994 0.1345981546875 0.0485518640625 0.1420772515625 0.045535965625 0.1466738234375
0 0.07348431875 0.0951787375 0.0673797890625 0.10124688125 0.0554616703125 0.12588316718749998 0.050416992187499995 0.1327628703125 0.050435176562499996 0.13354412031250001 0.06087002500000001 0.1346284640625 0.0732245546875 0.128742178125 0.084555603125 0.12360683125000001 0.0948267984375 0.117659925 0.10093132812500001 0.11159178125 0.0985388703125 0.09824991250000001 0.0849426515625 0.09551214062499999 0.07348431875 0.0951787375
0 0.035314131250000005 0.1994654203125 0.047705028125 0.19514163281250002 0.049533787499999996 0.1842647515625 0.0380209046875 0.1815875984375 0.022541375 0.1873829578125 0.014389879687500001 0.1949529828125 0.02087626875 0.20529108906250002 0.035314131250000005 0.1994654203125
0 0.0942579109375 0.137942115625 0.102609428125 0.138965840625 0.11602380781249999 0.13389111250000002 0.1105427171875 0.122020815625 0.10113135 0.12018553125 0.09078741875 0.12300743750000001 0.0867298546875 0.12757369999999998 0.0942579109375 0.137942115625
0 0.2101946484375 0.28887178125 0.219642384375 0.292269565625 0.23203328124999997 0.287945778125 0.234958259375 0.2794429578125 0.2295680875 0.27147890937499997 0.2170135359375 0.268771446875 0.20785674062499998 0.2778736625 0.20383554531249998 0.284002425 0.2101946484375 0.28887178125
0 0.2314384046875 0.2176635875 0.24185507187500002 0.21796668281249998 0.2520717171875 0.2096760265625 0.2508118453125 0.2002707171875 0.23825729375 0.1975632546875 0.2269807984375 0.20504234999999998 0.223014153125 0.21351486249999999 0.2314384046875 0.2176635875
0 0.21821105312500003 0.186049875 0.21634592656249998 0.19536425625 0.21438987968749998 0.20077238749999998 0.22078535000000002 0.20720424375 0.2372156265625 0.1975329453125 0.2443254546875 0.1899326109375 0.24430727187499998 0.1891513609375 0.23893528437499997 0.1819685640625 0.2315708828125 0.1786313984375 0.21821105312500003 0.186049875
1 0.409375 0 0 0 0 0.0092921078125 0.0049265375 0.011988934375 0.0081970078125 0.0183298640625 0.0031159609375 0.023647065624999998 0 0.0237362875 0 0.0447544109375 0.003643290625 0.046303315625 0.014259979687499999 0.0552001609375 0.029830428125000003 0.0533110515625 0.03812739375 0.0519910265625 0.047211453125000004 0.0397638109375 0.0638781203125 0.0402487625 0.058869807812499994 0.048690964062499995 0.07460391093749999 0.05383310625 0.08220470156250001 0.067326521875 0.0774509640625 0.086706225 0.095250215625 0.091127734375 0.1079138703125 0.09852269687500001 0.10913737500000001 0.10636550625 0.11865784531250001 0.1128882921875 0.13340483281249998 0.1203438734375 0.15337833750000002 0.1287322515625 0.1775548765625 0.13880436875 0.1941851765625 0.13772681874999998 0.20271853125 0.14656304375 0.21096094375000002 0.14289926875 0.22335184218749998 0.13857548125000002 0.23608823124999997 0.14909544531250002 0.2301473546875 0.16219483750000002 0.2303837453125 0.1723510875 0.2511261609375 0.16905102656249998 0.25863603125 0.1786381921875 0.2598959046875 0.1880435015625 0.284932271875 0.19033342656250002 0.293120134375 0.184325903125 0.3075579984375 0.178500234375 0.3170966515625 0.18580426875 0.34714133125 0.1796519921875 0.359223103125 0.16204695468750002 0.370663253125 0.1615991078125 0.368907228125 0.1756009890625 0.3814799640625 0.17908970156249998 0.40522009062500003 0.17041181875 0.409375 0.17053271406249998 0.409375 0
0 0.707013790625 0.35564174375 0.7062085124999999 0.365767684375 0.7117077859375 0.37841923125 0.7231661203125 0.3787526359375 0.7366350515625 0.3760216578125 0.7396327640625 0.3706438359375 0.7424668234375 0.3582347640625 0.73287361875 0.34858697968749996 0.71724861875 0.3481323375 0.707013790625 0.35564174375
0 0.703660203125 0.435177696875 0.71001930625 0.440047053125 0.7173291578125001 0.44104046874999997 0.725535203125 0.4358141953125 0.7346919984375 0.42671197968749996 0.724020759375 0.4154713859375 0.707372275 0.415767684375 0.7012495624999999 0.42105457812499997 0.703660203125 0.435177696875
0 0.606899496875 0.39254548125 0.616365415625 0.3967245171875 0.6236752671875 0.3977179328125 0.6265820609375 0.3884338609375 0.6263820390625 0.3798401109375 0.61792141875 0.3741288859375 0.6064449015625 0.37301423125 0.6024418890625001 0.37992424375 0.606899496875 0.39254548125
0 0.8103440015625001 0.32273518437500004 0.8115311390625 0.32901549375 0.8272834265625001 0.33493888437499997 0.8385962875 0.3290222890625 0.8435682328125 0.3190175859375 0.8403704984375 0.31580165781249997 0.81644853125 0.316667040625 0.8103440015625001 0.32273518437500004
1 1 0 0.41217764062500006 0 0.409375 0.006356081249999999 0.409375 0.033124415625 0.4102114890625 0.0370594796875 0.414705465625 0.0512432171875 0.422342625 0.0662991328125 0.4404328171875 0.08322064375 0.43456467656250003 0.09944503593750001 0.4389859171875 0.110503775 0.4184435234375 0.12239758593750001 0.424070084375 0.1405178828125 0.48042918749999997 0.146842090625 0.5056837609375 0.1585070171875 0.500711815625 0.1685117203125 0.491336815625 0.16823893437499998 0.4811747234375 0.178873340625 0.48983536406250006 0.193178315625 0.5158224796875001 0.1915923015625 0.5355959625 0.19138692968749998 0.550802734375 0.173872821875 0.556429296875 0.19199311875 0.5803512609375 0.191127734375 0.58999901875 0.20311926875 0.594383890625 0.21261550625 0.6122922453124999 0.22172451718750003 0.6490051515624999 0.23372284531249998 0.663933978125 0.248990928125 0.6840711359375 0.26441055625 0.6863908593750001 0.274627425 0.6867363515625 0.28947117499999997 0.7066553046875 0.295515803125 0.7677499624999999 0.2816790578125 0.7947423765625 0.278560853125 0.7991454328125001 0.288838340625 0.8210204328125 0.28947483749999997 0.8287303265624999 0.3076557546875 0.8536212234375 0.3036956796875 0.8734128906249999 0.30427155781250004 0.8825151328124999 0.2928255921875 0.8941189359374999 0.299408996875 0.896475028125 0.31118836562499996 0.9174538312500001 0.318044553125 0.9286030390625001 0.30509670624999996 0.944064384375 0.2985200984375 0.9494545578124999 0.3064841453125 0.966375796875 0.3179065953125 0.9615129546875 0.3325987984375 0.9795304125000002 0.3463953078125 1 0.33137654843750003 1 0
0 0.453795259375 0.21008623750000002 0.4509793828125 0.223276559375 0.45841651875 0.22973872499999998 0.47817181875000003 0.228752103125 0.4842036140625 0.21955895937499997 0.4745013046875 0.205223675 0.46613160468750003 0.2034187 0.453795259375 0.21008623750000002
0 0.187933309375 1 0.17354925000000002 0.9889856921875001 0.1553347390625 1 0.187933309375 1
0 0.1403042234375 0.8576379703124999 0.1329943734375 0.8566445546875 0.120530740625 0.8578433406249999 0.115376959375 0.8600355437499999 0.11144668124999998 0.87007055625 0.12310503749999999 0.878997709375 0.1396989671875 0.8763576609375001 0.1446527296875 0.8655717078125 0.1403042234375 0.8576379703124999
1 0.409375 1 0.409375 0.543810115625 0.3838541671875 0.5430675359375 0.3734920515625 0.5451081921875 0.35885416718749996 0.5423401109375 0.3402132703125 0.5464820421875001 0.31947085468749997 0.549782103125 0.31561331406250004 0.5629421156250001 0.297099703125 0.5725527968749999 0.278349703125 0.5720072265625 0.2828618609375 0.5869722140625 0.270616434375 0.5975460015625 0.2564149609375 0.6135279203125 0.23916122343750001 0.6325439109375 0.22583776093750002 0.6415248874999999 0.21165447187500003 0.65828805625 0.2089840671875 0.6777283781250001 0.20192878906249997 0.6876724624999999 0.199222015625 0.705550284375 0.1932084046875 0.715524678125 0.177928896875 0.7299137859375 0.119686484375 0.732122709375 0.119977425 0.744622709375 0.1462191125 0.7539741953125001 0.15659941093750002 0.7527147890625 0.16791227343749998 0.7467981921875 0.1713645828125 0.7609516203125001 0.155848684375 0.7651844796875 0.1571994765625 0.7784960390625 0.165841934375 0.7920197640625 0.16812529062499998 0.8006741328124999 0.1683253125 0.8092678828125 0.17190490625 0.8288900609375001 0.1616155265625 0.8340557171875 0.1670602484375 0.8443635140625 0.1643352921875 0.8614600859374999 0.179427771875 0.8837594171875001 0.1777262984375 0.9001050484374999 0.1811058703125 0.9111334765624999 0.18125134062499998 0.9173834765625 0.19075362812500002 0.9231250124999999 0.1973854875 0.9397131187500001 0.175710509375 0.9476703703125 0.1655484171875 0.9583047765625 0.11502337656249999 1 0.11588964531249998 1 0.1761832875 0.9679828703125001 0.192704484375 0.9622178218750002 0.21222339531249998 0.95107495 0.22274916406249998 0.95606554375 0.20443557499999998 0.974269975 0.22515980624999998 0.9701886625 0.2264196765625 0.9795939718749999 0.23523239999999998 1 0.409375 1
0 0.456300703125 0.632052165625 0.45295749843750005 0.6225862375 0.4342620484375 0.6243844171874999 0.4282484390625 0.6343588109375 0.43787801093749995 0.645569096875 0.43891967656249997 0.64559940625 0.45132875781250004 0.64205686875 0.456300703125 0.632052165625
0 0.6052824453125 0.905735803125 0.6117688343750001 0.9160739109375001 0.612774134375 0.9145417203124999 0.6178915484375 0.9107870171875 0.6209438125 0.9077529453125 0.628090009375 0.9017151109375 0.6300642406250001 0.8970882296875 0.623686953125 0.8914376234375 0.61948391875 0.8897538859375 0.6133066546875 0.8926970296875 0.6102362046875001 0.89494985 0.6052824453125 0.905735803125
0 0.7117324671875 0.9174211124999999 0.7199021453125 0.9106323375 0.7184786203125 0.8941957781250001 0.7070202859375 0.893862375 0.697718021875 0.896714590625 0.694774859375 0.9044361625 0.696967296875 0.90918428125 0.7012794328125 0.91555551875 0.7117324671875 0.9174211124999999
0 0.7062877453125 0.907113315625 0.7044044328125001 0.9156464468750001 0.7076021671875 0.918862375 0.7057734078125 0.9297392562500001 0.7101037296875 0.9368917437500001 0.7236453953125 0.9372857671875 0.729822659375 0.9343426234375001 0.7316877890625 0.9250282421874999 0.7314514 0.9148719921874999 0.729331696875 0.9132488734375 0.729131675 0.9046551234375 0.7268665046875 0.8967820046874999 0.7247649890625001 0.8959401359375001 0.7133793890625 0.89873173125 0.7062877453125 0.907113315625
1 1 0.5296875 0.4425852234375 0.5296875 0.4490921515625 0.54596311875 0.4482505078125 0.554526559375 0.4391482640625 0.5659725250000001 0.45192102187499994 0.5780549875000001 0.4468581578125 0.584153440625 0.44813621406250004 0.5943400000000001 0.4607635 0.6001724625 0.4773392484375 0.5967511625 0.47741198437500004 0.5998761625 0.48897942031249997 0.604897065625 0.49228625781249996 0.61280049375 0.490366578125 0.619771125 0.4716347625 0.6200068062499999 0.4753780109375 0.646660234375 0.4941643796875 0.6487683046875 0.49642955000000005 0.6566414234375 0.5100985031249999 0.6625041953124999 0.53301516875 0.6631710015625 0.538350790625 0.6687912984375 0.534311409375 0.6741388109375 0.52526371875 0.6879285265625 0.5148470515625 0.6876254328125 0.5034796375 0.6911982796875 0.505781175 0.7006338984375 0.5214970937500001 0.7049947890625 0.54107055625 0.6961956671875 0.556768290625 0.699775309375 0.5600023937499999 0.7045537375 0.5548849796875001 0.708308440625 0.5748766671875 0.71747806875 0.585020578125 0.7060624125 0.5997130140625 0.71117424375 0.595964575 0.7290217562500001 0.60561233125 0.7410132921875 0.5984661359375 0.7470511249999999 0.628947225 0.7596488484374999 0.6857427390625 0.78472305625 0.693143509375 0.789622721875 0.6943670140625 0.79746553125 0.6915329546875 0.809874603125 0.7001208609375 0.8210545781249999 0.738535240625 0.8167072765625001 0.7526224203125 0.8405387984375 0.7723959046875001 0.8403334265625 0.7804564796875 0.828857153125 0.7887898140624999 0.8290996281249999 0.7957723546875 0.81603054375 0.803009471875 0.8138989593750001 0.819821609375 0.8206339093749999 0.8498299203125 0.8129191328125 0.8645405390625001 0.8188122140624999 0.86070118125 0.8327534765625 0.8722504343749999 0.8369931296875001 0.8936890218750001 0.8188796281249999 0.8972322500000001 0.83693930625 0.9243519499999999 0.8392898499999999 0.9416784249999999 0.8233988609375 0.9624026546875001 0.8193175484375 0.975944321875 0.8197115703125 1 0.8145453015624999 1 0.5296875