1 0.5390625 0.3890625 0.5390625 0.12156081562500001 0.5365190906249999 0.1254537171875 0.5315911265625 0.10947465468749999 0.5181421687500001 0.10426139062499999 0.5025117625 0.104663315625 0.4901603546875 0.09625262812499999 0.4859339921875 0.0996863703125 0.4898190203125 0.11574420468749999 0.486376178125 0.133912775 0.48418107812500005 0.140307625 0.459109621875 0.1445371515625 0.4329679203125 0.150404778125 0.41617169687500005 0.15790244375 0.4024360171875 0.1690621046875 0.38981154375 0.1762446796875 0.37927294218749996 0.18326970781250002 0.3635469609375 0.189129275 0.355408265625 0.17806450625 0.3483398109375 0.165361640625 0.3402147671875 0.15351721093749998 0.3319941484375 0.147130421875 0.3205627984375 0.14565793124999998 0.326492740625 0.1638972109375 0.331461665625 0.177537284375 0.3354286140625 0.188917140625 0.34241514687499996 0.20629798593749998 0.34426891406250004 0.21939471250000003 0.3356933078125 0.233279165625 0.3250727859375 0.2449821734375 0.327942184375 0.25955945625 0.3279012234375 0.2618984453125 0.302747846875 0.270805953125 0.28488137812500003 0.2799417140625 0.2835926796875 0.2940544234375 0.2677984328125 0.3038123046875 0.259304746875 0.313018778125 0.26744344375 0.32408354375 0.2518130375 0.32448546875 0.259924428125 0.3371095609375 0.23375542187499998 0.34453651406249997 0.24278686875000002 0.364098803125 0.2290921484375 0.3729194765625 0.2270980390625 0.3890625 0.5390625 0.3890625
0 0.5390625 0.0496929859375 0.5378707781250001 0.048267068749999996 0.5264530828125 0.0460149140625 0.521156475 0.0510867546875 0.515750640625 0.0623959015625 0.5155731453125 0.0725315203125 0.5227917875 0.0766580921875 0.535266075 0.0780518125 0.5390625 0.0761574859375 0.5390625 0.0496929859375
0 0.48729933281250004 0.0217200578125 0.4840476390625 0.02897334375 0.48498135 0.0351318765625 0.49011411562499996 0.0394159921875 0.5036176875 0.041510603125000003 0.5110001703125 0.0362812171875 0.5164060046875 0.024972071874999998 0.5092146703125 0.0192861734375 0.5082126921875 0.017025956249999998 0.5030116578125 0.01664015625 0.4925549796875 0.01898720625 0.48729933281250004 0.0217200578125
0 0.41890765625000004 0.06114544374999999 0.430175165625 0.07197389531250001 0.44785048749999995 0.073753415625 0.45830716562499996 0.071406365625 0.456371478125 0.062987615625 0.4502367359375 0.05644328125 0.431518478125 0.0547425328125 0.391267178125 0.0336451015625 0.3787382765625 0.0353700359375 0.4023435390625 0.055388835937500006 0.40537677656250004 0.060610160937500004 0.41890765625000004 0.06114544374999999
0 0.379395821875 0.17625274062500002 0.3888778328125 0.170086146875 0.3921977921875 0.1589345453125 0.38297519687500003 0.150287540625 0.36936239843749996 0.154430234375 0.3640657921875 0.15950207656249998 0.36586494375 0.17571745625 0.379395821875 0.17625274062500002
0 0.318536815625 0.201872446875 0.31015235625000004 0.204841615625 0.306941625 0.2097559109375 0.3015904046875 0.2179464046875 0.308672509375 0.2298696078125 0.32647071250000004 0.2246321609375 0.3358844546875 0.2223638828125 0.3319448140625 0.20942469843749997 0.3227085640625 0.2015573578125 0.318536815625 0.201872446875
0 0.1254432234375 0.22502164531250002 0.1253203421875 0.23203861093749997 0.1314960453125 0.23624395625 0.14398398750000002 0.2368580140625 0.1493625140625 0.22710819375 0.1484561109375 0.21939033437500002 0.1422394484375 0.2175239796875 0.131796421875 0.21909136875000002 0.12865395625 0.22010734843750002 0.1254432234375 0.22502164531250002
0 0.2648061546875 0.2962519890625 0.27843260625 0.2913296328125 0.2785554890625 0.2843126640625 0.27769004375 0.274255815625 0.267287978125 0.273484215625 0.2630889234375 0.27535863125 0.257724046875 0.2843287875 0.2597006953125 0.29040854843749997 0.2648061546875 0.2962519890625
0 0.22295212812499998 0.30719951874999996 0.22072971875 0.3151536953125 0.2227336734375 0.319674128125 0.2403407265625 0.325351965625 0.2487661453125 0.32004380625 0.253197309375 0.30491511718750003 0.25005484375 0.3059310984375 0.24496303749999998 0.29930799375 0.24291812343750002 0.29712654843749997 0.2314321609375 0.2987727078125 0.22295212812499998 0.30719951874999996
0 0 0.2417838078125 0.0105016625 0.2461612234375 0.0197106046875 0.2555878921875 0.0321439328125 0.2593206015625 0.053840815625 0.2693613265625 0.045620196875000005 0.2629745390625 0.042641571875 0.2546345609375 0.06763110781250001 0.2550830125 0.0542231109375 0.24753075937500002 0.0475137328125 0.24466874062500002 0.0523556890625 0.23521369375 0.0450687828125 0.2349854375 0.0387701984375 0.2377970640625 0.01887246875 0.2439717171875 0 0.2391449765625 0 0.2417838078125
0 0.5781755375000001 0.0408259625 0.5780799625 0.0462836046875 0.5800702624999999 0.051583701562499994 0.5915425734374999 0.050717204687499996 0.6041260890625 0.04587361875 0.6042080078125001 0.041195640625 0.60017279375 0.033714100000000004 0.5876712000000001 0.03387970625 0.5781755375000001 0.0408259625
0 0.6771217453125 0 0.694405796875 0.005573675 0.7111337515625 0.0019743265625 0.711900759375 0 0.6771217453125 0
0 0.7131702921875 0.06411105781250001 0.72177320625 0.048667279687499995 0.7136072 0.039161839062499995 0.6937777390625 0.041438178125 0.68216889375 0.05010130625 0.6788352796874999 0.0620325703125 0.681895825 0.06569456875 0.6922842390625 0.06724583281249999 0.7089712359375 0.065985475 0.7131702921875 0.06411105781250001
0 0.81281440625 0.0838371109375 0.8013967093750001 0.08158495625 0.7856843828125 0.0866648578125 0.7845185640625 0.0937606 0.7843820296875 0.10155723125 0.79795386875 0.099753525 0.8137208093750001 0.0915549703125 0.81281440625 0.0838371109375
1 0.5390625 0.3890625 1 0.3890625 1 0.07440625937499999 0.9880005687499999 0.0721626671875 0.9794522703125 0.0844877921875 0.94197479375 0.08342528437499999 0.9261532390625 0.0947424921875 0.9247826187499999 0.11353317968750001 0.9164800828124999 0.11182436874999999 0.8960036312499999 0.0915692515625 0.8719204984375001 0.098838659375 0.878947990625 0.11388051562499998 0.8705089203125 0.1199683359375 0.8602980015625 0.10828145156249999 0.8312322875 0.1026904484375 0.8196097921875 0.11213323906249999 0.817387384375 0.120087415625 0.774476765625 0.13189337968749998 0.7711158453125 0.1453839703125 0.754524421875 0.1411866890625 0.742200321875 0.13121667343750001 0.72235720625 0.1342726765625 0.7068769875 0.12609830625000001 0.68496165 0.12853219062500001 0.6774562859375 0.1407785453125 0.6637342609375001 0.15115854374999999 0.6434405828124999 0.1799434296875 0.6318590453125 0.18704723125 0.5814294125 0.21187921250000002 0.5843534234375001 0.2233378421875 0.564401078125 0.23263115 0.5390625 0.2345449578125 0.5390625 0.3890625
0 0.28220043437500003 0.4111526171875 0.263843846875 0.40979097031249995 0.2647656390625 0.42712605937500003 0.276890925 0.4344545796875 0.29403658906249996 0.434991653125 0.29792636250000004 0.4227893734375 0.2907411421875 0.41325565624999994 0.28220043437500003 0.4111526171875
0 0.10509222968750001 0.9384265359375 0.1234488203125 0.9397881874999999 0.13952812812499998 0.9312454265625 0.1298889375 0.9218970578124999 0.12628829531250002 0.9175888234375 0.1102732390625 0.9224625796874999 0.1052528578125 0.92925403125 0.10509222968750001 0.9384265359375
0 0.1685679875 0.8823341499999999 0.1759780875 0.87902635625 0.1786248125 0.8678340015625 0.1714395921875 0.858300284375 0.1616237140625 0.8590416718749999 0.154165425 0.8651012171874999 0.14912898125000001 0.8728099171875 0.151454446875 0.8799625765624999 0.1685679875 0.8823341499999999
0 0.3565511453125 0.6437067046875 0.3553723484375 0.641047625 0.346590696875 0.6527033484375 0.34644613125 0.6609586046875 0.35613351249999997 0.6675552234375 0.3684676140625 0.6629594843750001 0.3674655078125 0.6502106484375 0.3565511453125 0.6437067046875
0 0.3656379890625 0.6146232171875 0.35583816874999996 0.6144473546875 0.3639291171875 0.6422334125 0.3723091953125 0.6535089562499999 0.3832717484375 0.65726115 0.3883242546875 0.6486351984375001 0.3775865828125 0.6320414968750001 0.3656379890625 0.6146232171875
0 0.262539115625 0.6242422890625 0.2567736328125 0.6036088921875 0.23957977812500003 0.6058235703125 0.2393870265625 0.616830578125 0.2391621453125 0.6296720890625 0.25135168281250003 0.6333316078125 0.262539115625 0.6242422890625
0 0.3883304671875 0.7182535796874999 0.40068062812500005 0.712740590625 0.3902642140625 0.677801875 0.3768316296875 0.67515228125 0.3778176734375 0.68881836875 0.3883304671875 0.7182535796874999
1 0.5390625 1 0.5390625 0.7244017515625 0.5083983109375 0.7192613375000001 0.5105149640625 0.7383382562499999 0.488493484375 0.736337375 0.46269466875000004 0.7401180203125 0.43957470781249997 0.7308718078125 0.426318815625 0.7181324546875001 0.41033588125 0.7211717109375 0.399116325 0.7320955296875 0.38184215625 0.7388964640625 0.3669095203125 0.7519328046875 0.3172777671875 0.7172078875000001 0.302505759375 0.72107171875 0.3457295171875 0.7718532687499999 0.2656060390625 0.7989738109375 0.23803410625 0.8340336515625001 0.23288522500000003 0.8481631078125 0.22780059375 0.858623559375 0.21209072812500002 0.8460695515625 0.1922662125 0.8585593359375 0.20558635781249998 0.8676296859375 0.1771890109375 0.8798509343750001 0.1902360875 0.904514546875 0.19012364843750001 0.9109353015625 0.1543161984375 0.9264643421875001 0.14658484375 0.9481171500000001 0.14385780625 0.9638957593749999 0.12148294374999999 0.9820743953125 0.099332959375 0.9874115187499999 0.09524744375000001 1 0.5390625 1
0 0.23242925468750003 0.8042277437500001 0.23837142500000003 0.8147713875000001 0.2580031875 0.8132886109375 0.2607623515625 0.7956755 0.24732976562500003 0.7930259046875 0.23242925468750003 0.8042277437500001
0 0.090872565625 0.9807222281249999 0.0996863421875 0.9672320031249999 0.102317003125 0.9569568984375 0.0876413703125 0.955317228125 0.0801670234375 0.9622940249999999 0.0799582046875 0.9742182828124999 0.090872565625 0.9807222281249999
0 0.7449755734375 0.57840448125 0.7419150265625 0.5747424828125001 0.730360796875 0.5802869578125 0.7353570281249999 0.5923677062499999 0.7435366859375 0.601093484375 0.7539660593749999 0.6003057593750001 0.755159184375 0.5916506937499999 0.750108340625 0.582688596875 0.7449755734375 0.57840448125
0 0.8537550828124999 0.55227989375 0.841280796875 0.5508861749999999 0.831593984375 0.568747715625 0.8345726093750001 0.5770876921875 0.8533318281250001 0.5764494515624999 0.8596167578125 0.5744174890625 0.8608918031249999 0.5610844453125 0.8537550828124999 0.55227989375
0 0.8378243015625 0.56983440625 0.8252817468749999 0.572339003125 0.8218525609375 0.5897279078125 0.8301004843750001 0.5945553703125 0.8447152593749999 0.59267289375 0.8468420953125 0.5901763578125 0.8471151640624999 0.574583096875 0.8378243015625 0.56983440625
1 1 1 1 0.64098361875 0.9895249859374999 0.650255103125 0.9924626515625 0.6609340703125 0.9757210390625 0.6653130812500001 0.94676455625 0.653484775 0.92773226875 0.669716278125 0.91326768125 0.6630224609375001 0.927057975 0.648744146875 0.91461099375 0.6457911000000001 0.9062538406249999 0.64720094375 0.898748478125 0.6594472953125 0.877229090625 0.6392709515625 0.8666358765625001 0.6494146328125 0.867405746875 0.664929121875 0.8610525484375 0.6708594 0.8330161203124999 0.6659692875000001 0.819348709375 0.6732306343750001 0.8296415484375 0.6802395390625 0.8273918312500002 0.6897530421875 0.8105819546875 0.6980303703125 0.8093751765625001 0.7074650984374999 0.77376511875 0.71871965625 0.7704861203125001 0.72753226875 0.733764859375 0.7427639140625001 0.737636234375 0.7596014140625 0.7155160953124999 0.77373024375 0.7051686421875 0.7698399890625 0.6873840953125 0.7742977734375 0.6934232640625 0.7862997484375001 0.6798514250000001 0.7881034546875 0.6602267625 0.778684846875 0.649770084375 0.781031896875 0.644282328125 0.797019021875 0.6514190484375 0.805823571875 0.6564562406250001 0.81556533125 0.6657880625 0.8179750312500002 0.6479352484375 0.8263311312500001 0.6354473078125 0.8257170734375 0.621902775 0.8259614531249999 0.61222961875 0.8430433296875 0.5984939406249999 0.8542029921874998 0.59826183125 0.8674572656249999 0.5929515703125 0.8733087703125001 0.5867076 0.8730017406249999 0.5806547765625 0.861779428125 0.5725160796875001 0.8507146609374999 0.5547042249999999 0.8567317734375 0.5586029046875 0.8720099453125 0.5782685265625 0.8790895625000001 0.5791749312500001 0.886807421875 0.5726852 0.9005343296875001 0.5714511140624999 0.911528384375 0.5734687203125001 0.9152691546875001 0.5670199484375 0.9266570734374999 0.569943959375 0.938115703125 0.5740747500000001 0.9401396015625 0.5738289890625 0.9541735375 0.5726631703125 0.9612692796874999 0.5629080937500001 0.9830291359375 0.5627169453125 0.9939444171874999 0.5626109015624999 1 1 1