0 0.025135804687500003 0.40405824375000005 0.016280825 0.4065291578125 0.016749071875 0.4191328078125 0.021391234375000002 0.42891076406249995 0.032313721875 0.42973859062499997 0.034836271875000005 0.427835084375 0.036890573437500004 0.4133279234375 0.0352781125 0.404826940625 0.025135804687500003 0.40405824375000005
0 0.2154470265625 0.4101033375 0.20443353281249999 0.4103159609375 0.1991154046875 0.41724432343749995 0.200090803125 0.4330284515625 0.21074026406250002 0.4369776234375 0.2155123375 0.43629195625 0.22248182968750002 0.42844140781249995 0.22210458906250002 0.4147973078125 0.2154470265625 0.4101033375
0 0.32200622343749996 0.4129428234375 0.3165838828125 0.40310573749999995 0.30869109843750003 0.403554884375 0.3034639796875 0.4094427953125 0.2974698859375 0.433077475 0.3050896453125 0.435749678125 0.31018685156250003 0.4403253859375 0.31913284062499997 0.43681402656249996 0.32160328437499996 0.42652779374999994 0.32200622343749996 0.4129428234375
0 0.10007104687499999 0.3374707265625 0.10576641406250001 0.344186465625 0.1153105625 0.34281513124999996 0.12870349375 0.33335672656250004 0.1321750359375 0.311625553125 0.120511275 0.30131542499999997 0.107664396875 0.3045311359375 0.101891225 0.31666174375 0.10007104687499999 0.3374707265625
0 0.052257879687499995 0.21968611718750003 0.050242478125000004 0.224770103125 0.0528692421875 0.2396320421875 0.058564609375 0.2463477796875 0.064533003125 0.2499421703125 0.0700852546875 0.24931563437499998 0.07444118749999999 0.244409040625 0.07507825 0.237125896875 0.0705270953125 0.22630749374999998 0.060150664062500005 0.21923697187500002 0.052257879687499995 0.21968611718750003
1 0.5296875 0 0 0 0 0.043305584375 0.0049511546875 0.042241121874999996 0.014638418750000002 0.0482120625 0.013325390624999999 0.0722015234375 0.0211271671875 0.072792828125 0.0162772859375 0.092324840625 0.0238192390625 0.1138433890625 0.0337538296875 0.143922053125 0.039410295312499996 0.1600609640625 0.051802126562499995 0.1620475 0.0632317640625 0.16605580312499998 0.0685241921875 0.1863565109375 0.0671201546875 0.2113864203125 0.0740639484375 0.230764940625 0.085909728125 0.238994171875 0.10168280156250001 0.283130846875 0.1142566515625 0.28303648593749997 0.1221626390625 0.3003932359375 0.1362058359375 0.301457584375 0.1421353265625 0.314475146875 0.148558765625 0.3128672921875 0.1555935671875 0.3312053625 0.1669843015625 0.3446368390625 0.17932402812499998 0.33824065000000003 0.19267805625 0.3382054171875 0.19716389843749998 0.3228352015625 0.20694217343750002 0.32776569375000003 0.2130668859375 0.35650825468749997 0.2301786859375 0.34942639999999997 0.2498651421875 0.3488237609375 0.264181365625 0.3467667609375 0.27011085625 0.359784325 0.2840109375 0.35350639687499996 0.28503844375 0.3776732515625 0.301604190625 0.37683408906250004 0.31715563750000003 0.3696339734375 0.3413279375 0.3536611203125 0.3557351703125 0.3505636703125 0.3610532984375 0.34363530781249996 0.3754605296875 0.34053785937500003 0.3940805796875 0.325191540625 0.412154575 0.3160879171875 0.424130265625 0.31385352499999997 0.44945998437499995 0.31158390156250004 0.47372329375 0.294570596875 0.49889669531249997 0.2671528015625 0.51650244375 0.245445528125 0.5296875 0.23941158749999997 0.5296875 0
0 0.8356293406249999 0.5604187984375 0.8442112937499999 0.5610692312500001 0.8498934578125 0.5499790734375 0.8435478234375001 0.5327405828125 0.832443321875 0.5339936546875 0.8285035296875 0.543121178125 0.827411421875 0.5556065671875 0.8356293406249999 0.5604187984375
0 0.6618428390625001 0.37443512968750003 0.6672130734375 0.3758894890625 0.6743256796875 0.375381215625 0.6804628875 0.3590888109375 0.6727910234375 0.348033884375 0.6623756890625 0.3503865359375 0.6562773828124999 0.35725576718749996 0.653208778125 0.36540196875 0.6618428390625001 0.37443512968750003
0 0.8142908125 0.4991027625 0.8152009 0.48869826875 0.8105587390625001 0.47892031562500004 0.8043173171875001 0.478447271875 0.7979848875 0.479014678125 0.7969837890625 0.49045961875 0.8008457734375 0.5001784421875 0.8069051765624999 0.502732384375 0.8142908125 0.4991027625
0 0.733564240625 0.120128946875 0.73058664375 0.1272347015625 0.746749453125 0.1399805109375 0.7300537953124999 0.1512832921875 0.72941673125 0.1585664359375 0.7475817359375 0.148422365625 0.7550715828125 0.16155819062500001 0.769244690625 0.15215891406249998 0.77588905 0.1390469875 0.7760189609375 0.128583365625 0.76527849375 0.125674640625 0.753809953125 0.13108951093750001 0.733564240625 0.120128946875
0 0.7801400640624999 0.05453408125 0.782753621875 0.051590126562500005 0.7838457296875 0.0391047359375 0.777370184375 0.0323298671875 0.7685152046875 0.03480078125 0.757501709375 0.0350134046875 0.7465792234374999 0.034185578125 0.7372692 0.0418587375 0.737048278125 0.053362809375 0.7432507953125 0.0632590265625 0.7576191265625 0.0695847484375 0.767761434375 0.07035344375 0.7739118453125 0.0718669375 0.780101159375 0.06395725625000001 0.7779426453125 0.061698965625000005 0.7801400640624999 0.05453408125
1 1 0.5796875 1 0 0.8619148875 0 0.858300228125 0.004948534375 0.850550559375 0.012739953125 0.836650478125 0.01901788125 0.8347781937500001 0.031444140625 0.8058338171875 0.0481026625 0.8212164484375 0.0607893421875 0.827068134375 0.09265324999999999 0.8166270984375 0.1222349734375 0.8042873734375 0.1286311609375 0.7991123609375 0.1429017984375 0.8020121484375 0.15464239062500001 0.788021059375 0.16196076718750002 0.7818449484375 0.1876763453125 0.7824952140625 0.1981990984375 0.7787895484374999 0.21362844375 0.7909993609375 0.21769587812500002 0.7982029781250001 0.21614715312500002 0.7982682875 0.2423357734375 0.792313096875 0.256547278125 0.7977354375 0.2663843640625 0.7924694156250001 0.28169545 0.779791353125 0.265024365625 0.7698053640625 0.2894038421875 0.752329528125 0.30064749375 0.7493130296875 0.3171764203125 0.75043154375 0.34030282500000003 0.7644747390625 0.34136717031249997 0.7735506390625 0.3273921859375 0.78465514375 0.32613911406249996 0.7839270734375 0.33446270624999996 0.7770485890625001 0.34127280781249997 0.7669583875 0.34888683593750003 0.7349454062499999 0.3736915609375 0.7238409031249999 0.3749446328125 0.71719654375 0.388056559375 0.69090463125 0.3923479515625 0.6955467921875 0.4021259078125 0.705272959375 0.398673675 0.6945978 0.42195357187500004 0.7058843234375 0.4186196015625 0.721240546875 0.3956944859375 0.7366099734375 0.39057526875000004 0.7421101203125 0.3815660078125 0.7986726421875 0.3544325296875 0.8089059593750001 0.3541607765625 0.804875159375 0.36432874531250004 0.79817869375 0.36905795 0.7963974171875 0.38044375937499997 0.7993882171875001 0.391143903125 0.8013001109375001 0.432135334375 0.8080618859375001 0.45359475156249995 0.816566034375 0.47309153125 0.823093684375 0.48824912343750004 0.8241079875 0.49461007968750004 0.8032384125 0.5087385578125 0.7803402375 0.5101451234375001 0.7578714046874999 0.5335785125 0.75930185 0.544160396875 0.7685729718750001 0.5459104109374999 0.7798205906250001 0.5519996125 0.8071136031249999 0.53626328125 0.8216118437500001 0.53212538125 0.8386715375 0.516660803125 0.8505562187500001 0.515466859375 0.870710925 0.527467871875 0.880541303125 0.5407810875 0.88734198125 0.55281733125 0.8730778640625001 0.5632570578125 0.878699975 0.5796875 1 0.5796875
0 0.2251739390625 0.9399376187499999 0.2167351 0.9466294578125 0.21031166093749998 0.9482373140625 0.2103894671875 0.9293909687499999 0.203328965625 0.9382819687499999 0.196775615625 0.9503534453124999 0.1859962453125 0.9568678937499999 0.18944208906249999 0.9623657921875001 0.1934471890625 0.979426890625 0.2001047515625 0.9841208625 0.2048768265625 0.9834351953125001 0.206801215625 0.979391659375 0.2164231703125 0.9591739796875001 0.2251739390625 0.9399376187499999
0 0.2062016421875 0.8515699046874999 0.1996350875 0.845835484375 0.1926134890625 0.8453033109374999 0.191105240625 0.8535677734375 0.1889599296875 0.86911538125 0.195981528125 0.8696475546875 0.199882415625 0.86994320625 0.203003125 0.870179728125 0.2067608984375 0.86313310625 0.2062016421875 0.8515699046874999
0 0.2259380828125 0.6708273984375 0.22015170624999997 0.6651521109375 0.2084490421875 0.6642651546875 0.2005173546875 0.6741374734375001 0.1991522203125 0.6897442109374999 0.209021503125 0.6936342546875001 0.2152629234375 0.6941072953124999 0.2193458296875 0.6923220484375 0.22709549999999998 0.68453063125 0.2259380828125 0.6708273984375
0 0.16569488593749998 0.6233202906249999 0.170011915625 0.6278368703125 0.180154225 0.628605565625 0.1818965984375 0.626642928125 0.1873057359375 0.6186741171875 0.1868374859375 0.606070465625 0.182702475 0.5994729875 0.17021963281250002 0.5985269015625 0.1658637 0.6034334953125 0.163484265625 0.612679278125 0.16569488593749998 0.6233202906249999
0 0.27715748281249997 0.740692215625 0.2818774515625 0.731623825 0.27879564375 0.72196413125 0.26823719375 0.7169745093750001 0.26580565156249997 0.7178375671875 0.2623730125 0.730145565625 0.2634783234375 0.735466071875 0.2693557078125 0.7401009125 0.27715748281249997 0.740692215625
0 0.284569525 0.7726743875000001 0.2886135265625 0.7803123125 0.296415303125 0.7809036171875 0.3028387421875 0.7792957625 0.30618037187499997 0.7680282109375 0.3058031328125 0.7543841125 0.29304358124999996 0.74950930625 0.2884572078125 0.755164140625 0.28662382656249996 0.758167228125 0.284569525 0.7726743875000001
0 0.3927286859375 0.829049825 0.3848491046875 0.8473048671875001 0.3910127203125 0.86662425625 0.39968568125 0.866234240625 0.40440565 0.85716585 0.4091645203125 0.8386742859374999 0.3991521234375 0.8274419703125 0.3927286859375 0.829049825
0 0.5074536921874999 0.8283188203125 0.5021223625 0.817441284375 0.49276022968750005 0.8167317203125 0.48170783281249996 0.8263675171875 0.47538860625 0.8447408203125001 0.483333496875 0.8526744 0.48957491875 0.8531474421875 0.49365782343750003 0.85136219375 0.5029678484375 0.8436890359374999 0.5074536921874999 0.8283188203125
1 0.5296875 0.5796875 0.17516638906249998 0.5796875 0.1774621515625 0.5875550046875 0.1850041046875 0.609073553125 0.19153175625000002 0.6242311453125 0.178047815625 0.63473 0.1625484765625 0.6503128390625 0.1455797921875 0.66473696875 0.1416400015625 0.6738644890625001 0.16375800000000001 0.67239879375 0.185134725 0.6614507921875 0.19807260937499999 0.6571946328125 0.2191374046875 0.6587911546875 0.23240042343749998 0.6597963703125 0.2531011828125 0.6655546890624999 0.2710452671875 0.6669146875 0.267937759375 0.6844840624999999 0.26537630624999997 0.6958107421874999 0.275622828125 0.7133448859375 0.281409203125 0.719020175 0.2943470890625 0.714764015625 0.296154771875 0.738989996875 0.3094177921875 0.7399952140625 0.317401584375 0.7385056203125 0.31930027656250004 0.7616911546875 0.33236807343749997 0.7469713718750001 0.3462424546875 0.7679225140625 0.3572170484375 0.7771330640625 0.378099825 0.7808104828125 0.3825988734375 0.7832461640625 0.3908821 0.8142470156249999 0.40144055156249997 0.8192366375000001 0.40661556406250005 0.8049660015625001 0.41247974374999996 0.79179494375 0.42055454843750006 0.7892649 0.43294637968750005 0.7912514359375 0.442035484375 0.795082346875 0.4481858953125 0.7965958421874999 0.455987671875 0.7971871453125 0.4729695609375 0.8005689109375 0.4846722234375 0.8014558671875001 0.4908226359375 0.802969359375 0.498533403125 0.8046011125 0.50923496875 0.8169330109375 0.5220950484375 0.8315231953125 0.5284795843750001 0.8393385125 0.5296875 0.8385050484375001 0.5296875 0.5796875