0 0.10148619375000001 0.06100464375 0.10536722812499999 0.049732909375 0.09767240625 0.0359831265625 0.0837110046875 0.03707549375 0.0843785453125 0.0401736703125 0.0863811703125 0.04946819375 0.0895920921875 0.06071010624999999 0.10148619375000001 0.06100464375
0 0.13733939687500002 0.26035035781250004 0.1392488609375 0.24724929687500002 0.1305993046875 0.24005004375 0.1180376625 0.23665733125 0.11622392968749999 0.2465421578125 0.12096139531250001 0.257547946875 0.130692465625 0.2624456296875 0.13733939687500002 0.26035035781250004
0 0.10653419374999999 0.1466623890625 0.09826755937500001 0.12659819375 0.08735924375000001 0.1272183203125 0.0839232375 0.1405555046875 0.084016396875 0.1629510890625 0.09622874375 0.16106211718750002 0.10653419374999999 0.1466623890625
0 0.5569190265625 0.4835794703125 0.5707846984375 0.485703334375 0.595592309375 0.4690604515625 0.5958794984375 0.459411746875 0.588883271875 0.456225334375 0.5709140515625 0.46434047500000003 0.5461711171875 0.47030192812499994 0.538028696875 0.4800985171875 0.5465514687499999 0.4830488078125 0.54581925 0.49063206406250004 0.5569190265625 0.4835794703125
0 0.17812666562499999 0.41304575000000004 0.16798162187500001 0.413547815625 0.15796336093750002 0.4182988390625 0.1550681109375 0.4304852375 0.1617771484375 0.44332035625 0.1774876078125 0.44302459375 0.18508926875 0.434378790625 0.185790434375 0.4193303390625 0.17812666562499999 0.41304575000000004
0 0.0590640109375 0.3546277578125 0.064215453125 0.3602338046875 0.07655458125 0.36259379375 0.08657284062500001 0.35784276875 0.0859699765625 0.3440631640625 0.0798327515625 0.33754245312500003 0.07175500781250001 0.3366576125 0.058142903125 0.3430316640625 0.0590640109375 0.3546277578125
0 0.21199009531250002 0.47503783593750004 0.2188905921875 0.4814404859375 0.22798517343750002 0.49070518593749995 0.2360318640625 0.48412483437500003 0.2364147859375 0.47125989375 0.230277559375 0.46473918437500006 0.2213408140625 0.46718863749999995 0.21199009531250002 0.47503783593750004
0 0.9335361296875 0.152019678125 0.9395155187500001 0.1468262328125 0.9422193078125 0.1410723046875 0.93585956875 0.133518871875 0.933887996875 0.1316895421875 0.9232979265625 0.1301261578125 0.9200533796875 0.1370308703125 0.919194378125 0.140365165625 0.9215152453125001 0.147476178125 0.9281932296875001 0.152846103125 0.9335361296875 0.152019678125
0 0.9323822265625001 0.24183814374999998 0.9293601953125 0.24977558125 0.929391246875 0.257240775 0.9316163859375 0.267568025 0.934032984375 0.27146280156249997 0.94277826875 0.27544581875 0.9511742546875 0.27414715156249997 0.9566128859375 0.2701044921875 0.9580126468750001 0.265619409375 0.9596995968750001 0.25148562343749997 0.95311734375 0.24289946406250001 0.9478701718749999 0.240509653125 0.9384884 0.24089365625 0.9354353124999999 0.2413658984375 0.9323822265625001 0.24183814374999998
0 0.9096963125 0.3488599734375 0.904575925 0.350719121875 0.90056810625 0.3577418953125 0.90520984375 0.371963921875 0.9149409140625 0.376861603125 0.919171246875 0.37087155312500003 0.9221932781250001 0.3629341171875 0.9220664953125001 0.35868515625 0.9205088984375 0.35145608125 0.9096963125 0.3488599734375
1 0.6500713859375 0 0.6390625 0.0027492765625 0.6390625 0.5296875 0.9618192703125 0.5296875 0.9518497171875 0.5152169078125 0.9501989609375 0.48559225 0.9358882625 0.48140293125 0.9221804265625 0.490993221875 0.9168375265625001 0.4918196453125 0.9240588390625 0.47042696250000005 0.932074475 0.45638141406250005 0.9123898203125 0.4455533265625 0.902405184375 0.43215772656249996 0.913727475 0.42613785625 0.9127753125 0.407076565625 0.9087700640625 0.38848751875 0.8920738203124999 0.38786861875 0.88631694375 0.3940947890625 0.8860659484375001 0.3599850484375 0.88069199375 0.3533462796875 0.8729635484375 0.357743121875 0.8810438609375 0.33301614218750003 0.8764668015625 0.30811268593749996 0.8689323859375 0.28046523749999996 0.8527484171874999 0.2456185359375 0.850205034375 0.2374747984375 0.8417779937500001 0.231308271875 0.8303289218750001 0.2330791828125 0.817609440625 0.21797231250000002 0.812998759375 0.21121548125 0.8007553609375 0.2056392578125 0.783934903125 0.175159578125 0.770260690625 0.16660323906250002 0.7539163140625 0.145654203125 0.7354425296875 0.111161684375 0.7310233078125 0.097972384375 0.73004009375 0.0714458984375 0.7171291515625 0.06277150000000001 0.703962075 0.0712110015625 0.692417271875 0.0761981484375 0.6822101218750001 0.061769821875 0.6726705109375 0.0504396703125 0.6733716765625 0.035391218749999995 0.6692060203125 0.0306998375 0.665296503125 0.008894556250000001 0.6564884515625 0 0.6500713859375 0
0 0.5631986859375 0.6142441328125 0.5759543593750001 0.58559255625 0.5743657109375 0.5708982859375 0.5630123671875 0.5694529609375001 0.5540419984375 0.5900490406250001 0.5431647359375 0.5981343609375 0.5385514828125 0.6169893515625 0.5434804093750001 0.621562671875 0.558109353125 0.6235684781249999 0.5631986859375 0.6142441328125
0 0.3895764625 0.7382095125 0.38067334218750004 0.7225123390625 0.37141835156249997 0.727145303125 0.3674105328125 0.7341680765625 0.3738970578125 0.745970471875 0.38229304375 0.744671803125 0.3895764625 0.7382095125
0 0.308954296875 0.7666870625 0.322374940625 0.7667454796875 0.3286725734375 0.7593685234375 0.33042420156249996 0.7345533062499999 0.3219014296875 0.7316030140625001 0.3087033 0.732577321875 0.30545875312500004 0.7394820359375001 0.30377180312499996 0.753615821875 0.308954296875 0.7666870625
0 0.3046100328125 0.6403690484375 0.30922071406249996 0.647125878125 0.3268380671875 0.6593408734375 0.3290968296875 0.6515214968749999 0.330338753125 0.635322259375 0.3229932265625 0.626854159375 0.31078088125000003 0.62874313125 0.3046100328125 0.6403690484375
0 0.2996579734375 0.8663021140625 0.304555846875 0.8634102406249999 0.3072596359375 0.8576563125 0.30567098593750003 0.8429620421875 0.2960667 0.8423133234375 0.29094631249999997 0.8441724734375 0.2876060359375 0.854293421875 0.294092559375 0.866095815625 0.2996579734375 0.8663021140625
1 0 0.5296875 0 1 0.3244231140625 1 0.323560109375 0.9991992578125 0.3080411109375 0.99306255 0.2860666421875 0.9825886453125001 0.2978986375 0.9679527953125 0.3114796875 0.9541135468749999 0.30779268437499996 0.9333409906250001 0.2860717828125 0.9313650046875 0.2730651125 0.925906840625 0.29341987812500003 0.9142212828125 0.2890963859375 0.8978157453125 0.2874120046875 0.8863377124999999 0.28095653593750003 0.8820005125 0.2683327875 0.863677409375 0.2577452859375 0.836502203125 0.254787928125 0.8337582109374999 0.2472224609375 0.798645565625 0.2378432578125 0.7734177484375 0.25209185 0.762676675 0.24570105625 0.7476580453125 0.230342465625 0.7276236734375 0.21755830937499998 0.7231982359375 0.20652320937500002 0.7195694015624999 0.18792007187499998 0.7064397421875 0.170843478125 0.6930739625 0.152305015625 0.6692628734375 0.14069810625 0.6593196296875 0.1304909546875 0.644891303125 0.12276507968749999 0.623676325 0.107057190625 0.5983602671874999 0.1122112015625 0.5783544921875 0.113644584375 0.555722784375 0.1013701328125 0.542681365625 0.0897606515625 0.55834994375 0.090045271875 0.574313059375 0.0808860140625 0.5757297875 0.0744952203125 0.5607111578125 0.0625390125 0.5454862265625 0.057382678124999996 0.5296875 0 0.5296875
0 0.11757257031249999 0.5296875 0.1256990921875 0.5421196593750001 0.1396604953125 0.5410272921875 0.144284409375 0.5296875 0.11757257031249999 0.5296875
0 0.684407725 0.5296875 0.6821263203125 0.5478536125 0.6901083328125 0.5519546890625 0.7001265937500001 0.5472036640625 0.6983750015625 0.5296875 0.684407725 0.5296875
0 0.7160208015625 0.617310890625 0.7044138921875 0.6073676484374999 0.6917875734375001 0.6146563640625 0.6984008796875 0.63070771875 0.7017075328125 0.6387333953125001 0.7129340921875 0.6359297625 0.7160208015625 0.617310890625
0 0.72310505 0.6941165328125 0.713405034375 0.696684046875 0.710509784375 0.7088704453125001 0.723770021875 0.7228265281249999 0.7361738265625 0.7145050859375 0.7330586343750001 0.7000469390624999 0.7279071921875 0.6944408937500001 0.72310505 0.6941165328125
0 0.6941240734375 0.7829034984375 0.689099415625 0.7815464125 0.6794951296875 0.780897690625 0.67418328125 0.7891893109375 0.6782842609374999 0.804562125 0.6873477890624999 0.80636163125 0.698351834375 0.80252526875 0.6956816703125 0.790132571875 0.6941240734375 0.7829034984375
0 0.778296178125 0.8733968265625001 0.7712042203125 0.8734266500000001 0.7600733921875 0.8730140484375 0.7535842984375 0.8868234749999999 0.7591160890624999 0.9051764015625 0.7711369734375 0.9097199015624999 0.78102845 0.9007199171875 0.7830336453125 0.8844026203125 0.778296178125 0.8733968265625001
0 0.8255802515624999 0.9354473328124999 0.8171532109375 0.929280803125 0.805830921875 0.9353006749999999 0.8074195718749999 0.9499949453125 0.815083340625 0.9562795328125 0.8211895124999999 0.955335046875 0.82704211875 0.9458926406250001 0.8255802515624999 0.9354473328124999