0 0.18816611249999998 0.55340445625 0.188594553125 0.5388067578125 0.1852347421875 0.5273888265625 0.17294969375 0.536810703125 0.166079253125 0.55058649375 0.1638816484375 0.5625164125000001 0.1625686234375 0.5757802187500001 0.16500815 0.5870807375 0.167983228125 0.5801341328125 0.1746037453125 0.5748736640625001 0.1821802515625 0.5685141375 0.18816611249999998 0.55340445625
0 0.1900029953125 0.4278727296875 0.17995125781250002 0.42414821406250003 0.1704627734375 0.4327058609375 0.1701771453125 0.4424376609375 0.178245496875 0.4507932421875 0.1914508296875 0.44148878125 0.1900029953125 0.4278727296875
0 0.3488116953125 0.49331250937500004 0.34548758749999997 0.480678103125 0.333559575 0.47793523281250005 0.3249199671875 0.48904324531250004 0.3252689984375 0.50862425625 0.3326669890625 0.508347103125 0.33645524375 0.5051673375 0.3440317484375 0.498807809375 0.3488116953125 0.49331250937500004
0 0.4527522796875 0.5712884015624999 0.44606035625 0.5789818171875 0.4428710578125 0.5932272734375 0.4584088046875 0.5988727500000001 0.4640733328125 0.594711340625 0.46527924687500005 0.5850969593750001 0.4637957078125 0.57269738125 0.4527522796875 0.5712884015624999
0 0.46900040625 0.42683783125 0.45969044062500003 0.429313103125 0.4539188 0.4371239375 0.45352606250000005 0.450505159375 0.4615944140625 0.45886074218750006 0.4736652390625 0.4567377140625 0.48226914218749994 0.44684617656250003 0.4771401671875 0.4327604625 0.46900040625 0.42683783125
0 0.3758730265625 0.421061284375 0.36369508906250003 0.42683373593749996 0.361247559375 0.44727897812500006 0.37126359375 0.45221996718749996 0.375900725 0.45159056875000003 0.3835129359375 0.44401456406250006 0.3827354640625 0.4390312515625 0.3758730265625 0.421061284375
0 0.28453081406249997 0.3544610015625 0.287962034375 0.36344598437500003 0.2942969234375 0.367917315625 0.3053760578125 0.36810982187499997 0.309342828125 0.35884768437500003 0.30955705 0.351548834375 0.30063981875 0.3406428875 0.29132985 0.34311816093749997 0.28453081406249997 0.3544610015625
0 0.274558490625 0.3165577796875 0.2694295125 0.30247206875 0.2602266546875 0.30129791875 0.2525430359375 0.311306871875 0.24938944218749998 0.324335846875 0.255617221875 0.3324566015625 0.2666249484375 0.3350820546875 0.2694572125 0.33300135000000003 0.2722537734375 0.332137121875 0.2761491375 0.32530793281250003 0.274558490625 0.3165577796875
0 0.2023637640625 0.2585055875 0.1965564203125 0.26753289687500004 0.1963422 0.27483174374999997 0.20628682656250003 0.2822056828125 0.2155253875 0.28216335937500003 0.220233928125 0.2791010109375 0.22250293906250002 0.2647381421875 0.21436318281250002 0.25881550781249996 0.2023637640625 0.2585055875
0 0 0.059904184375 0.003907678124999999 0.064683353125 0.0075174140625 0.067585959375 0.014915406249999999 0.06730880781250001 0.019588240625 0.06546293125 0.0244752953125 0.0563182109375 0.0146020765625 0.046511321875 0.001610965625 0.0485169359375 0 0.0513412125 0 0.059904184375
0 0 0.044260103125 0.011170859375 0.037526339062500004 0.0132256515625 0.030462320312500003 0.0105362015625 0.027677126562499998 0 0.0263328609375 0 0.044260103125
0 0.052520315625 0.01349720625 0.042397173437500005 0.012205640625 0.029298951562499998 0.0178606796875 0.034320815625 0.0355958171875 0.04720481875 0.0372396265625 0.0481965109375 0.034924090625 0.052869346875 0.03307821875 0.085364978125 0.027455946874999998 0.062429239062499996 0.022087621874999998 0.052520315625 0.01349720625
1 0.4890625 0 0.077682078125 0 0.0838814390625 0.0150563671875 0.090958096875 0.025727489062499997 0.10476238593750001 0.027488714062500003 0.0966146234375 0.053311835937499996 0.11417145937499999 0.053109775000000005 0.066657625 0.098330959375 0.06339691875 0.11500935937500001 0.1273687890625 0.0755510703125 0.12905854218749999 0.11239755468749998 0.13779725468749998 0.1293858765625 0.1419345390625 0.1457871234375 0.1574999890625 0.1819618859375 0.163692065625 0.1912991140625 0.176576065625 0.19294292500000002 0.184751528125 0.197649084375 0.20411323124999997 0.1988983265625 0.2057752859375 0.2052155296875 0.1907650859375 0.2130686875 0.1938035671875 0.23543489218749997 0.20594580156250003 0.23087891562500001 0.21542628125 0.254067025 0.2339034046875 0.2539823765625 0.2489850125 0.24369626875 0.2560893703125 0.2848966703125 0.2696080296875 0.29638969375 0.2839755671875 0.31043308281250004 0.2961535046875 0.30466062968749996 0.3114413265625 0.318821434375 0.3229766015625 0.334945525 0.3124607203125 0.34703517968750003 0.315749125 0.3608860640625 0.336209634375 0.35617034687500004 0.3350474265625 0.33282249531249997 0.3418741609375 0.35200893906249997 0.343143478125 0.37170736249999997 0.358824040625 0.37248694375 0.36735653749999997 0.36502835624999996 0.3842430125 0.356193553125 0.40055823124999995 0.366822346875 0.41174447656249996 0.3633654296875 0.4215462890625 0.37560526875 0.4463225984375 0.381208421875 0.4631019625 0.376023046875 0.4788896359375 0.3731532015625 0.4888699640625 0.3793106671875 0.4890625 0.3792744875 0.4890625 0
0 0.13385818437500002 0.1691772984375 0.1381025796875 0.18192912187500002 0.14425895312499998 0.1924828234375 0.1555523046875 0.18537648125 0.1568296265625 0.1733291484375 0.1524067140625 0.1666597015625 0.14320385468750002 0.16548555 0.13385818437500002 0.1691772984375
0 0.495856175 0.4207638125 0.50039789375 0.426532646875 0.5050003078125 0.430233475 0.5126709968750001 0.43640152031249996 0.51700708125 0.42242448593750004 0.517249865625 0.41415245624999997 0.5159281640625 0.40568082343749995 0.5065412484375 0.40448318906249997 0.49612930625 0.41145778125000004 0.495856175 0.4207638125
0 0.5050343234375 0.295314003125 0.496969109375 0.30258800468749997 0.49356700781249996 0.3114948234375 0.49645319531250004 0.32016606406250003 0.504906128125 0.32643391093749996 0.5160396171875 0.32162713125 0.5210972500000001 0.3098179046875 0.519957634375 0.29514225 0.516107115625 0.292575228125 0.5050343234375 0.295314003125
0 0.581374440625 0.0217138859375 0.5801673265625 0.036090132812499995 0.5885899109375 0.043391984375 0.6019487375 0.043020625 0.6030951546875001 0.030712385937499996 0.6041505296875 0.021506157812500003 0.595788640625 0.0121362984375 0.5871536203125001 0.0120724703125 0.581374440625 0.0217138859375
0 0.603125503125 0.029678381250000004 0.6042954671875 0.043320034375 0.6143128843750001 0.0497874875 0.620752915625 0.0443818890625 0.6197043437499999 0.0266042234375 0.6160359125 0.01783318125 0.603580721875 0.014168328124999999 0.603125503125 0.029678381250000004
1 1 0.609375 1 0 0.6375562359375 0 0.6281337312499999 0.006922181249999999 0.6261747234375 0.0201646203125 0.628187625 0.03183806875 0.6278841453125 0.0421781015625 0.6196064984375 0.0566901265625 0.6262218125000001 0.072064403125 0.6268219671875 0.0783682265625 0.6234198656250001 0.0872750484375 0.598691571875 0.073741321875 0.5896013328125 0.0891875484375 0.601031496875 0.1010246234375 0.59398450625 0.1271102953125 0.599878275 0.1403167578125 0.610708284375 0.1458500109375 0.600501975 0.17257047187500002 0.6157826578125001 0.1869745703125 0.6109071140625 0.192579775 0.5981180953124999 0.2002889625 0.5977539203125 0.212697003125 0.60307788125 0.21856564218750002 0.607285771875 0.2357085140625 0.5996082796875 0.2565243640625 0.5894323187499999 0.2822108203125 0.593700903125 0.2972856875 0.602875384375 0.3057213453125 0.610576421875 0.3108553859375 0.62447470625 0.3188558578125 0.6371423328125 0.315282684375 0.63352779375 0.33142753125 0.6298222124999999 0.3506743859375 0.643956478125 0.377386721875 0.6507235328125 0.387590978125 0.664797103125 0.4163713234375 0.6689746453125001 0.43454820156249996 0.6823031234375 0.4352108453125 0.6974927624999999 0.45271695312500004 0.6923440859375 0.4676281890625 0.702961659375 0.48039946718750004 0.6937803765625 0.4989477015625 0.68959603125 0.5077547203125 0.6944951203125 0.5280994078125001 0.70616806875 0.5316644546875 0.7153190046875 0.514150221875 0.7312908874999999 0.5317561343749999 0.7416049796874999 0.5548674453125 0.7428659859375 0.5654070875 0.7487901031249999 0.5775795484375 0.7539623234375 0.588618203125 0.7511300296875 0.6048628515625001 0.7521041 0.609375 0.7879973093749999 0.609375 0.789550975 0.6066511765625 0.7932944546874999 0.609375 1 0.609375
0 0.1892555984375 0.962784415625 0.18591418906249998 0.9696232296874999 0.186301909375 0.983165078125 0.192468809375 0.9870655109375001 0.1970712234375 0.9907663375 0.203177428125 0.996734778125 0.20964780625 0.990295175 0.21482683125 0.9743499359375001 0.2151606578125 0.962975896875 0.21149222656250002 0.9542048546874999 0.1981637484375 0.9535422109375 0.1892555984375 0.962784415625
0 0.1589234078125 0.9796719812500001 0.1638293015625 0.973032771875 0.156280003125 0.9627287125 0.1500524078125 0.9608962859375 0.14144773593749999 0.9597984546875 0.1326306265625 0.96593865 0.13085370624999998 0.9729770703125 0.13307904375 0.977412490625 0.143126809375 0.9828459421875 0.15100993437500002 0.9817759625000001 0.1589234078125 0.9796719812500001
1 0.297742278125 0.609375 0.30592858125 0.6258304031249999 0.32220394375 0.6330962796875 0.3317661421875 0.6550737859375 0.3252654171875 0.662547390625 0.31732159531250004 0.665685378125 0.3114817203125 0.6773948 0.2986623546875 0.6861379921874999 0.2834727140625 0.6686318828125 0.260484190625 0.6760776359375 0.26676567812499996 0.70282595 0.271421984375 0.7314426640625 0.2773461015625 0.743615125 0.27929830624999996 0.7573565796875 0.284652615625 0.7621912125 0.27875204375 0.7759686421875001 0.282959934375 0.7931115171875 0.294693578125 0.7946085578125001 0.3023339203125 0.8018106062499999 0.307748925 0.8045772328125 0.3082580375 0.8139830671875 0.28942351093749996 0.8136558062500001 0.27999944375 0.840476071875 0.3003074125 0.8441049484375001 0.30737794687500003 0.8439691687499999 0.2994576703125 0.8730570453125001 0.28880974843749996 0.861319771875 0.2760814265625 0.866960953125 0.2864562171875 0.8880042578125 0.2958734796875 0.8881678875000001 0.2959577203125 0.912049771875 0.2884319671875 0.927695603125 0.281658109375 0.9444752390625 0.286223371875 0.9761939640625 0.294706653125 0.9814278109375 0.30562770625 0.9838590515625001 0.3059154171875 1 0.306885625 1 0.3202778859375 0.9929933296875 0.3197907828125 1 0.4890625 1 0.4890625 0.609375 0.3393756296875 0.609375 0.334332109375 0.621151275 0.3215797921875 0.609375 0.297742278125 0.609375
1 1 1 1 0.609375 0.50500311875 0.609375 0.50461285625 0.6226718890625 0.4948617640625 0.6338822984375 0.491125834375 0.65416315625 0.48991872187499996 0.668539403125 0.489251065625 0.6912874812500001 0.508206984375 0.6874787265625 0.509103815625 0.7104264078125 0.504615990625 0.7295734609375 0.5129778796875 0.7389433203125 0.5133352515625 0.7535191718750001 0.491075078125 0.73614884375 0.4890625 0.7412290500000001 0.4890625 0.79868815625 0.5039954265625 0.8042213203124999 0.4890625 0.8120340484374999 0.4890625 0.8388190468750001 0.49201219687500003 0.8379802 0.516686596875 0.8265980374999999 0.5223747328125 0.82005863125 0.5283595453125 0.8301630875000001 0.524205546875 0.8379361 0.515388440625 0.8440762953125001 0.5164673578125 0.8608199578125 0.5233861531249999 0.8658541953124999 0.522657803125 0.8906702796874999 0.5321896546875 0.9136817890625 0.542443053125 0.9388611093750001 0.5506532015625 0.9534009859375001 0.5463171171875001 0.967378021875 0.5365424812499999 0.9526385390625001 0.520988665625 0.9475404734375001 0.5197815515624999 0.9619167187500001 0.5265789562500001 0.9710869734375001 0.537500009375 0.973518215625 0.5222428703124999 0.985064009375 0.5081928453125 0.9822335546875 0.49365725312500003 0.99594715625 0.492309 1 0.54125906875 1 0.554163090625 0.9943259390625 0.56373209375 0.9893195515625 0.576369371875 0.9867803828125 0.5902373078125 0.9958148578125 0.595718325 1 1 1