0 0.40452685781250003 0.43718690625 0.402601365625 0.41681293124999996 0.379471265625 0.4135293171875 0.35769671875000003 0.42224482500000005 0.3824173484375 0.4271202953125 0.40452685781250003 0.43718690625
0 0.2986858484375 0.2936540125 0.297545975 0.276904296875 0.281405753125 0.2713929828125 0.27557502500000003 0.2847137375 0.2793260109375 0.2962723109375 0.289693346875 0.29813439062499997 0.2986858484375 0.2936540125
0 0.3143453578125 0.1475617609375 0.3167022234375 0.15843454375 0.3372597734375 0.1555959703125 0.3418927890625 0.14249548750000002 0.34051795 0.1361530328125 0.335746375 0.1313774625 0.324358446875 0.136298384375 0.3143453578125 0.1475617609375
0 0.25292563281249997 0.43303369218750004 0.25430047031249997 0.43937614687500004 0.262449503125 0.44824149843749994 0.27801978906249997 0.44537795312500006 0.280022409375 0.44312527968750004 0.28004168906250004 0.437468615625 0.27487730312499997 0.43088091406249995 0.2607204171875 0.42877358593750003 0.25292563281249997 0.43303369218750004
0 0.136566621875 0.39036471875 0.13782218125 0.37317445781249997 0.12466660468749999 0.36994079375 0.1122773671875 0.375988053125 0.10984337500000001 0.3877419265625 0.11899371875 0.3954809390625 0.136566621875 0.39036471875
0 0.1580254828125 0.35721043125 0.16006666249999998 0.343644428125 0.145713371875 0.3406310375 0.13432544531249999 0.3455519609375 0.13707512187499998 0.3582368703125 0.1450277484375 0.36619615781250003 0.1580254828125 0.35721043125
0 0.1988405875 0.263965146875 0.21761120625000002 0.25862865468749996 0.21625565156249998 0.24662953437500001 0.203492884375 0.245208003125 0.19210495625 0.25012892343750004 0.19426541875 0.260095640625 0.1988405875 0.263965146875
0 0.180162784375 0.1835456296875 0.18597423125 0.17588153906249998 0.18817325625 0.174534928125 0.1930219578125 0.156683846875 0.17966997499999998 0.15254411875 0.16089935625000001 0.15788061250000002 0.15508790781249998 0.1655447046875 0.1694026359375 0.1798714203125 0.180162784375 0.1835456296875
0 0.9438977718749999 0.095516709375 0.9403099874999998 0.103384265625 0.941812490625 0.1103156640625 0.9501238921875 0.10958796562499999 0.9655616953124999 0.10754964375 0.96405919375 0.10061824531250001 0.9632244703125 0.0967674703125 0.962556690625 0.0936868484375 0.9547625125 0.09191685000000001 0.9438977718749999 0.095516709375
0 0.7659210921875 0.12424426562499999 0.7621663625 0.131341665625 0.764670534375 0.1428939953125 0.776353609375 0.147953075 0.7916244671875 0.1451445984375 0.7925083578125001 0.134570884375 0.7911728 0.1284096421875 0.7883019609374999 0.1249333296875 0.778655003125 0.11949978593749999 0.7659210921875 0.12424426562499999
0 0.7378702078125 0.195073503125 0.7409407703124999 0.18970364374999998 0.7387704906250001 0.179691625 0.736400484375 0.17852577812499998 0.727254359375 0.17540270156249999 0.7153715625 0.17918979375 0.7102648859375 0.184934115625 0.7129360015625 0.1972566 0.7188610093750001 0.2001712171875 0.7283574140625 0.20002644374999998 0.7378702078125 0.195073503125
0 0.8178717359375 0.056227324999999995 0.8078744984374999 0.054061634375 0.7995467062499999 0.059597496875 0.797811703125 0.0711285984375 0.79933059375 0.073251834375 0.8120481140625 0.0733155171875 0.8168045109375001 0.0708390484375 0.8195411828125 0.063928878125 0.8178717359375 0.056227324999999995
0 0.8462431718750001 0.040598353125 0.8523679046874999 0.0346667984375 0.8506984578125 0.02696524375 0.8473267874999999 0.021178465625 0.8356273234374999 0.02092755 0.82272646875 0.0249018734375 0.821730990625 0.038531296874999996 0.828435365625 0.0414708265625 0.8318234265625 0.042449442187500006 0.8462431718750001 0.040598353125
0 0.7054654265625 0.2995386578125 0.7032951468749999 0.2895266390625 0.6978873609375 0.2841143234375 0.6856870625 0.2815529421875 0.6764917703125001 0.2928543546875 0.6807145531250001 0.2976837484375 0.68391928125 0.3027003703125 0.688993178125 0.306572375 0.7000248625 0.3037426703125 0.7054654265625 0.2995386578125
0 0.655132009375 0.3408298515625 0.6550142328125 0.3256352046875 0.6294122453125001 0.32473768125 0.61939861875 0.327380153125 0.617680003125 0.3341030921875 0.6283286312499999 0.3441575671875 0.64628699375 0.3488634109375 0.655132009375 0.3408298515625
0 0.7367470968750001 0.46875 0.7364351890625 0.4668283625 0.7254526718750001 0.4552335765625 0.723148225 0.4348350765625 0.71682376875 0.44961280156249994 0.703287915625 0.4408901765625 0.7111834828125 0.4626629859375 0.71175875 0.46875 0.7367470968750001 0.46875
1 0.45 0 0.45 0.29046145 0.46675254062500005 0.287380478125 0.47965339374999993 0.283406153125 0.4757808875 0.27530890937499997 0.48072061875000005 0.26879443125 0.4941223078125 0.267130571875 0.5154851203125 0.26800686875 0.52376374375 0.27689549687500004 0.5354632078125 0.2771464140625 0.5493821203125 0.27298485625 0.5548062953125 0.273589009375 0.5641029765625 0.2822904046875 0.583714396875 0.299505965625 0.59920441875 0.3318949453125 0.6129563859375 0.326963234375 0.6143738890625 0.30908365937500004 0.6068122125000001 0.2888511609375 0.600736646875 0.28035822499999996 0.59040551875 0.2766522234375 0.5838455093749999 0.2610406578125 0.5723293796875 0.2567517328125 0.590336909375 0.24703308750000003 0.59062163125 0.26299788749999997 0.6013030390624999 0.2634360359375 0.6155230609375 0.27043111875000003 0.6329641984375 0.277634659375 0.6419597703125 0.27517941874999996 0.630826696875 0.2580063140625 0.6337630921875 0.24224997187500003 0.6349644828125001 0.23802473124999998 0.628721975 0.228761640625 0.624499190625 0.2239322484375 0.6255336359375 0.218936853125 0.643007553125 0.21652406875 0.6733823234375 0.210136959375 0.7004018140625 0.1931549078125 0.7187596234375 0.180168409375 0.731342978125 0.16984560937499998 0.745212721875 0.1801085453125 0.764506640625 0.19097563281250002 0.7831163921875 0.2035702609375 0.7929466859375001 0.204965796875 0.7852180625 0.18396314375 0.768660815625 0.1661858859375 0.7608994156250001 0.1547995609375 0.756391909375 0.1340053671875 0.75355385 0.12091272812500001 0.7531185734375001 0.09936960624999999 0.7492788453125 0.08165603437499999 0.7669197078125001 0.08001340625 0.778452225 0.07949416718749999 0.792236971875 0.064946128125 0.7959917 0.057848726562499994 0.7882303 0.0464624015625 0.8108108921875001 0.0383052921875 0.807972834375 0.025212653125 0.8042672734374999 0.0178855640625 0.8258298078124999 0.009915687500000001 0.8080547796875 0.001171834375 0.8090439015625 0 0.45 0
0 0.40243249062500003 0.6352171906249999 0.4146327875 0.637778571875 0.42669891875 0.629953471875 0.41808640625000004 0.6195245328125 0.4119944515625 0.6158397609375 0.401646934375 0.616941921875 0.399411096875 0.6261625578125 0.40243249062500003 0.6352171906249999
0 0.08713168125000001 0.9046310125 0.08896807343749999 0.9131027218749999 0.0992992015625 0.916808721875 0.11049783124999998 0.914749171875 0.1154375625 0.9082346953125 0.113434225 0.8989928296875 0.1105633859375 0.89551651875 0.1056564359375 0.8924146671875001 0.09616003125 0.89255944375 0.08713168125000001 0.9046310125
0 0.18601434687500001 0.8480042203125 0.187867128125 0.8516677640625 0.1982146453125 0.8505656015625 0.20535743437499998 0.844446815625 0.2035210421875 0.8359751062499999 0.1974290890625 0.8322903343749999 0.18708157187500002 0.833392496875 0.1846951796875 0.8370348140624999 0.18601434687500001 0.8480042203125
0 0.075160834375 0.834755340625 0.0668330421875 0.8402912015625 0.07067276875 0.8580047734375 0.0882972421875 0.8611703078125 0.09510614218749999 0.8535112109374999 0.094287809375 0.844852271875 0.0926183625 0.8371507171874999 0.0846736265625 0.8298023999999999 0.075160834375 0.834755340625
0 0.43056531875 0.5403471328125 0.422453640625 0.5322286625 0.40956917343750004 0.5313948203125001 0.40377833281250003 0.5388666859375 0.40222666250000005 0.546359778125 0.3928644234375 0.5568910375 0.40504833281249997 0.564260584375 0.41606362812500003 0.566239040625 0.42846364843750007 0.559954253125 0.43018226249999997 0.5532313140625 0.43056531875 0.5403471328125
0 0.960585846875 0.5756742640625 0.9697975296875001 0.5595646875 0.962353628125 0.5545268359375 0.9552436171875 0.55102929375 0.9450630453125001 0.5529016125 0.9465491578125 0.5646411734375001 0.960585846875 0.5756742640625
0 0.7451529828125001 0.7978903890625 0.7504102125000001 0.7977243859375001 0.7556838328125 0.79275021875 0.7541813312500001 0.7858188203124999 0.7577527265625 0.7827594265625001 0.74929076875 0.7779088062499999 0.7401282531250001 0.77959389375 0.7326515734375001 0.78417236875 0.735339078125 0.791686690625 0.740412975 0.7955586953125 0.7451529828125001 0.7978903890625
0 0.726565725 0.8781911781249999 0.722843775 0.8756722531250001 0.7126632031250001 0.8775445703125001 0.706037634375 0.8811656593750001 0.7033009640625 0.888075828125 0.7027673515625 0.8953816906250001 0.705438465625 0.9077041749999999 0.7169545953125 0.9119931000000001 0.7286540578125 0.912244015625 0.7291712828125 0.9097463171874999 0.7332762890625 0.8993810640625 0.730605175 0.8870585796875 0.726565725 0.8781911781249999
0 0.6184786093750001 0.7995640109375 0.6147402703125 0.8018532484375 0.61691055 0.8118652671875001 0.6289111249999999 0.8232728218750001 0.636990025 0.8410076203125 0.6647131234375 0.86634165625 0.6515603265625 0.84473485 0.651458940625 0.824732040625 0.6506733828125 0.8064567734375 0.6437467046875 0.7989212234374999 0.6306952953125 0.797317228125 0.6184786093750001 0.7995640109375
0 0.7693385921875 0.56760036875 0.76117774375 0.5739063859375 0.758257740625 0.5848545640625 0.7682385875 0.59182841875 0.7685724765625 0.593368728125 0.7802883296875001 0.5888114812499999 0.7872805640625 0.5771143765625 0.7834080609375 0.5690171312500001 0.7693385921875 0.56760036875
1 0.45 0.46875 0.45 0.75383381875 0.4702714265625 0.750739390625 0.47389198906249996 0.73325550625 0.48679284375 0.7292811828125 0.48981423749999997 0.7383358140625 0.5031995359375 0.74148011875 0.5128792734375 0.7372973359375 0.534959034375 0.7268297609375 0.5570060140625 0.725978515625 0.5608785203125001 0.7340757609375 0.5963271890625 0.73156065625 0.6066910937500001 0.7256503296875 0.6072574859375 0.708728140625 0.6032672031249999 0.6854362500000001 0.60785665625 0.682189625 0.6268494640625 0.6819000749999999 0.6302866921875 0.6684541984375001 0.6540358968750001 0.665688178125 0.6630970265625 0.6440002828125 0.6865287312499999 0.6348857890625 0.706222096875 0.62806053125 0.7043857046875 0.619588821875 0.7107265500000001 0.6000029328125 0.7298863046875 0.6004835359375 0.7344921453125 0.5924287484375 0.73757909375 0.582250725 0.7503130046875001 0.5775062453124999 0.7601596875000001 0.57409361875 0.7666510875 0.560086046875 0.778049440625 0.549180325 0.7851922296875 0.543061540625 0.8035500390625 0.530075040625 0.8049347640625001 0.5218117921875 0.8200550671875 0.5134249953125 0.833440365625 0.5165693015625 0.85770679375 0.5113055828124999 0.8652162515625001 0.49711078124999997 0.8533826234374999 0.48647338125 0.844069553125 0.48258014843749997 0.8269295234375 0.48653324531250003 0.8276464687499999 0.47518937499999997 0.8137603359375 0.46973460312500004 0.81315158125 0.46875 0.45 0.46875