0 0.11790494062500001 0.509375 0.11944526562499999 0.507888009375 0.12078976562499999 0.4984378578125 0.1175430453125 0.493419953125 0.11112235156250001 0.4865039125 0.10184291875 0.491208715625 0.098887184375 0.49866987500000004 0.10255503749999999 0.509375 0.11790494062500001 0.509375
0 0.14384285624999998 0.4804363140625 0.1453086 0.4761857734375 0.1459444765625 0.46990081562499997 0.144211996875 0.46271221406249996 0.13774280625 0.4537163296875 0.1324187140625 0.46027384531250004 0.1301958515625 0.465609734375 0.1312197078125 0.47596352656249996 0.13844601875 0.4838740640625 0.14384285624999998 0.4804363140625
0 0.2146618609375 0.43050052031249997 0.21527348750000003 0.4231756390625 0.204091834375 0.4134123890625 0.1970595125 0.41382122656250003 0.1884159578125 0.41224107343750005 0.1879255734375 0.4247655625 0.19048791874999998 0.43398858125000006 0.1984471015625 0.4397738484375 0.2108520109375 0.4348873375 0.2146618609375 0.43050052031249997
0 0.26319030468750004 0.364157990625 0.25676961249999997 0.3572419484375 0.2488589265625 0.353536525 0.24204484375000002 0.3633046609375 0.239870478125 0.3707203921875 0.24477693125000002 0.37980713125 0.257278834375 0.3790803078125 0.26338429375 0.372477365625 0.26319030468750004 0.364157990625
0 0.364579696875 0.3166102515625 0.3558391453125 0.3108704125 0.348855321875 0.31335909375000004 0.3452152140625 0.32502536718749997 0.35959508906250004 0.3377266765625 0.36828714375 0.3413866734375 0.3736839796875 0.337948921875 0.3717817609375 0.32348086875000004 0.364579696875 0.3166102515625
0 0.3828826453125 0.2291156453125 0.37265210312499997 0.2265864234375 0.36415403749999997 0.23124580312499998 0.3636636546875 0.24377029218750002 0.37159858749999997 0.24851563593749998 0.3817078875 0.24584525 0.384003496875 0.243629125 0.390987321875 0.24114044375 0.39010895625 0.23702618281249999 0.3828826453125 0.2291156453125
0 0.3434504640625 0.2157881375 0.3529238859375 0.2194027078125 0.366867284375 0.21338542343750003 0.3738026109375 0.2088168984375 0.37524410625 0.203526434375 0.3665520515625 0.1998664375 0.3578114984375 0.1941265984375 0.3537591625 0.1881141984375 0.3483138265625 0.1894721046875 0.3413785015625 0.1940406296875 0.3385197625 0.2056614765625 0.3434504640625 0.2157881375
0 0.3190610765625 0.042262340625 0.3212596921875 0.0358865296875 0.324215428125 0.028425370312499997 0.32165308125 0.0192023515625 0.315305134375 0.015406076562500001 0.30592870625 0.015951192187499998 0.2981635125 0.0184853 0.29757613437499997 0.0268501015625 0.30099259375 0.039147459375 0.3050449328125 0.045159857812499996 0.3159840984375 0.0445238890625 0.3190610765625 0.042262340625
1 0 0 0 0.509375 0.083489903125 0.509375 0.08504078125 0.508846846875 0.08609429375 0.486917634375 0.09608235000000001 0.4790476375 0.1009403046875 0.4860545328125 0.110074246875 0.4751101953125 0.118354071875 0.46109152187499997 0.1322489734375 0.45299439062499997 0.1397959265625 0.44110098750000004 0.12920165156250002 0.42297293593749996 0.14544066093750002 0.41473952656249996 0.156476821875 0.4182632453125 0.16448450312500001 0.42612835625 0.1767681671875 0.41604223593749995 0.1896877109375 0.3996711578125 0.20140824531249998 0.3989897609375 0.2344682328125 0.40748107187500004 0.2527307046875 0.41891532812500004 0.2857664421875 0.42636671562500006 0.2656259984375 0.40150432656249996 0.23876846562499998 0.39056976250000003 0.227271578125 0.367287528125 0.23083894218749998 0.3525014875 0.2369201515625 0.344858625 0.24986394218750002 0.32952746718750003 0.25724115625 0.3103546078125 0.2606387765625 0.288289115625 0.25863956093749996 0.2696613734375 0.25822733124999997 0.2519827015625 0.2611103203125 0.241401775 0.2669975421875 0.22543953593750002 0.2690749125 0.213864115625 0.275083378125 0.203101484375 0.2852654234375 0.20355086406249998 0.2871676453125 0.2180189171875 0.2927584703125 0.22290054375 0.298106809375 0.217382946875 0.30555676875 0.20132985468750003 0.2995779625 0.179809478125 0.2939143890625 0.1718080875 0.2895710671875 0.1533166265625 0.283592259375 0.13179625 0.2840826421875 0.1192717609375 0.2750268578125 0.100012934375 0.2754929921875 0.08644852343750001 0.28650490624999997 0.08893231874999999 0.2926346140625 0.08336929843749999 0.289999521875 0.0710265140625 0.2911257828125 0.052217065625 0.2868067078125 0.034765526562499996 0.272572325 0.028303746875 0.28085214999999997 0.0142850734375 0.2789739875 0 0 0
0 0.8685949468749999 0.42373742031250006 0.8576557828125001 0.424373390625 0.855481415625 0.4317891234375 0.8613389781249999 0.44810988749999997 0.8668328109375001 0.44883182499999996 0.8723023953125001 0.448513840625 0.8792862171875001 0.446025159375 0.8789467343750001 0.43146625156249996 0.8685949468749999 0.42373742031250006
0 0.6992022015625 0.474197334375 0.7139027203125 0.4670947 0.7146355921875001 0.46496943125 0.7212799328124999 0.447921840625 0.7101225281250001 0.4391985140625 0.6952765171874999 0.440061615625 0.688583678125 0.4550293609375 0.69439274375 0.46927028281250005 0.6992022015625 0.474197334375
0 0.5601008984375 0.509375 0.5607004859375 0.5072413625000001 0.56053074375 0.4999619078125 0.5495915765625 0.500597878125 0.5382105390625 0.509375 0.5601008984375 0.509375
0 0.6108321421875 0.34187911875 0.6093179015625 0.3440498140625 0.607386021875 0.3618647671875 0.6210815249999999 0.3787711921875 0.6290407078125 0.3845564578125 0.6477693171875 0.3824263015625 0.6542681640625 0.3591391828125 0.6406696578125001 0.34639244687500004 0.6108321421875 0.34187911875
0 0.6954193953125 0.3119695125 0.693711165625 0.305820834375 0.68331088125 0.29601215625 0.6739587 0.297597196875 0.6727839437500001 0.3143268015625 0.687775446875 0.31970323125 0.6954193953125 0.3119695125
0 0.8401129328125 0.0411418890625 0.8455825140625001 0.040823903125 0.8534689515625 0.0434894046875 0.8538865890625 0.027845150000000003 0.8481502703124999 0.01672399375 0.8342311203125 0.0237812015625 0.8312026390625 0.02812259375 0.8353762203125001 0.039334603125 0.8401129328125 0.0411418890625
0 0.70015349375 0.1794451625 0.6945626671875 0.1745635375 0.6843321234374999 0.172034315625 0.6729025734375 0.18519477499999998 0.6740961703125 0.202828021875 0.6819583578125 0.20445360156249998 0.6959745046875 0.20155608281249998 0.6996388609374999 0.19092973124999998 0.70015349375 0.1794451625
0 0.0316621859375 1 0.0319670953125 0.9911272499999999 0.028671878125 0.9840295031250001 0.0184655828125 0.9825402015625 0.0130929953125 0.9870178734374999 0.010942878125 0.9954735281249999 0.0135594 1 0.0316621859375 1
0 0 0.8300858812499999 0.0032289781250000003 0.83243291875 0.0095041796875 0.833109428125 0.012556909375 0.8298079578124999 0.0176142625 0.8118113000000001 0.0150519171875 0.80258828125 0.0024045203125 0.797075571875 0 0.8001446203124999 0 0.8300858812499999
0 0.19353010625 0.7391041859375 0.201368046875 0.7396898453125 0.2060077625 0.7373374421875 0.20740075937500002 0.7299671375 0.2073522625 0.7278872921875 0.20566828125 0.722778534375 0.2016401921875 0.7178060578125001 0.1976848484375 0.715953346875 0.190701025 0.718442028125 0.18698816875 0.7269885359374999 0.1911132546875 0.7361207000000001 0.19353010625 0.7391041859375
0 0.28693606875 0.684731259375 0.29936522656250003 0.680884671875 0.30149109531249996 0.6713890953125 0.3013456015625 0.6651495640625 0.2957062765625 0.6581880953125 0.2925323046875 0.6562899578125 0.28552423125000004 0.657738715625 0.275366434375 0.6583292593750001 0.26989684999999997 0.65864724375 0.2662567421875 0.6703135171875 0.26723210000000003 0.6785874671875 0.279831 0.6820203328125001 0.28693606875 0.684731259375
0 0.25581336875 0.6251020687500001 0.264456925 0.6266822234375 0.248562809375 0.616151609375 0.23750239843749998 0.6115879703125 0.2249519953125 0.6102349499999999 0.21557556875 0.610780065625 0.21264408124999998 0.6192811468749999 0.2166721703125 0.6242536234375 0.22233574531250003 0.632255015625 0.233274909375 0.6316190453124999 0.2385990015625 0.625061528125 0.25581336875 0.6251020687500001
0 0.185738053125 0.6062667390625001 0.18527191875 0.6198311484375 0.1893485046875 0.626883471875 0.19093549062499998 0.6278325406249999 0.19486658437499998 0.6286453296875 0.2011175375 0.62828191875 0.2149154421875 0.6160251015625 0.21303747187500002 0.6025969703125 0.20346705156249997 0.5948227109374999 0.190989396875 0.59658945625 0.185738053125 0.6062667390625001
1 0.45 0.509375 0.45 1 0.842070146875 1 0.8428000593749999 0.9973211328125 0.8488085234374999 0.9865585031249999 0.8547684921875 0.973716028125 0.8646110546875001 0.9596065015625002 0.8704740265625001 0.9426043375 0.873774653125 0.9163791578125 0.8755367906250001 0.8912847515625 0.8817392453124999 0.888841496875 0.8996379874999999 0.884676925 0.91614373125 0.8878826578125001 0.9191722125 0.8835412625 0.9095047984375 0.8716073171875 0.9083596984375 0.8560539140625 0.9017935125000001 0.8428983390625 0.8852635187499999 0.8386526859375 0.8960329437500001 0.8307372624999999 0.9024051406249999 0.8355734609375001 0.9158339062499999 0.84104074375 0.9180810171874999 0.8367447765625 0.9214058937499999 0.81155951875 0.9095156171875001 0.8049614609375 0.9091761343750001 0.7904025546875 0.9097150156249999 0.7799579078125 0.9017558328125 0.774172640625 0.8870310640625 0.7802353515625 0.889938303125 0.77069435 0.8920156734375 0.759118928125 0.8916034437499999 0.74144025625 0.8975149140625 0.7265179375 0.9005433953124999 0.7221765437500001 0.90030090625 0.711777325 0.90298990625 0.6928770234374999 0.9025049296875001 0.6720785859375 0.8945214984375 0.6652533953125 0.8950603812499999 0.6548087515625001 0.88917856875 0.6374480625000001 0.876385678125 0.6256958218750001 0.8800015406250001 0.6129896265625 0.8718483671874999 0.5988849843749999 0.871508884375 0.5843260781249999 0.8710966546875 0.5666474046875 0.878498115625 0.5485144671875 0.8571344156249999 0.5383018390625 0.8569404265625 0.5299824625 0.8409978125 0.5173720078125 0.838776078125 0.509375 0.45 0.509375
0 0.943933715625 0.5697022015625001 0.9451084734374999 0.552972596875 0.941764759375 0.5437950046875 0.9323155843750002 0.54122035625 0.9222062843749999 0.54389074375 0.913120840625 0.556914925 0.9158044296875001 0.5713375515625 0.92300649375 0.57820816875 0.934751278125 0.57856669375 0.943933715625 0.5697022015625001
0 0.9339294328125 0.6775409828125 0.9393990171875 0.6772229984375 0.9453832328124999 0.6654204453125 0.9467519796874999 0.6570102171875 0.9416515375 0.639604103125 0.9307366203124999 0.64127999375 0.92536403125 0.6457576671874999 0.9194283125 0.6596400640625 0.918059565625 0.668050290625 0.9229902671874999 0.678176953125 0.9339294328125 0.6775409828125
0 0.9329755265624999 0.8379615171874999 0.93561061875 0.8503043031249999 0.9404685749999999 0.857311196875 0.9506263718749999 0.8567206546874999 0.9614442953125 0.8508850750000001 0.966011265625 0.8454129046875 0.962619053125 0.8341554703125 0.9546598687500001 0.828370203125 0.9444050781249999 0.8248010578125001 0.9359312625000001 0.830500359375 0.9329755265624999 0.8379615171874999
0 0.9762364 0.8812650578125 0.9810458578125001 0.8861921078125 0.9873210593749999 0.8868686203125 0.994280634375 0.8833400156250001 0.9965034968750001 0.878004125 0.9978237468749999 0.8675140546875 0.9969211343750001 0.8623598703124999 0.994552778125 0.861456228125 0.9881320859375 0.8545401859374999 0.9773141625000001 0.860375765625 0.9727956890625 0.8679277765625001 0.9762364 0.8812650578125
0 0.9472718390625001 0.9141889187500001 0.9459515890624999 0.9246789906250001 0.9494892937500001 0.942175959375 0.9614765656250001 0.952933703125 0.9633545375000001 0.9663618359375 0.9688968671874999 0.9691636171875 0.991332921875 0.99180988125 0.9918233046874999 0.9792853906250001 0.9666551625 0.9401366546875 0.9630932109374999 0.921599765625 0.9559153953124999 0.915769071875 0.9472718390625001 0.9141889187500001
0 0.8739640718749999 1 0.8755448125 0.9922934578125 0.8659501453124999 0.983479278125 0.8550837250000001 0.9872350140624999 0.84983238125 0.9969122968749999 0.8502642078125 1 0.8739640718749999 1