0 0.151226828125 0.094449903125 0.15820903125000002 0.0886870875 0.1581794453125 0.074067590625 0.149939621875 0.0618080640625 0.1405161375 0.06807493125 0.1369705625 0.0714661875 0.13421722187500001 0.082339071875 0.14023366406249999 0.0930632625 0.151226828125 0.094449903125
0 0.1873900578125 0.1358460953125 0.1829432953125 0.13277541718750002 0.1779369890625 0.12749346875 0.1708606296875 0.141585728125 0.171326015625 0.15212644375 0.17555487812499998 0.1572365109375 0.1881970875 0.150637471875 0.19096521875 0.1470743359375 0.1873900578125 0.1358460953125
0 0.322451371875 0.2794784328125 0.320445890625 0.275903703125 0.312998303125 0.27112580625 0.3061102578125 0.2685591796875 0.3009156359375 0.2799361171875 0.3012720734375 0.29149652656249997 0.3087196609375 0.2962744265625 0.31937118125 0.29341040625 0.32302570625000004 0.288999453125 0.322451371875 0.2794784328125
0 0.2363312015625 0.5119901421875 0.24074837968749999 0.500441321875 0.2522715015625 0.4894197390625 0.246364009375 0.47767585625000003 0.23050307343749998 0.48460706406250004 0.22283758593749997 0.4818685578125 0.21021016874999998 0.4957773453125 0.2133495296875 0.5110843671875 0.23045329374999998 0.5148657531249999 0.2363312015625 0.5119901421875
0 0.2378161140625 0.5874707765625 0.229685240625 0.574191553125 0.22071234999999997 0.5836893875 0.2136359890625 0.5977816484375 0.218751246875 0.602043903125 0.23473592499999998 0.6014027468750001 0.2378161140625 0.5874707765625
0 0.2094569078125 0.5624128921875 0.20149415468749998 0.57735296875 0.20607945156250002 0.594023446875 0.2140717921875 0.5937028671875 0.225674278125 0.5670420953125 0.2094569078125 0.5624128921875
0 0.874416625 0.026666028125 0.8692220031250001 0.038042965625 0.8685830937500001 0.051470884375000005 0.8759217312500001 0.0572684796875 0.8815817390625 0.05643225625 0.891782665625 0.05033726875 0.89352586875 0.0340221453125 0.8887522562499999 0.034010553124999995 0.886746775 0.0304358234375 0.88418175 0.0246498203125 0.8801855812499999 0.024810112500000002 0.874416625 0.026666028125
0 0.7830642734375 0.032563948437500004 0.79371579375 0.029699928125000004 0.79559753125 0.026984606249999998 0.797246578125 0.018998925 0.798553978125 0.006762582812499999 0.788774059375 0.001469040625 0.783005103125 0.0033249578125 0.7759139515625 0.0101074703125 0.7730516609375 0.02200005 0.7765030796875 0.0269382375 0.7830642734375 0.032563948437500004
1 1 0.211292009375 0.994765675 0.196271615625 0.9861048421875 0.1954006171875 0.9807421015625 0.17855825625 0.9649753249999999 0.177160021875 0.95729504375 0.1671117671875 0.9662679328125 0.15761393125 0.9780385421875 0.15917245468750002 0.9847732578125001 0.1408295328125 0.9697691328125 0.1322934296875 0.9558195203125 0.15112881250000001 0.9408449812499999 0.157212209375 0.9367250687500001 0.15108244375 0.9290447875 0.1410341890625 0.92127035 0.13931537656249998 0.9052708796875001 0.13264678593749998 0.8928465703124999 0.137206434375 0.873410475 0.132909403125 0.8680773187499999 0.1306865390625 0.85951064375 0.121486096875 0.8451750125 0.114141571875 0.8252883234375 0.10661357499999999 0.8193956234374999 0.1021794390625 0.8030693015624999 0.098569934375 0.7939578765624999 0.0944679671875 0.7863865453125001 0.0834000171875 0.782266634375 0.077270253125 0.77072871875 0.0809820875 0.756749521875 0.08519797500000001 0.7442162640625 0.0907773171875 0.73667451875 0.0943288625 0.7241264671875001 0.0925984578125 0.7144850828125 0.10090471875 0.7128212453125 0.10158065000000001 0.698079396875 0.112934403125 0.694969621875 0.1122468796875 0.679856546875 0.1047304734375 0.6643224625 0.10860259531250001 0.6558943234375001 0.11300195625000001 0.6542304859375 0.1136778875 0.6449159515625 0.1189250609375 0.6359282687500001 0.12111314843750001 0.6266137359374999 0.126360321875 0.616412809375 0.132455309375 0.6074399171875 0.1419531453125 0.6004577171875 0.14771596250000002 0.5954809953125 0.157053509375 0.5911727671875 0.16758263281250002 0.5890625 0.169154159375 0.5890625 0.61875 1 0.61875 1 0.24459503593749998 0.9984147984374999 0.244048596875 0.9951516953125001 0.222451521875 1 0.217111234375 1 0.211292009375
1 0.001091340625 0.61875 0.0144048828125 1 0.5604616984375 1 0.564376884375 0.98952890625 0.5657932359375 0.9762728671875 0.572636903125 0.9569102484374999 0.5890625 0.9445084125000001 0.5890625 0.9151184390625 0.5745388375 0.909316740625 0.5890625 0.8973295171875 0.5890625 0.880207115625 0.5783668859375 0.8809371531250001 0.5744500828125 0.865458253125 0.58616151875 0.8377777828124999 0.581685171875 0.8200876078124999 0.5847801546875 0.8134653843749999 0.5890625 0.8121739031249999 0.5890625 0.7108931171874999 0.5797994453124999 0.7111173187500001 0.5721339578125 0.7083788109375 0.5682319453125 0.70020965625 0.5507919421875 0.6399896734375 0.5451749796875001 0.61875 0.001091340625 0.61875
0 0.8428797593749999 0.6619856265624999 0.844015946875 0.6425891484374999 0.8318518734375001 0.6337599546875 0.8249366890625 0.6371430296875 0.823654921875 0.649139446875 0.8304767343750001 0.6641554203125 0.8428797593749999 0.6619856265624999
0 0.7416904515625 0.61875 0.7357039203125 0.6223269140625 0.73142188125 0.6361159703125 0.7357561296874999 0.648126025 0.7456889906249999 0.651550009375 0.7540489265625 0.6521702890625 0.7613312390625 0.6365885875 0.7572533421875 0.6221792515625 0.741742340625 0.61875 0.7416904515625 0.61875
0 1 0.8275251734375001 0.9980994593750001 0.821556290625 0.9822942296875 0.820517946875 0.9778840125 0.8355066484375 0.9882188078125 0.8439314140625 0.998408021875 0.8449561187500001 1 0.8407938546875 1 0.8275251734375001
0 0.9457846078125 0.7854306671875 0.9473401296875 0.7796346734374999 0.946792615625 0.7672338296875 0.9313719171875 0.762596565625 0.9262860125 0.766384065625 0.9230467875 0.77917569375 0.9297230234375 0.7867916109374999 0.9413569859375001 0.7918196656250001 0.9457846078125 0.7854306671875
0 0.9233443031250002 0.7325782515625 0.916027184375 0.7309605453125 0.905068909375 0.737133690625 0.90378714375 0.74913010625 0.916335746875 0.7543603734375 0.9207633671875 0.7479713796875 0.9255755171875 0.7379834578125 0.9233443031250002 0.7325782515625
1 1 0.8700031203125 0.9966309515624999 0.8703508031249999 0.98797985625 0.8549304015625001 0.9786878796874999 0.8455082046874999 0.9610707734374999 0.8526651421875 0.94616278125 0.8432293109375 0.9461105703125 0.8174301984374999 0.9315871093750001 0.8043954421875 0.9072763640625 0.7953367609375 0.8892225187499999 0.7802935109375 0.888144896875 0.76409153125 0.897110909375 0.7415141937499999 0.8789288875000001 0.727670584375 0.8702018234375 0.7392489359375001 0.8612769734375 0.7176281140625 0.815434209375 0.7173167968749999 0.8002872671875 0.718879953125 0.7801477890624999 0.7058315578125 0.75415334375 0.7037685109375 0.7390064 0.7053316671875 0.7119517359375 0.695666346875 0.6879321515625 0.7014077875 0.672639628125 0.69557088125 0.661716159375 0.718943434375 0.620429190625 0.7110434796875 0.5890625 0.7232278265625001 0.5890625 1 1 1 1 0.901400328125 0.9926400718749999 0.8989399859375 0.9909215640625 0.8887362140625001 1 0.8861266890625 1 0.8700031203125