0 0.070085125 0.5546685250000001 0.0713557421875 0.552285371875 0.06968809375 0.5400490265625 0.056962135937500005 0.5344696843750001 0.0524355484375 0.548081078125 0.05916578593750001 0.56234521875 0.070085125 0.5546685250000001
0 0 0.49496451406249997 0.0004597125 0.49448531874999996 0.0048274484375000004 0.49141463906249994 0.0080834171875 0.48018640156250003 0.0035965937500000004 0.470676971875 0 0.47037369531250006 0 0.49496451406249997
0 0.030101024999999997 0.360789315625 0.030220114062499998 0.373369421875 0.0373077203125 0.384402596875 0.050966809375 0.3792693453125 0.053944837499999995 0.3660017140625 0.051006571875 0.356148521875 0.0434821734375 0.353616671875 0.034190820312499995 0.35567924687499997 0.030101024999999997 0.360789315625
0 0.063573875 0.2903260125 0.061310581249999996 0.297131709375 0.0638914796875 0.3102158671875 0.06986731874999999 0.3130914796875 0.07796748125 0.3081416984375 0.08036974531249999 0.3023556984375 0.0796748921875 0.2972572234375 0.07455275781250001 0.288939371875 0.063573875 0.2903260125
0 0.1970877296875 0.14617803125 0.1887691703125 0.1553784734375 0.19162801093749998 0.1705020203125 0.20512824843750002 0.17590948281250002 0.213526234375 0.1614386828125 0.2216263953125 0.1564889046875 0.21404245312499998 0.147667003125 0.2063790828125 0.1441154546875 0.1970877296875 0.14617803125
0 0.906407875 0.5568125828125 0.8993798140625 0.552069459375 0.8920539312500001 0.5568473593750001 0.8886589921875 0.5670559046875 0.892867875 0.574525940625 0.8994790234375 0.5762099765625 0.9078571265625002 0.5732995875 0.9107557296875001 0.5653023140625 0.906407875 0.5568125828125
0 0.68810081875 0.5821622671875 0.69209130625 0.5938829671875 0.6972928656249999 0.5969304625 0.7019385437500001 0.595899175 0.7104556171875 0.59400848125 0.70928430625 0.5795608640625 0.7074776875 0.5663048265625 0.6976304499999999 0.5642886203125 0.6905825078125 0.5711059078125 0.68810081875 0.5821622671875
0 0.60390881875 0.609375 0.6150207234375 0.607840125 0.61918994375 0.597459696875 0.6168274421875 0.580124878125 0.61021629375 0.5784408421875 0.60028963125 0.5816949921875 0.5939365421875 0.5936107578125001 0.5945519703125 0.6039795921875 0.6000314734375001 0.6090664765625 0.60153831875 0.609375 0.60390881875 0.609375
0 0.7931846296874999 0.4810945140625 0.797274425 0.4759844453125 0.79912080625 0.4661196625 0.7909015546875 0.4584893359375 0.7920332015625 0.4550864875 0.7776792578125 0.4551212640625 0.7751975671875 0.4661776234375 0.7801013046875 0.47874613593750004 0.7857197765625 0.48485271562500004 0.7931846296874999 0.4810945140625
0 0.8204830265624998 0.44141713437499996 0.8189543499999999 0.4302004859375 0.8168499062500001 0.4264654671875 0.811648346875 0.4234179734375 0.80285333125 0.4232692765625 0.7996767874999999 0.429227159375 0.8013444359375 0.44146350312499993 0.8074592468749999 0.44535881093749996 0.815618953125 0.44669908437499994 0.8204830265624998 0.44141713437499996
0 0.8693023968750001 0.40746779687499995 0.878315809375 0.4033658296875 0.8831798828124999 0.39808388125 0.8847483234375 0.38617970625 0.88081738125 0.380749059375 0.87182385 0.37329061406249997 0.85697356875 0.3755366640625 0.8551271875000002 0.3854014484375 0.8566558656249998 0.39661809375 0.8611426906249999 0.40612752187499995 0.8652920296875 0.4073075078125 0.8693023968750001 0.40746779687499995
0 0.922033025 0.30856694375 0.9179631125000001 0.302116603125 0.9094460375000001 0.304007296875 0.9023980968749999 0.3108245859375 0.9011870250000001 0.319497790625 0.9058128203125001 0.3300269140625 0.9132776734375 0.3262687125 0.9186976296874999 0.3250655421875 0.9231447921874999 0.316724509375 0.922033025 0.30856694375
0 1 0.12783239062500001 0.9979128093749999 0.127837446875 0.9918575453125001 0.13023219218749998 0.9882442078124999 0.1446914 0.995470784375 0.15674426875 1 0.155738834375 1 0.12783239062500001
1 0.41875 0 0.41875 0.4720410796875 0.42161009531250004 0.47638457812499996 0.4401530421875 0.49538025 0.4550628671875 0.4994242546875 0.47249404687499996 0.5102623640624999 0.48887300624999996 0.5192329640625 0.49351868281249994 0.5182016765624999 0.5051328765624999 0.5156234578125 0.51948681875 0.51558868125 0.527785496875 0.51794865 0.535865778125 0.52455928125 0.548512309375 0.535408984375 0.5578830890625 0.52807605 0.564692753125 0.537069834375 0.5729120046875 0.5447001609375001 0.5721773890625 0.5627225046875 0.5761678765625 0.5744432046875 0.5933409968750001 0.5716815125 0.598363921875 0.55585885 0.5988801421875001 0.542087165625 0.6066229359374999 0.5403683546875 0.616629025 0.5318438453125001 0.6311219390625 0.5328287640625 0.6424581890625 0.5282111546875 0.6609019265625 0.5230663109375 0.6770228265625 0.518437109375 0.6930047531250001 0.5127882125000001 0.7077160640625 0.5095224703125 0.725385521875 0.5045495046874999 0.731559875 0.514734865625 0.742479215625 0.507058171875 0.7391439171874999 0.48258548437500004 0.7519294203125 0.49445488125 0.7536169515625 0.4951308140625 0.762372303125 0.47742904687500004 0.7526044921875 0.470142484375 0.7733909484374999 0.452921584375 0.7774807421875 0.44781151562500005 0.7906633750000001 0.43332912500000004 0.8041239484375 0.4208861234375 0.8123829640625001 0.40539562812499996 0.8001533437500001 0.397605015625 0.8057321500000001 0.38586112968749997 0.8168500062499999 0.3854941828125 0.82669724375 0.3875103890625 0.8403563312500001 0.3823771375 0.8507992140624999 0.365351303125 0.863981846875 0.3508689125 0.86785324375 0.35000950625 0.895489028125 0.3596328546875 0.9214372828125 0.36858026875 0.9649160250000002 0.37153502656250004 0.955783521875 0.3630568875 0.9273734578124999 0.3536054203125 0.9119077484375001 0.34548263125 0.8955287890625 0.33651203281250003 0.8918162453124999 0.32683072343749997 0.8971171109375 0.31304745 0.9086519765624999 0.2747683046875 0.9073615765625 0.24774058437500002 0.9062895718749999 0.2164622 0.9077190421874999 0.2035383328125 0.9117096265625001 0.17428774687499998 0.9232047296874999 0.1591294234375 0.927076128125 0.1582700171875 0.9363476000000001 0.16776785156250001 0.9521905578125001 0.1610992609375 0.9518729515625001 0.14120940625 0.94683024375 0.1276211984375 0.9354543296875001 0.11438834375 0.9302726515625 0.0997804390625 0.92169603125 0.09538107968750001 0.9180629124999999 0.08042941249999999 0.915144528125 0.0590158125 0.9130599671875 0.0437203828125 0.9230660546875 0.035195873437500004 0.91832116875 0.0120866453125 0.91943980625 0 0.41875 0
0 0.156358640625 0.9039556515625 0.152705640625 0.9005643953125 0.141865728125 0.9029707328125 0.1386097578125 0.9141989734375 0.1407737453125 0.9242240453124999 0.1468885546875 0.9281193515625 0.15357912812500002 0.92453303125 0.1568946421875 0.91959484375 0.15774834843750002 0.9141526046875 0.156358640625 0.9039556515625
0 0.264301390625 0.7770401609375 0.259357890625 0.78759246875 0.2658300703125 0.788256809375 0.2780596890625 0.796047425 0.280819321875 0.78703045625 0.28336055781249997 0.7822641499999999 0.2880261140625 0.769672453125 0.2738905671875 0.765456565625 0.264301390625 0.7770401609375
0 0.298528540625 0.758936671875 0.29354537812500003 0.7516385156250001 0.28975340625 0.747227565625 0.28377756718749997 0.744351953125 0.27371193437499997 0.7465864078125 0.27460530312500003 0.7589946328125 0.27803990624999997 0.7666365515625 0.2907063203125 0.7659258421875 0.29801232187500004 0.7727083546875 0.311929471875 0.7811749031249999 0.323206178125 0.7702672406250001 0.298528540625 0.758936671875
0 0.2996400125 0.8900080890625001 0.3033724390625 0.8881289859375 0.3090107921875 0.8826751546875 0.31274321875 0.8807960546875 0.32449638125 0.8792375296875001 0.33301345625 0.8773468359375001 0.3159396421875 0.8632777609375001 0.3056556125 0.8697628796875 0.29368405468750003 0.875572065625 0.291837671875 0.8854368484374999 0.2996400125 0.8900080890625001
0 0.2488159 0.7395065015625 0.230094221875 0.74261195625 0.22227199999999997 0.7496011265625 0.226480884375 0.7570711625 0.24083482812499998 0.7570363875 0.25272696093749997 0.7564975578124999 0.26054918125 0.7495083890625 0.2488159 0.7395065015625
0 0.24490454375 0.8454292984375 0.24111257187500001 0.8410183453125001 0.23281389375 0.838658378125 0.2249916734375 0.8456475484375 0.224912246875 0.8509179046875 0.22961746875000003 0.8561766703125 0.234263146875 0.8551453828125 0.2431375875 0.850023721875 0.24490454375 0.8454292984375
1 0 0.609375 0 1 0.056026371875 1 0.056635240625000006 0.997530184375 0.08323868437500001 0.9937256125000001 0.08875795 0.975691675 0.108055390625 0.9651045937500001 0.10499803593749998 0.9426712984375 0.143195890625 0.9068776328125001 0.157808090625 0.8385000874999999 0.15602135156250002 0.8136836390625 0.17023632500000002 0.8126291671875 0.1986265078125 0.833641046875 0.21454889062500002 0.8217020953125 0.17619238125 0.78609390625 0.17257914218749998 0.759581828125 0.1913207015625 0.7449159640625 0.19683996406249998 0.726882028125 0.1677748109375 0.6892112640625 0.16289095468749998 0.6650823390625 0.16221598125 0.6484234515625 0.1701176296875 0.6361639234375 0.1652215546875 0.609375 0 0.609375
0 0.759684184375 1 0.7600280078124999 0.9998805624999999 0.7679892 0.9939110890624999 0.7609015937500001 0.9828779125 0.7535955921874999 0.9760954015625 0.7407107828124999 0.9810567718750001 0.7409688437499999 0.9946565734374999 0.747985171875 1 0.759684184375 1
0 0.9333078609375001 0.9309486 0.9478603203125001 0.9382235703124999 0.9610031906250001 0.946862 0.97920865 0.957528228125 0.997870784375 0.9481327203125 0.9872691484375 0.934727984375 0.961042953125 0.9237411796874999 0.9317791828124999 0.9197319499999999 0.9333078609375001 0.9309486
0 0.7581223765624999 0.8805414390624999 0.7470839484375 0.8756380281249999 0.7417434187499999 0.8715708390625 0.7308439609375 0.8676871234375 0.7306851078125 0.8782278390625 0.7265953140625 0.8833379078125001 0.720798109375 0.8993324546875 0.723875346875 0.9102053390625 0.737038096875 0.9072833578124999 0.7541516734375 0.8982316140625001 0.7600878484375 0.8832567625 0.7581223765624999 0.8805414390624999
0 0.6228564828125001 0.609375 0.618911609375 0.614140353125 0.6168667125 0.6166953890625 0.6209167437499999 0.634706140625 0.627031553125 0.6386014484375 0.6482944671875 0.6307296874999999 0.6500614234375 0.6261352625 0.65240414375 0.6140592093749999 0.6479675 0.609375 0.6228564828125001 0.609375
0 0.6028502546875 0.6250596078124999 0.6154967875 0.635909309375 0.6183358453125 0.6216219828125 0.6159534625 0.6158475734375 0.6113872109375 0.6116085046874999 0.6004083265625 0.6129951453125 0.597509725 0.62099241875 0.6028502546875 0.6250596078124999
1 0.41875 0.609375 0.41875 1 0.6051364875 1 0.60870611875 0.9840966765625 0.6141062921875 0.9534826328125 0.61694535 0.93919530625 0.630187528125 0.93100296875 0.6501003984375 0.93078471875 0.6499813078125 0.9182046140625 0.632073671875 0.8980173640625001 0.6339795984375 0.8944426343749999 0.6485519359375 0.890157196875 0.6507358046875 0.8886218578125 0.6655265421875 0.8800857578125001 0.6578235078125 0.8586837468749999 0.6461497703125 0.8549719124999999 0.646586565625 0.8464705890625 0.6364018421875001 0.8361249390625 0.6303664578125 0.826959271875 0.6374342796875 0.8085815734375 0.6357070859375 0.790055178125 0.6287385703125 0.7916021093750001 0.619467096875 0.7821042734375 0.6245694484375 0.7610112499999999 0.6353299359375 0.7638752703125 0.6389432734375 0.7494160640625 0.620380446875 0.7419808015625 0.6166679 0.73229949375 0.631180696875 0.721724 0.6378117249999999 0.7118476265625 0.628282190625 0.688749990625 0.627249853125 0.6753220703125 0.6193085421875001 0.669731134375 0.6014206859375 0.6789547609375 0.5932213171875 0.659764025 0.5965567125 0.6432654265625 0.5896279578125 0.6216915359375 0.58727706875 0.609375 0.41875 0.609375