0 0.48791107812499995 0.2551404703125 0.4899149125 0.2484765625 0.4942443765625 0.23972543124999998 0.4765490578125 0.2341985765625 0.4627283390625 0.23103290781250002 0.4724126703125 0.24569571875000001 0.4718290875 0.25497736249999997 0.47944957343750005 0.2578690640625 0.48791107812499995 0.2551404703125
0 0.4909150859375 0.1220491890625 0.47153772656250004 0.1277629265625 0.4700487671875 0.1417495328125 0.49032715624999995 0.1488505125 0.49497841875 0.14467606718749998 0.504280940625 0.136327175 0.5050575984375001 0.1297915421875 0.4958881421875 0.1224514296875 0.4909150859375 0.1220491890625
0 0.3641429765625 0.0772103953125 0.36924475156250003 0.079443309375 0.380289325 0.0782888375 0.3962425953125 0.0766212703125 0.40838562500000003 0.073507853125 0.41058253593750005 0.06958995625 0.40360999218750004 0.0583319453125 0.394697971875 0.0546531828125 0.37745316562500003 0.0555336859375 0.36802192499999997 0.062051904687500006 0.3638855390625 0.073549046875 0.3641429765625 0.0772103953125
0 0.361092 0.1393076234375 0.3647091640625 0.1380074625 0.3725914359375 0.12704083593749999 0.3610319890625 0.1208726078125 0.3436584640625 0.1199224390625 0.336552853125 0.1243534328125 0.3409423296875 0.1340373171875 0.346172825 0.13810090625 0.361092 0.1393076234375
0 0.1041828484375 0.3358217390625 0.103088740625 0.3202610078125 0.0866849515625 0.3155212140625 0.0782234484375 0.318249809375 0.0779616609375 0.332108140625 0.0896498265625 0.340107040625 0.10308439062500001 0.3377806859375 0.1041828484375 0.3358217390625
0 0.6359825046875 0.23421352343750002 0.6368835359375 0.2470282421875 0.6459242734374999 0.25253767968749996 0.6653016328125 0.246823940625 0.6644006015625 0.234009221875 0.6642075234375 0.23126321249999998 0.6539396125 0.22588204687500002 0.6453493890625001 0.22677996718750001 0.6359825046875 0.23421352343750002
0 0.7399105500000001 0.20029849843749997 0.737649278125 0.20330105937499998 0.7382928703125 0.2124544296875 0.7535982 0.21915316875 0.75715100625 0.21693767187500002 0.7640635390625 0.209760665625 0.7611586781249999 0.20360985625 0.7570909968749999 0.19850265625000002 0.7399105500000001 0.20029849843749997
0 0.8136784484374999 0.15939335 0.8043759234374999 0.1677422421875 0.80572746875 0.186964321875 0.8021746656250001 0.18917981718750002 0.8134766734374999 0.191686696875 0.8214876625 0.1825507421875 0.822783546875 0.16581812812500002 0.8136784484374999 0.15939335
0 0.5413506359375 0.6634908078125 0.540639465625 0.653376334375 0.53592001875 0.6460321 0.521152521875 0.64522445625 0.5130265546875 0.64920886875 0.5118156453125 0.6618755203125 0.5228483890625 0.6693435875 0.5333887859375 0.6698093281249999 0.5413506359375 0.6634908078125
0 0.50692099375 0.6968723578125 0.5065927609374999 0.6922041390625 0.5132379859375 0.6821044687500001 0.49528648750000004 0.6808458859375 0.48534785312500006 0.6889385484374999 0.484246353125 0.703161271875 0.49396247187500003 0.7068481921875 0.5034050640625 0.706644928125 0.50692099375 0.6968723578125
0 0.476160309375 0.7674906265624999 0.48187184531250005 0.7590560640625 0.4790197734375 0.7483816187500001 0.480613621875 0.7411612234375 0.4648577328125 0.7412406484374999 0.450637290625 0.7482133703125 0.4461329703125 0.7588730109374999 0.45645084843749995 0.7711183328125 0.46710065468749995 0.7731401453125001 0.476160309375 0.7674906265624999
0 0.381715909375 0.8439818890625 0.3868219921875 0.8418806484375001 0.390720859375 0.8375543343749999 0.39231470625 0.8303339390625 0.38671627656249996 0.8254328484375 0.37623058593750003 0.8257451453125 0.36612783437499996 0.831503696875 0.366893709375 0.8423962078125001 0.371284925 0.8450722203125001 0.381715909375 0.8439818890625
0 0.28059933125000003 1 0.28829613125 0.99482275 0.2922497046875 0.9912744703125 0.30032096406250003 0.9865120218750001 0.289124103125 0.9767098437499999 0.28660026250000004 0.97070361875 0.27765001875 0.977909209375 0.26902800781249997 0.9897830187500001 0.2757760078125 1 0.28059933125000003 1
0 0.27297249843750004 1 0.2713877328125 0.9934551359375 0.26287882812499996 0.9919932906250001 0.25041635156250003 0.9940797265625001 0.25083261874999996 1 0.27297249843750004 1
0 0.3937838890625 1 0.3937000921875 0.9994801546875 0.39446966250000004 0.995480940625 0.39820441406249996 0.9888205156249998 0.3989739859375 0.9848212984375 0.392223046875 0.9784731703125 0.3830539796875 0.9825666156249999 0.38079997187500003 0.9953423000000001 0.379399403125 1 0.3937838890625 1
0 0.2385157125 0.9443796203125 0.23390197656249997 0.9534831890625 0.23625800625 0.97204703125 0.249486359375 0.98085310625 0.25410009218749996 0.9717495390625001 0.2511933140625 0.9602970578125 0.24707932187499998 0.9466195015625001 0.2385157125 0.9443796203125
0 0.345462509375 0.9261468687499999 0.3389303921875 0.9229108859374999 0.3337696046875 0.9242340875 0.329155871875 0.93333765625 0.3338753203125 0.9406818874999999 0.33930963593749996 0.9432488687500001 0.3433179125 0.9404786250000001 0.3457907421875 0.9308150874999999 0.345462509375 0.9261468687499999
1 0 0.459375 0 0.9185592859374999 0.0278756015625 0.9225071921874999 0.058395290625 0.9381271375000001 0.076295778125 0.9237159546874999 0.1118705375 0.9215648968749999 0.12164505781249998 0.9111381281250001 0.138225225 0.9078375218750001 0.16336900000000001 0.9067767968750001 0.20882030000000001 0.925538496875 0.224962821875 0.9160136 0.23397146562499999 0.8946943171874999 0.261092028125 0.8918594531250001 0.3071997921875 0.919957590625 0.3143410625 0.901968521875 0.2854699265625 0.8799062171875001 0.2823990328125 0.8661196265625 0.3073239875 0.8619467562499998 0.3703549328125 0.8318456 0.3945214015625 0.7869967640625 0.41746956874999996 0.7845980328125 0.4223058203125 0.7637148843749999 0.4384483421875 0.7541899875 0.4345021625 0.7279548124999999 0.46491983125 0.71223523125 0.49040661874999997 0.65627581875 0.5202772343750001 0.6327758718750001 0.52654321875 0.60233821875 0.51436905 0.54874793125 0.5254638921875 0.5272105828125 0.512629490625 0.459375 0 0.459375
0 0.7836084249999999 0.9402510265625 0.779932075 0.9327977609375001 0.7756502703124999 0.9316778218749999 0.7617070515625001 0.9276489984375 0.750780021875 0.9366287296875001 0.751600603125 0.9482992765624999 0.7675753140625 0.9513319953125 0.7821786953125001 0.94980553125 0.7836084249999999 0.9402510265625
0 0.6813226718750001 0.9799417015625 0.6861005234374999 0.97317224375 0.674630134375 0.9594798812499998 0.667656678125 0.9649113343749999 0.6637578109375 0.9692376484375 0.664304865625 0.9770180140625001 0.6656761953125 0.9815771999999999 0.6741851000000001 0.9830390437500001 0.6813226718750001 0.9799417015625
1 0.56875 0.459375 0.56875 0.8627571203125001 0.5720494109375001 0.860476796875 0.601092053125 0.8550897562499999 0.6257397828125 0.8619184296875 0.6452851296875 0.855956615625 0.6506684328125 0.8428538328125 0.6888801421874999 0.8333733468750001 0.7256658125 0.8185556375 0.732642965625 0.7982324609375 0.7599860453125 0.783618015625 0.7898566578125 0.76011806875 0.81099215625 0.7618275875 0.809569815625 0.7415986375 0.8360849218749999 0.7450970984375 0.861283403125 0.744814409375 0.8848917296875 0.7368603890625 0.8920877062500001 0.7196493578125001 0.886215746875 0.7108580859375 0.8765543328125001 0.707949203125 0.88989579375 0.703419625 0.9002720734375 0.7015512546875 0.898572509375 0.6923238515625 0.9246499734375 0.6895980203125001 0.9382686546875 0.6740668984375 0.9246026578125001 0.6590365296874999 0.9259776859375 0.6487039875 0.9186796906250001 0.6345754953125 0.91807793125 0.6260170921875 0.9392171250000001 0.612834884375 0.9463583937500001 0.5948458140625 0.94559251875 0.5839533046875001 0.9563591265625 0.5577477375 0.9342899421874999 0.5577033265625 0.9235854296875001 0.5549034749999999 0.9307814046875 0.5376924437499999 0.9305662765625 0.5196885703125 0.9355119390625 0.50036149375 0.9312338296875 0.4843498265625 0.9260220312499999 0.4700032671875 0.9387057249999999 0.459375 0.56875 0.459375