0 0.435410596875 0.05629592343749999 0.4313030875 0.064472165625 0.443582453125 0.0754009453125 0.4531198703125 0.06953145468750001 0.45959958749999996 0.06040880625 0.45350848125 0.052860554687500005 0.44262437656250003 0.0492889796875 0.435410596875 0.05629592343749999
0 0.29760924843750003 0.153938528125 0.294357246875 0.1590208171875 0.2940657875 0.1715239921875 0.30013260625 0.1801141765625 0.3110652859375 0.18160188906250002 0.317326409375 0.181856621875 0.3191345734375 0.17150099218749998 0.31790932656250004 0.1568502703125 0.3062425828125 0.1532468515625 0.29760924843750003 0.153938528125
0 0.07518277031250001 0.08439981875 0.0867523609375 0.0921709609375 0.09991152187499999 0.09896385625000001 0.1177422359375 0.10698973281249999 0.1380180265625 0.1109434078125 0.14129431718750002 0.10481918593749999 0.1368899328125 0.09212496249999999 0.1362044453125 0.08792539375 0.1190349296875 0.0851410171875 0.1018168375 0.084440503125 0.0840104109375 0.0753726953125 0.066228271875 0.06526295625 0.07518277031250001 0.08439981875
0 0.326356390625 0.0633311875 0.32346871093749996 0.052784507812500006 0.31253603124999996 0.0512967953125 0.303926984375 0.0509465375 0.299182565625 0.05283934999999999 0.2988668171875 0.06638445781249999 0.3066203578125 0.0698286671875 0.3150593875 0.07747244375 0.3237655875 0.0736549765625 0.326356390625 0.0633311875
0 0.311119278125 0.21289167031249998 0.3221976875 0.20812779531249997 0.32623233125 0.203077346875 0.310822403125 0.1920212015625 0.30015689375 0.1790722453125 0.29164500000000004 0.1745542625 0.25970246874999997 0.16699716874999998 0.28976397343750004 0.188035684375 0.29563648593749997 0.20496132031249997 0.311119278125 0.21289167031249998
0 0.36494080625 0.458081621875 0.3554276796875 0.46290917968749995 0.35381382031249997 0.464929359375 0.348899384375 0.474115690625 0.3525939921875 0.4836522796875 0.3624768625 0.4965693953125 0.3773713203125 0.4961324546875 0.3884011515625 0.49345244375 0.3894023859375 0.4841069046875 0.3817459984375 0.47649496874999997 0.37572775625 0.46582092187499996 0.36494080625 0.458081621875
0 0.3866253109375 0.40160328125 0.3960898625 0.39885958593750004 0.39638132187499997 0.38635641249999997 0.3957687 0.37903105 0.389629015625 0.3735666609375 0.3794789765625 0.3721107890625 0.3730964109375 0.3770657140625 0.372143753125 0.384327390625 0.37353901718750004 0.39168459218749996 0.38038847656249997 0.4003066171875 0.3866253109375 0.40160328125
1 0.6390625 0.51875 0.6390625 0 0.56252445 0 0.561089140625 0.008220239062499999 0.5531898703125 0.0110276171875 0.53606893125 0.0061593765625 0.526701534375 0.0047353484375 0.51609001875 0.023076170312499998 0.5052544906249999 0.017420731249999998 0.49855617968750005 0.035920760937500004 0.4760781984375 0.0256199734375 0.455656678125 0.0279178875 0.48640367187500005 0.053155971875 0.4776974734375 0.0569734375 0.4681114796875 0.0649267890625 0.4601150578125 0.07190189062499999 0.447204196875 0.08806332812499999 0.43649552968750005 0.1105718765625 0.43226658125000006 0.1239577734375 0.42948147031249995 0.1426170125 0.43594231875 0.1679099375 0.4258165671875 0.16541213593749998 0.3847009421875 0.1480955625 0.415817675 0.1910783203125 0.4198577375 0.2194015125 0.403446575 0.2176909078125 0.39566874531249996 0.21528863125000003 0.38693825937500004 0.22014802812499998 0.3811683171875 0.2324283125 0.3900985265625 0.25260710625 0.39743916874999996 0.2737641484375 0.40260190625 0.2875321484375 0.4021647171875 0.3062869109375 0.404148315625 0.3220114046875 0.39634619843749996 0.32065105781250003 0.38443657343750004 0.32746695312499996 0.39468918125 0.3581287421875 0.39444629999999997 0.3685480546875 0.4004402546875 0.38026403124999997 0.40638563124999993 0.39406387187499997 0.40137404062500004 0.407417928125 0.40338192656249994 0.4221004921875 0.41189382031250005 0.4266184734375 0.4037030921875 0.44192902656250005 0.4058567078125 0.450360003125 0.4111894625 0.45683448281250005 0.42146094375 0.453080696875 0.4276249140625 0.45750315468749997 0.42351740624999995 0.465679396875 0.42327452499999996 0.4760987109375 0.41997394374999997 0.4832648625 0.4026586984375 0.4867320734375 0.405497803125 0.49936261562500006 0.41628475312499996 0.5071019171875 0.4276469828125 0.51875 0.6390625 0.51875
1 1 0 0.6570703906250001 0 0.6536077140625001 0.003971846875 0.63969561875 0.029478821875 0.6390625 0.0301384 0.6390625 0.51875 0.87722045 0.51875 1 0.5130314499999999 1 0
0 0.43949779375000003 0.5385229953125 0.43815110625000003 0.52908193125 0.43435934375 0.523713065625 0.429712078125 0.5214381546875 0.4226197375 0.5232354421875 0.422376853125 0.5336547546875 0.42761245625 0.544296959375 0.4362215015625 0.5446472171875 0.43949779375000003 0.5385229953125
0 0.5974211656249999 0.5522485140625 0.6049561109375 0.5650701046875 0.6094576484374999 0.57359660625 0.61557304375 0.5801029265625 0.6197534171875 0.5688008890625 0.6238852140625 0.5595827156250001 0.624176671875 0.547079540625 0.6211432625 0.54278445 0.617230059375 0.542625240625 0.6133411468750001 0.5414241015625 0.60629738125 0.5411375281249999 0.5974211656249999 0.5522485140625
0 0.23935517343749999 0.790067175 0.24483365625000003 0.790290065625 0.25275721562500003 0.78644075625 0.25287865625 0.7812311 0.2468361265625 0.7715989859375 0.23663751249999998 0.772226975 0.2333855078125 0.777309265625 0.23473219531249997 0.78675033125 0.23935517343749999 0.790067175
0 0.15552090000000002 0.8242014921875 0.15077648125 0.8260943046874999 0.148088525 0.8405858187499999 0.16200603593750001 0.8484524859375 0.172204653125 0.8478244953124999 0.17780457656249998 0.84283773125 0.17787744218749998 0.8397119359375 0.18110515625 0.8356715765625001 0.1796613171875 0.8303982390625 0.16804315 0.8247109578125 0.15552090000000002 0.8242014921875
0 0.1800607640625 0.8804746234374999 0.1807948265625 0.8825903265624999 0.165093440625 0.8840373593749999 0.1743636859375 0.8896291140624999 0.18752284531250002 0.896422009375 0.1998993640625 0.9031830609375 0.2061847765625 0.9023958625 0.2103894390625 0.8900518953125001 0.20674340624999998 0.87843144375 0.20048228125 0.8781767109375 0.19106630625 0.87883654375 0.1800607640625 0.8804746234374999
0 0.2270246140625 0.9157587609375 0.23954686249999999 0.9162682265625 0.24989120625 0.90938865 0.252433434375 0.9011487218750001 0.2534832453125 0.8897193203124999 0.2505227 0.8822984343750001 0.2419379421875 0.880906246875 0.23411153593749998 0.88058783125 0.226212265625 0.8833952093749999 0.224258375 0.9000024249999999 0.2270246140625 0.9157587609375
1 0.6390625 1 0.6390625 0.6280649765625 0.6372009390625 0.6268713078125 0.6269780359375 0.6285412296875 0.6097113656250001 0.629924578125 0.6014909328125 0.6129034203125 0.6024732968750001 0.6379734546875 0.594598315625 0.6397389 0.5798010078125 0.6360081171875 0.5817063250000001 0.6214847625 0.569281228125 0.616807571875 0.5513533609375 0.6129494203125 0.5425014328125 0.6230184765625 0.547518440625 0.6430380640625 0.54184565 0.6511506234375 0.5348504625 0.648780184375 0.51931909375 0.6429336953125 0.5106803421875 0.610251728125 0.493389384375 0.6126770078125 0.4944931890625 0.6325373843750001 0.4980420703125 0.6483255625 0.5063110796875 0.6632628578124999 0.5052855578125001 0.6736503296875 0.4935216609375 0.6742146375 0.48092654843749993 0.676830965625 0.4828858578125 0.693597390625 0.46755421249999995 0.7127890953125 0.4575984796875 0.702997771875 0.43644289531249997 0.70317998125 0.4289619421875 0.7216481703125 0.4419267984375 0.7367765140625 0.44136816718749994 0.7607409359374999 0.437703265625 0.78353605625 0.42112208593749995 0.789118971875 0.40821122499999996 0.80528040625 0.391047128125 0.8358696734375 0.37887033125 0.8541468125 0.3947957296875 0.8766960421875 0.3876062359375 0.8826610562500001 0.368234528125 0.873529565625 0.364569625 0.8963246874999999 0.35537224375 0.8876071390625 0.339427975 0.8994734812499999 0.3273726203125 0.912540965625 0.3205042890625 0.9383345140625 0.32324624218750003 0.9551327828125 0.33102406875 0.9575350609375001 0.3307568984375 0.9689963046875001 0.3319578578125 0.9846889578125001 0.3309566234375 0.9940344968750001 0.3167476515625 0.9986710046875 0.31706269531250003 1 0.6390625 1
0 0.13228201875 0.64490595 0.13206342499999998 0.65428333125 0.1397441015625 0.660853334375 0.14289895156250002 0.659938771875 0.149451534375 0.647690328125 0.144288796875 0.6339223296875 0.14032701875 0.6358469828125 0.1363166640625 0.6398555015625 0.13228201875 0.64490595
0 0.9226263687499999 0.7905192968750001 0.9186888765625 0.7914020203125001 0.9169535796874999 0.79863185625 0.9182759781250001 0.8091148531249999 0.9243670843749999 0.8166631046875 0.9384060390625001 0.8193201140624999 0.9409482656249999 0.8110801890625 0.9389646671874999 0.7953556953125 0.9288874937500001 0.7907740296875 0.9226263687499999 0.7905192968750001
0 0.7564933968750001 0.8265199046875 0.741623228125 0.8259149156250001 0.7238168 0.816847109375 0.7117128703125 0.831998453125 0.726607328125 0.8315615125000001 0.746810253125 0.83864098125 0.750674878125 0.840884053125 0.7606791890625 0.8485915109375 0.773789771875 0.8574682687500002 0.7761862703125 0.8554799296875 0.7770660640625 0.8513440484375 0.7775275390624999 0.8315473531249999 0.766667725 0.82693384375 0.7564933968750001 0.8265199046875
0 0.8785772859375001 0.9326500531249999 0.8810709390625 0.9264939890624999 0.8837588937499999 0.9120024765625001 0.8706968890625 0.90104185625 0.8628461937499999 0.901765371875 0.8586901093750001 0.9120254750000001 0.8669834078124999 0.9259208421875 0.8785772859375001 0.9326500531249999
0 0.913256353125 0.9236317703125 0.9146516171875 0.930988971875 0.9222351390625001 0.9417266999999999 0.9323366015625 0.9452664359374999 0.9379365265625002 0.94027966875 0.9421411890625 0.9279357015624999 0.9424326484375 0.9154325265625 0.9348976999999999 0.9026109343750001 0.9269984296875 0.9054183124999999 0.9173638625 0.9154555265625 0.913256353125 0.9236317703125
0 1 0.8507419890625 0.99565398125 0.8534166046875 0.9880481937500001 0.8603155328125001 0.98891790625 0.8810749703124999 1 0.8815258437499999 1 0.8507419890625