0 0.47445224843749995 0.21995146875 0.48252059843749995 0.22658319374999997 0.4852458234375 0.232454259375 0.4667618625 0.23682901093750003 0.476738809375 0.24160013593750002 0.489741971875 0.2451266890625 0.4980553109375 0.25407791562500004 0.5028267984375 0.2494264109375 0.5188305234375 0.2415000921875 0.5222393984375 0.233913053125 0.5207134609375 0.2294311875 0.5164062953124999 0.2285133921875 0.49487045937499996 0.2239244140625 0.47445224843749995 0.21995146875
0 0.39124407968749997 0.2592812953125 0.38679924374999997 0.2670254671875 0.387534209375 0.2739839671875 0.3959035546875 0.273500059375 0.41152462187500005 0.2719162109375 0.41078965624999997 0.264957709375 0.41038134218750005 0.26109187500000003 0.410054690625 0.257999209375 0.40247631874999995 0.2560064828125 0.39124407968749997 0.2592812953125
0 0.210578671875 0.2827568546875 0.20605217343749999 0.28972786093749997 0.2072771171875 0.3013253609375 0.2183716859375 0.3067125171875 0.233911090625 0.3043555015625 0.2359573546875 0.2938329296875 0.2353040515625 0.28764759687499997 0.23282381562499999 0.28409603125 0.22380116718749998 0.27839460625 0.210578671875 0.2827568546875
0 0.1748006546875 0.3525990375 0.17845451875 0.3473315 0.1773929015625 0.33728033281249997 0.1751576546875 0.33604826718749997 0.1663799953125 0.33266634375000004 0.154111796875 0.3360982890625 0.1483860125 0.341680096875 0.14969261875 0.3540507640625 0.15528073281250002 0.357130925 0.1647677015625 0.3572630484375 0.1748006546875 0.3525990375
0 0.2698827828125 0.21641621406249997 0.26015082500000003 0.213964590625 0.251235496875 0.219244634375 0.2482349359375 0.23069750625 0.249515884375 0.23285987187499999 0.262192396875 0.2332937578125 0.2672088734375 0.23096175312499997 0.2706994109375 0.22414788125000001 0.2698827828125 0.21641621406249997
0 0.29989997343749997 0.2016510140625 0.3066617203125 0.19591207187499998 0.305845090625 0.1881804046875 0.30311986874999997 0.1823093390625 0.291479315625 0.18171831875 0.2781751578125 0.1853073984375 0.27568100625 0.1988750875 0.2820436609375 0.2020027984375 0.2853148671875 0.20307772812499997 0.29989997343749997 0.2016510140625
0 0.33579469687499996 0.0830868203125 0.35509528437500004 0.086443734375 0.3729259421875 0.075883646875 0.3709916890625 0.0675359484375 0.3612597328125 0.06508432343750001 0.3422857953125 0.064820078125 0.33306947343750004 0.07721575625 0.33579469687499996 0.0830868203125
0 0.13097525000000002 0.4558695359375 0.12991363281249999 0.44581836875 0.1251164890625 0.440261571875 0.11323094843749999 0.43735105 0.1028153390625 0.44835753125 0.1064948609375 0.45329829374999997 0.10913842031250001 0.4583961921875 0.1137722390625 0.46240665468750003 0.1250861390625 0.459905009375 0.13097525000000002 0.4558695359375
0 0.07622798750000001 0.49559573281249997 0.0777842734375 0.48043416250000004 0.0523495859375 0.478793221875 0.0420716453125 0.48113773281250005 0.0396170671875 0.4877944703125 0.049129693749999995 0.4981348953125 0.06652168750000001 0.5033524109374999 0.07622798750000001 0.49559573281249997
1 0 0 0 0.44269335468750004 0.0095532546875 0.452291328125 0.021434103125 0.4850535890625 0.0356925578125 0.48053420625000004 0.039075778125 0.462738865625 0.033763 0.4423347671875 0.028639203125000002 0.43368530625 0.018743920312500002 0.4296873484375 0.013921120312499998 0.41392225 0.0029082140625 0.4093082609375 0.02193815625 0.4001373734375 0.020463532812499997 0.4160721109375 0.031068125000000002 0.416820265625 0.044479603125 0.424212653125 0.061080625 0.4319068046875 0.0703226046875 0.429719428125 0.06111097343750001 0.41226336718749995 0.06577514062499999 0.39663039375000003 0.067438746875 0.392450290625 0.062233289062499995 0.38302766093749996 0.05855376875 0.378086896875 0.060135710937499996 0.373133628125 0.0778286984375 0.3712355078125 0.10882584531249999 0.36574830937499997 0.137643753125 0.349593909375 0.157383003125 0.3371732203125 0.17106981875 0.3272416703125 0.1837719890625 0.337883859375 0.201817284375 0.349286709375 0.218989946875 0.3623930265625 0.22864024062500002 0.36407148437500003 0.2232458 0.34289421875000003 0.20869104218749998 0.324677496875 0.202204634375 0.3130925015625 0.1999997375 0.29221700156249997 0.19861146875 0.2790731671875 0.2005504125 0.25756912656250003 0.1986721671875 0.23978629218749997 0.21644681718749997 0.238661340625 0.22800570625 0.2384791953125 0.24335612968749998 0.22436754374999998 0.24788262656249999 0.2173965375 0.24139622031250002 0.20581154062499998 0.2648149921875 0.19833161562499999 0.2634267234375 0.18518778281249998 0.260538175 0.1777703828125 0.2829209875 0.1704475921875 0.266156640625 0.1612071078125 0.284206628125 0.14275821875 0.29126936875 0.1299036421875 0.2911363921875 0.10871387343750001 0.292718334375 0.10376060312499999 0.32161790468749996 0.08837937031250001 0.3246184640625 0.0769264984375 0.30970670624999996 0.075260546875 0.2957492453125 0.07266429375 0.291824734375 0.0654040296875 0.291554090625 0.052876228125 0.2936820171875 0.0431268234375 0.294064675 0.03678435625 0.29324804531250004 0.0290526875 0.2935233828125 0.0117287515625 0.292298440625 0.0001312515625 0.292306359375 0 0 0
0 0.9235253906249999 0.41059850468750003 0.9313487531250001 0.41491073125 0.9456072093750001 0.41039135 0.9471074906249999 0.4046649140625 0.944463928125 0.3995670140625 0.934813634375 0.3978885578125 0.92573498125 0.40162226875 0.9235253906249999 0.41059850468750003
0 0.8380143906249999 0.358367884375 0.839157671875 0.3691922203125 0.8512881999999999 0.374422240625 0.8653016671875001 0.36758335937500003 0.8635307421875 0.36078199375 0.86113216875 0.35800359375 0.85314548125 0.352145034375 0.8417499171875 0.3538735140625 0.8380143906249999 0.358367884375
0 0.8635798593749999 0.22173159999999997 0.8746744281249998 0.22711875625000003 0.8957202843750001 0.22706873437500003 0.8991291609375001 0.21948169687500002 0.8985575203125 0.2140695296875 0.8835640984375001 0.2116304125 0.8710509125 0.2127428578125 0.8635798593749999 0.22173159999999997
0 0.7715915359375 0.4469982359375 0.7670137234375 0.43355263906249997 0.7497850546875 0.42988145624999996 0.738006834375 0.437952403125 0.73724151875 0.450637340625 0.749290384375 0.4550941953125 0.7680193328125 0.4530389421875 0.7715915359375 0.4469982359375
1 0.55 0 0.55 0.5296875 0.5849395375 0.5296875 0.5813224531250001 0.51906368125 0.590891084375 0.519968971875 0.6032409453125 0.51731019375 0.6515227671874999 0.5060590406250001 0.68892935 0.48153192968749997 0.7130061171875 0.4503856 0.7295045109375 0.41724654375 0.742129709375 0.39726382656250003 0.737005915625 0.3886143625 0.754698903125 0.38671624375 0.79703560625 0.3889357 0.809415815625 0.3666334828125 0.7839811296875 0.36499254375 0.791998165625 0.351207665625 0.8001225218750001 0.34840425625 0.799989546875 0.3272144859375 0.8196727906250001 0.32422893125 0.80299010625 0.31576161406250003 0.9080513765625 0.343816909375 0.8231936781249999 0.29777162343749997 0.8314300484375 0.27609794375 0.8388194390624999 0.266336034375 0.8330983453125 0.242066103125 0.8345473125 0.2159230640625 0.8398134687500001 0.18605881875000002 0.8363276234375 0.16302095156250002 0.8286162734375001 0.13983845625 0.84993746875 0.12246449687500001 0.84530365 0.11845403437499999 0.8424151015625 0.11103663593749999 0.8741215562499999 0.102299634375 0.8805309921875001 0.08325972499999999 0.812892578125 0.1005890984375 0.8110959953125001 0.08357943125 0.7947399625 0.0782047796875 0.7870029546875 0.0448139828125 0.7747907625 0.0388107921875 0.769559646875 0.0191798625 0.7547855578125 0.0088519421875 0.7441417953125 0 0.55 0
0 0.6943541390625001 0.4830657578125 0.6955790828125 0.49466325937500005 0.7096998703125 0.49880584531250005 0.715017340625 0.4893582046875 0.707576634375 0.478703509375 0.6943541390625001 0.4830657578125
0 0.7729017406249999 0.5296875 0.7609519015625 0.4957452578125 0.7612272390625 0.47842132031249995 0.742610303125 0.46160630312500006 0.71979351875 0.4548549609375 0.7114498296875 0.46554717031250004 0.70820428125 0.4746805421875 0.7642154140625 0.5296875 0.7729017406249999 0.5296875
0 0.5293986109375 0.6296597328125 0.4957230453125 0.6273742 0.500916559375 0.641373334375 0.5011388890624999 0.6552023171875 0.5135188078125 0.6551728921875 0.5240733171875 0.6378609171875 0.5293986109375 0.6296597328125
0 0.502741484375 0.5296875 0.5030824515625001 0.532915703125 0.5188606609375 0.54161263125 0.522516990625 0.5410580390625 0.528610875 0.54013371875 0.5331016859375 0.53575583125 0.5346915421875 0.5296875 0.502741484375 0.5296875
0 0.020611371875 0.7835395484375001 0.0296231796875 0.7867935390625 0.04030395 0.7824009375000001 0.0457253140625 0.7751093625000001 0.041012171874999996 0.7656582671875001 0.0368754734375 0.7616648203125 0.024303409375 0.759875028125 0.019746706250000003 0.7753530765625 0.020611371875 0.7835395484375001
0 0.1364006921875 0.730857771875 0.1301146578125 0.729962875 0.11792689218750001 0.731811515625 0.1158736328125 0.7358196749999999 0.12097107343749999 0.7489092015625 0.135980690625 0.7503292640625 0.1424286859375 0.7410336078124999 0.1421404640625 0.738304784375 0.140729540625 0.7366704328125 0.1364006921875 0.730857771875
0 0.367282984375 0.5296875 0.370655778125 0.5335943921874999 0.3774221796875 0.5390373265624999 0.3839003578125 0.5417514375 0.3913090921875 0.5415518625 0.3979492375 0.534075421875 0.3982139703125 0.5296875 0.367282984375 0.5296875
0 0.1775865875 0.6987336421875 0.183998878125 0.7125479125 0.1941333875 0.7147074328125 0.1984320515625 0.708510328125 0.2030848265625 0.6939418890625 0.18413065625 0.6903475953125 0.1775865875 0.6987336421875
0 1 0.6026524765625 0.9928260234374999 0.602765525 0.9918157187500001 0.6131309625 0.99454094375 0.6190020265625 0.999583075 0.6268783234375 1 0.626639071875 1 0.6026524765625
0 0.6983705046875001 0.8045392015624999 0.7177527546875 0.8086692828125 0.7275407171875 0.801685771875 0.7225802484375 0.7945826421875 0.7073418375 0.789824025 0.690302153125 0.7979074765625 0.6983705046875001 0.8045392015624999
0 0.6524825640625 0.8484204921874999 0.6582340046875 0.8530469875 0.668920259375 0.8545683109375 0.679963515625 0.8395388624999999 0.6718135000000001 0.83213396875 0.6642351265625 0.83014124375 0.652594575 0.829550221875 0.6473587671875001 0.8397710296875001 0.6524825640625 0.8484204921874999
0 0.8126505937499999 0.6308800859375 0.8036536015625 0.6353869609375 0.8036792578125 0.6455952640625 0.81567211875 0.6594872546875 0.8249957625000001 0.65807304375 0.8333394500000001 0.6473808328125 0.8363400109375 0.6359279609375 0.8282716609375 0.6292962359375001 0.8126505937499999 0.6308800859375
0 0.90777934375 0.544965603125 0.9060900796875 0.5389374046875 0.893005253125 0.534637684375 0.8848808968749999 0.5374410921874999 0.8859425140624999 0.5474922609374999 0.8878767640625 0.555839959375 0.8965727625 0.55844871875 0.9078866624999999 0.555947071875 0.9105862296874999 0.551609834375 0.90777934375 0.544965603125
0 0.7695695390624999 0.6814056078124999 0.7584189640625001 0.685453584375 0.7507029218750001 0.692122828125 0.7557450546875 0.6999991234375 0.7659669890625 0.7070897484375 0.774637328125 0.699490203125 0.77829119375 0.694222665625 0.7771479125 0.6833983328125 0.7695695390624999 0.6814056078124999
1 0.55 0.5296875 0.55 0.7815176234375001 0.57370765 0.7802426296875 0.585649196875 0.7737180140625 0.593197221875 0.795354178125 0.61140584375 0.8083033609375001 0.6288491515625 0.8339374796874999 0.6317423921875001 0.8115031406250001 0.6448015625 0.805594559375 0.628501534375 0.7907847734375 0.621989471875 0.7689914765625 0.6309864625 0.7644845984374999 0.657018446875 0.7817460078125 0.68340743125 0.7824566484375 0.664055528125 0.75868313125 0.66304991875 0.7391968265625 0.6575994703125 0.7274546984375 0.6661881468749999 0.7190819890625 0.6842077859375 0.7202765359375001 0.7094534921875 0.710162840625 0.7320556359375 0.6949512484375 0.7470234 0.687182065625 0.7595925937500001 0.6766344828124999 0.773223403125 0.6761380671875 0.7805007828124999 0.6852464296875 0.789059109375 0.6965171546875 0.8004803296875 0.704996978125 0.81797964375 0.7211959625000001 0.8338457 0.7219316140625 0.8243890796875 0.702156053125 0.808252378125 0.6888926015625 0.803429578125 0.673127503125 0.8082010640625 0.6684759984374999 0.7981984625 0.653496571875 0.7929930031250001 0.6440739421874999 0.7933500046875 0.627523171875 0.8023213375000001 0.6128079921875 0.804694253125 0.6053780890625 0.8036326359375 0.595326921875 0.8217339390625 0.5972946359375 0.8351197593749999 0.5944787218750001 0.8448260609375 0.58672204375 0.8626007109374999 0.5855970921875 0.87244468125 0.5691784453125 0.85824223125 0.5642626921875 0.8591708703125001 0.5531240890625 0.8671062453125 0.5385660453125001 0.8790739828125 0.5296875 0.55 0.5296875