0 0.1788241609375 0.352401365625 0.179001846875 0.3422652203125 0.1676402921875 0.3359807171875 0.1518975171875 0.3416582515625 0.1558960375 0.351527915625 0.1579157984375 0.355293190625 0.1651421515625 0.3595050671875 0.1734945609375 0.3589720984375 0.1788241609375 0.352401365625
0 0.29806469375 0.3323313265625 0.2856864265625 0.3245540375 0.27005299374999997 0.32399394375 0.26068386875 0.32303412656249997 0.2419046140625 0.3234535984375 0.2324398125 0.3279517046875 0.2511780640625 0.3298713421875 0.2646140484375 0.33680230624999996 0.272939125 0.3378287453125 0.28748750156249997 0.340794571875 0.3072698046875 0.3426475890625 0.29806469375 0.3323313265625
0 0.0239249703125 0.26493155625 0.0269614484375 0.27018961875 0.032168034375 0.27063621875 0.0363305734375 0.2711494375 0.043707270312500004 0.2667845734375 0.049050539062499995 0.2594341375 0.0481431671875 0.2517037234375 0.039859098437500004 0.248338171875 0.027357818750000002 0.24757821562500001 0.0230586015625 0.25486203125 0.0239249703125 0.26493155625
0 0.08514967500000001 0.2228620703125 0.0789537046875 0.21936327812499998 0.06962558437500001 0.2160643484375 0.0548448515625 0.2263534828125 0.060972479687500004 0.23375079375 0.06297857343749999 0.238295771875 0.077581625 0.238142784375 0.0891481953125 0.23273173281249998 0.08514967500000001 0.2228620703125
0 0.126081078125 0.1485977484375 0.1239519703125 0.1510701015625 0.1238836296875 0.1549686203125 0.1247910015625 0.162699034375 0.14253987343750002 0.161566478125 0.1529803875 0.1609002703125 0.1593813734375 0.1527035078125 0.1521960265625 0.14615252343750001 0.1355322109375 0.14487934687499998 0.126081078125 0.1485977484375
0 0.149236275 0.077025390625 0.1598818046875 0.064663628125 0.15374050781249998 0.058046021875 0.144453390625 0.05240798125 0.1340128796875 0.053074190624999996 0.12556479375000001 0.05906508125 0.1222822921875 0.067841684375 0.12111522968749999 0.0749256359375 0.12422004687499999 0.07628518125 0.13147373281250002 0.07893765 0.1439750125 0.0796976046875 0.149236275 0.077025390625
0 0.2120023609375 0.06601080468750001 0.237086928125 0.0628524953125 0.239229703125 0.059600440624999994 0.210023603125 0.059906417187500005 0.203827634375 0.056407624999999996 0.1944995125 0.053108695312499996 0.18085850781249999 0.057873284375 0.17650461875 0.0682759140625 0.17649094999999998 0.06905561875 0.1847886875 0.071641465625 0.197303634375 0.0716217171875 0.2120023609375 0.06601080468750001
0 0.9616828421874999 0.1192859921875 0.9636889375 0.12383097031250001 0.9719866750000001 0.1264168171875 0.9755151999999999 0.1036055515625 0.9692508937500002 0.104005278125 0.96294558125 0.10674411406249999 0.9617921859375 0.11304836250000001 0.9616828421874999 0.1192859921875
0 0.9143861703125001 0.14021711406249998 0.9145638546875 0.13008096875 0.9115683812500001 0.1224837953125 0.893819509375 0.12361635 0.8821982671875 0.132146215625 0.8882302171875001 0.14500145 0.8954292328125 0.1507727328125 0.909042903125 0.1475675515625 0.9143861703125001 0.14021711406249998
0 0.75279058125 0.1372883921875 0.7601399437499999 0.134482934375 0.7696730859375001 0.1260863125 0.76461684375 0.11706297343750001 0.747939359375 0.11656950156250001 0.743667478125 0.1222939109375 0.7435034625 0.131650353125 0.7455368921875 0.134635925 0.75279058125 0.1372883921875
0 0.476351534375 0.320040221875 0.49066755625 0.3362610078125 0.50217945625 0.3339687703125 0.5044725765625 0.32213997656250004 0.49115960468750003 0.3081916796875 0.47543049374999996 0.3130895109375 0.476351534375 0.320040221875
0 0.4 0.3310686234375 0.4031312640625 0.3325007203125 0.41151101093750003 0.330408346875 0.4137357921875 0.32247806875 0.4096826 0.3157272203125 0.4 0.3163450671875 0.4 0.3310686234375
0 0.5585824609375 0.4479732375 0.5513014375 0.446880175 0.5303930765625 0.4497720015625 0.537496415625 0.461001209375 0.5477592437500001 0.4704711453125 0.5623896312500001 0.46875875 0.5635840296875 0.46011539062500006 0.5585824609375 0.4479732375
0 0.4 0.692951521875 0.393491134375 0.693123921875 0.37881974375 0.6971754296875 0.375564578125 0.704392625 0.38279092812500004 0.7086045000000001 0.4 0.7139674109375 0.4 0.692951521875
0 0.019558946875 0.9046828999999998 0.006838979687500001 0.9163982 0.0192035796875 0.9249551921875 0.0307018109375 0.9234426578124999 0.0360177453125 0.917651628125 0.0371574703125 0.9121270828125001 0.0330769421875 0.906935640625 0.019558946875 0.9046828999999998
0 0.2897473546875 0.7215510921874999 0.2919174640625 0.716739628125 0.28896299375 0.7068033453125 0.2879189421875 0.7068699671875 0.27441461718750004 0.7038375203125 0.268136640625 0.70501695 0.26479946718749997 0.7169123640625 0.27510329843750003 0.724043190625 0.2844997625 0.723443603125 0.2897473546875 0.7215510921874999
0 0.276486865625 0.52613173125 0.27110259375 0.5358212765625 0.26152845 0.5465570125 0.2687137953125 0.553107996875 0.2822864625 0.552241925 0.292685971875 0.553914828125 0.30636798125000003 0.546811128125 0.2991689671875 0.5410398453124999 0.2941400609375 0.5304571 0.294290409375 0.5218803609375 0.276486865625 0.52613173125
0 0.24262985937499998 0.51875 0.23995874062500003 0.5276837578125 0.2419785015625 0.531449034375 0.24714408593749998 0.53423474375 0.2586286515625 0.5335019140624999 0.268066115625 0.530563215625 0.27133495 0.5225663171875 0.26965047656249996 0.51875 0.24262985937499998 0.51875
0 0.20211848593749998 0.604087328125 0.20432960156250002 0.5969367531249999 0.2012794546875 0.5924583953125 0.18776146093749999 0.5902056531250001 0.176290565625 0.590158778125 0.174011109375 0.6012078703125 0.17914935781250002 0.6055529875 0.191595965625 0.60943175625 0.20209115 0.6056467343749999 0.20211848593749998 0.604087328125
0 0.1219147890625 0.7174626890625 0.1304312171875 0.7075732796875001 0.13163928281249998 0.698150215625 0.126501034375 0.6938050984374999 0.11192532343749999 0.6923986796875 0.10236484531250001 0.7023547109375 0.1053739875 0.70917218125 0.1063360296875 0.71378378125 0.1114606109375 0.7189086015624999 0.1219147890625 0.7174626890625
0 0.040374731250000004 0.788087596875 0.042558509375 0.7824964296875001 0.04383491875 0.7691748484375001 0.0365812296875 0.7665223812499999 0.018873362499999997 0.7653158250000001 0.009326553125000001 0.7744921515625001 0.013270403125 0.7874806296875001 0.026761060937499997 0.791292778125 0.040374731250000004 0.788087596875
0 0.15350440468749998 0.6406791421875 0.1628325265625 0.643978071875 0.1712942796875 0.6372074765625 0.1620344984375 0.630010028125 0.1538324359375 0.62196625625 0.141344825 0.620426596875 0.1370319390625 0.628490115625 0.141071465625 0.6360206671874999 0.15350440468749998 0.6406791421875
0 0.979615734375 0.9315706609374999 0.9670734515625 0.9331498140625001 0.9576086499999998 0.9376479218749999 0.9595600718749999 0.9453117140625 0.9708396171875 0.9562744390625 0.98030441875 0.9517763328125 0.9845079578124999 0.9499504421874999 0.9866644015624999 0.9459186828124999 0.98572969375 0.9397476749999999 0.979615734375 0.9315706609374999
0 1 0.7405273609374999 0.992360853125 0.7399437015625 0.969391725 0.7414093609375 0.9723461953125 0.7513456453125 0.9837214156249999 0.75685044375 1 0.7603072531249999 1 0.7405273609374999
0 0.8202995968749999 0.9175928484375 0.8160277171875 0.9233172578125 0.8179381359375 0.9333201609374999 0.825191821875 0.9359726296875 0.8387781562499999 0.9343268546874999 0.842046990625 0.9263299546875 0.8400135609374999 0.9233443828125001 0.8359330296875 0.9181529421875 0.8286930109374999 0.9147207703125 0.8202995968749999 0.9175928484375
0 0.811999675 0.7366547499999999 0.8119176671874999 0.741332971875 0.8118766624999999 0.7436720828125 0.8189663328125001 0.7556809937500001 0.835698490625 0.7530556515625 0.8400250437499999 0.744212428125 0.8401070515625001 0.73953420625 0.8339520874999999 0.733696303125 0.8204340921875 0.7314435609375 0.811999675 0.7366547499999999
0 0.8263187953125 0.633714134375 0.8127461296875002 0.6345802046875 0.8096139765625001 0.6347800671874999 0.8011385546875001 0.6423303671875 0.8030763078125001 0.6507738640625 0.8185457249999999 0.6606904 0.8269528078124999 0.65703861875 0.8353735578125001 0.652607134375 0.8385877203125001 0.64772905 0.8377213515624999 0.637659525 0.8263187953125 0.633714134375
0 0.715255175 0.841739603125 0.714060775 0.8503829625 0.7139650984375 0.8558408890625 0.7158071796875 0.8697423093750001 0.7220168140625 0.8724613999999999 0.7376775828125 0.8714620859375 0.7450269453125 0.868656628125 0.7526223328125 0.8518165078125 0.749626859375 0.8442193343750001 0.739254684375 0.8409870265624999 0.73303138125 0.839047640625 0.7225908703125 0.8397138484375001 0.715255175 0.841739603125
0 0.6378229796875 0.9159965453125001 0.6293475578125 0.92354684375 0.635393178125 0.9356223765625 0.6447486359375001 0.9373618984375 0.6625931828125 0.93077141875 0.6657800078125 0.9274527406249999 0.6648453015625 0.921281734375 0.6617814875000001 0.9175830796875001 0.64517234375 0.9131910874999999 0.6378229796875 0.9159965453125001
1 0.4 0.51875 0.4 1 0.468633203125 1 0.46950365468750005 0.9991683203124999 0.48098821875 0.9984354906250001 0.47918714375000004 0.9821949578125 0.4968130046875 0.9880797343750001 0.5029816359375 0.9931379328125001 0.5219385734374999 0.9825823140625001 0.5210312015625 0.9748519 0.53567525625 0.9723597999999999 0.5368286515625 0.9660555500000001 0.5597977796875 0.964589890625 0.5568706453125 0.9530942 0.5727637703124999 0.9388399265625 0.5739718375 0.9294168625000001 0.594702515625 0.936661184375 0.6010761656250001 0.9300238296875001 0.60435866875 0.9212472281250002 0.61894805 0.9218739421875 0.6327257375 0.90931231875 0.6453636953125 0.9022752390625 0.6518056859375 0.8917393671875 0.6812441437500001 0.8781784296874999 0.6947348 0.881990578125 0.6939094375 0.8695819421875001 0.684704328125 0.8592656796875 0.676392921875 0.8574595374999999 0.7034699156249999 0.8596259109375 0.7109969609375 0.846684309375 0.7090865421875 0.8366814046875 0.7227548859375 0.8303574062500001 0.714593825 0.8199745249999999 0.7052793718749999 0.8158958921874999 0.708479865625 0.8117975109375 0.720967478125 0.813337171875 0.7334687578125 0.8140971265625 0.74620239375 0.801602121875 0.7453223578125 0.7923123015625 0.739099053125 0.790372915625 0.7393314109375 0.7771179546875 0.7299622859375 0.7761581359375 0.7300989640625 0.7683611015625 0.731225021875 0.763616259375 0.7428325984375 0.755866096875 0.7553748828125 0.7542869421875 0.7461834406250001 0.7431909765625 0.7399874734375 0.7396921843750001 0.7474461796874999 0.7306490984374999 0.7434749937499999 0.719220028125 0.7404248484375 0.7147416718749999 0.7426632984375 0.7060316906249999 0.7469351796874999 0.70030728125 0.7553559296875 0.695875796875 0.75447589375 0.6865859750000001 0.7702186703125 0.680908440625 0.7725254609375 0.6682999421875 0.76749655625 0.6577171953125001 0.7624813203125 0.6463547468749999 0.757479753125 0.6342125953125001 0.75240984375 0.6259689609375 0.7452381640625 0.618638271875 0.741171303125 0.6126671265625 0.7392472171875 0.603443925 0.7351530187499999 0.5990321875 0.7177595171875 0.57989245 0.7167428 0.5783996640625 0.709762471875 0.560153125 0.7078383859375 0.5509299234375 0.70388086875 0.53872115 0.6967775312500001 0.5274919437500001 0.693235884375 0.51875 0.4 0.51875