0 0.4277577984375 0.0029225874999999997 0.4195303765625 0.014925898437499998 0.42597613125 0.025924129687500002 0.44195450000000003 0.027670387499999997 0.44658714218749995 0.018446946875000002 0.44014138750000004 0.007448715625 0.4277577984375 0.0029225874999999997
0 0.32332207031250004 0.0771024078125 0.33554526406249996 0.076111590625 0.33900637968749997 0.068734265625 0.33373215 0.055889921875000005 0.320230503125 0.0550488875 0.313067675 0.061528120312500004 0.312216940625 0.0744081296875 0.32332207031250004 0.0771024078125
0 0.30476005625 0.070772959375 0.31684958281250003 0.0651846875 0.32254682031250004 0.0504371671875 0.328083665625 0.030172700000000004 0.326430946875 0.0154679765625 0.3134372203125 0.032097273437500004 0.300630621875 0.0551630078125 0.30476005625 0.070772959375
0 0.3012234546875 0.117695534375 0.3059095625 0.11031107656250001 0.3081724171875 0.10386037343750001 0.307905090625 0.09466546249999999 0.28846560781249997 0.10029653125 0.2852183546875 0.115029784375 0.28556587968749997 0.1269831703125 0.3012234546875 0.117695534375
0 0.013350221875000002 0.11937169375000001 0.0048020046875 0.1203411140625 0.0028599421874999998 0.1378257078125 0.0008644140625 0.1534713234375 0.001105009375 0.16174674375 0.018254903125 0.1616468875 0.0250969375 0.144133759375 0.0348434109375 0.14223771875 0.036999334375 0.13210905 0.02560014375 0.11930036718749999 0.013350221875000002 0.11937169375000001
1 0 0.65 0.509375 0.65 0.509375 0.3141066015625 0.5017180625 0.3133325453125 0.4951386453125 0.297736859375 0.5056823890625 0.281121828125 0.498038371875 0.2710502203125 0.484269396875 0.261014278125 0.4865055171875 0.2536440828125 0.47404173125 0.24635948124999998 0.464776446875 0.2648063640625 0.45489630937500003 0.26210495 0.453350521875 0.2510781890625 0.444508246875 0.2419332078125 0.4266633015625 0.21812629687500001 0.41289432656249997 0.20809035156250003 0.391828859375 0.1999361875 0.37686162031250003 0.1908268671875 0.3621617109375 0.1909124578125 0.3400851125 0.190121353125 0.38351181093750003 0.12457358125 0.3747764671875 0.11910656093750001 0.3260755421875 0.171809990625 0.3079145171875 0.1792729078125 0.3133711609375 0.15624996875 0.2947556796875 0.1480815359375 0.2810134359375 0.138965084375 0.2614135546875 0.13907920625 0.24101640624999998 0.1539123171875 0.20197704375 0.15965750781250002 0.172577221875 0.159828690625 0.1684477890625 0.1442187390625 0.13556012343749999 0.1508477546875 0.115799846875 0.14544493125 0.1001957359375 0.156571546875 0.07705454375000001 0.161304521875 0.0527150890625 0.16696412031250002 0.0371377140625 0.179010228125 0.026086046875 0.17815493124999998 0.0103482734375 0.184684090625 0 0.1859435765625 0 0.65
0 1 0.457548353125 0.9932212187499999 0.4608909671875 0.9768567156250001 0.471148346875 0.966716953125 0.48058778281250003 0.9669669046875 0.489185025 0.9774247859375 0.49068753281250005 0.9825173906250001 0.4867493828125 1 0.47420816875 1 0.457548353125
0 0.9683409781249999 0.4289861453125 0.9632938203125001 0.4344874296875 0.9645395687499999 0.441515475 0.972078225 0.450070278125 0.9834864609375 0.448440453125 0.9883291125 0.435905059375 0.98300928125 0.43202753749999995 0.9683409781249999 0.4289861453125
0 0.8696647734375 0.366243015625 0.8592523390625001 0.3663036421875 0.8501083749999999 0.37417388125 0.850267434375 0.3796448515625 0.854682359375 0.38821784375 0.868263971875 0.3897021625 0.8795813140625001 0.38494606875000004 0.8803271609374999 0.3747796296875 0.8696647734375 0.366243015625
0 0.8641818765625 0.32093635468750004 0.86295885 0.3146898796875 0.8514824484375 0.31397500156249997 0.8443755234375001 0.32026997968750004 0.8341448703125 0.3265831453125 0.8405513921875001 0.3320177421875 0.8499680296874998 0.3335263125 0.8611944828125001 0.3256439484375 0.8641818765625 0.32093635468750004
0 0.8365494828125 0.373471128125 0.8426151640625001 0.3671822125 0.85438295625 0.34209930312500003 0.8593846687500001 0.3350348828125 0.8593619453125001 0.334253315625 0.8489267875 0.333532375 0.836613646875 0.33985766562499997 0.825319025 0.345395328125 0.8150883734375001 0.3517084953125 0.80902269375 0.35799741093750004 0.8114914687500001 0.37127193125 0.82509580625 0.37353781875 0.8365494828125 0.373471128125
0 0.8740904046875 0.26772308125 0.86173181875 0.27248523750000003 0.8599674499999999 0.28343930781250004 0.871489296875 0.28571732031249997 0.8869261703125 0.27937384062500004 0.8950288890625 0.2715096640625 0.8884860312499999 0.26138566406249997 0.8740904046875 0.26772308125
0 0.8155388218749999 0.33138167812499997 0.8071861515625001 0.3306486140625 0.7938090437499999 0.3361984 0.79935610625 0.347891596875 0.80877274375 0.34940016875 0.8190942875000001 0.346213271875 0.8231229250000001 0.3414996171875 0.8155388218749999 0.33138167812499997
0 0.6987899000000001 0.1843202078125 0.689327815625 0.18124850312500002 0.6769692296875001 0.18601066093750002 0.67409545 0.1946260890625 0.6795288953125 0.20241145 0.6920919875 0.20468340000000002 0.70119050625 0.19525002656249998 0.7051736984375 0.1889732375 0.6987899000000001 0.1843202078125
0 0.6779730390625 0.25635779062499997 0.6675606046875 0.25641841875 0.65739811875 0.2650762875 0.6587120359374999 0.2744490328125 0.671275128125 0.27672098125 0.6825015796875 0.26883861875 0.686416603125 0.2602171265625 0.6779730390625 0.25635779062499997
0 0.6913768765625 0.28754773437500003 0.6931866906249999 0.2781568 0.695110115625 0.272673703125 0.688680871875 0.2664575390625 0.6723163734375 0.2767149203125 0.6652548953124999 0.2845730328125 0.66527761875 0.2853546 0.670688340625 0.29235839375 0.6780679375 0.2954422234375 0.6913768765625 0.28754773437500003
1 1 0.6268004765625 0.9802009765624999 0.621996921875 0.9778685390625 0.6134118046875 0.9848845703125001 0.6039905578125 0.9887314249999999 0.5930243640625 0.9830025828124999 0.5750786265625 0.9753503109375 0.5626159859375 0.971772125 0.5470028250000001 0.9733092656250001 0.5282330828124999 0.970749596875 0.5118322921875 0.9560358499999999 0.5072277656249999 0.944377665625 0.5002603484375 0.9242077484374999 0.48708889375000003 0.9455739609375 0.46976709375 0.929027678125 0.4737719328125 0.9185243515625 0.470706290625 0.9161237437499998 0.459776471875 0.9055522500000001 0.45436612656250003 0.9022467359374999 0.4481317765625 0.90729389375 0.44263049062500004 0.9208073375 0.441770109375 0.9224353687499999 0.426126634375 0.9066349328125 0.419965034375 0.8959725437499999 0.4114284203125 0.8804220578124999 0.41386406249999996 0.87213755625 0.4154757 0.863129928125 0.42803534218749995 0.8464700296875 0.428132346875 0.8514262984375 0.41950479218750003 0.8356713062499999 0.41490632656250004 0.8279963125 0.40166211875 0.8326344593750001 0.3820926203125 0.8148197046875 0.37828785 0.8021202765625001 0.3713264953125 0.800851803125 0.3635168828125 0.7912988296875 0.357318909375 0.7765169125 0.3503696796875 0.7565060562499999 0.342669196875 0.7322847796875 0.33342983125000003 0.7156703265625 0.33508996875 0.707090428125 0.326541228125 0.6988740921875001 0.3304975671875 0.6865155062499999 0.3352597234375 0.6737251875 0.32517209999999996 0.6795863609375 0.31184907812499996 0.6792909640625 0.30168870000000003 0.6585797046875 0.3057177921875 0.6510183281249999 0.296381421875 0.6497044093750001 0.2870086765625 0.6246691171875 0.2855910453125 0.61652095 0.2918920875 0.602125321875 0.2982295046875 0.5925496234375001 0.2912499609375 0.562558065625 0.2984598859375 0.5505857671875 0.3165086890625 0.5391548109375 0.317356946875 0.5408282859375 0.3032766078125 0.5282424703124999 0.30022309062499997 0.509375 0.3078082359375 0.509375 0.65 0.9804422609374999 0.65 0.9830105953124999 0.6469949546875 0.9953691812500001 0.642232796875 1 0.6321754171875 1 0.6268004765625
0 0.42266755 0.6704067421875 0.4165791484375 0.675914090625 0.42307656250000003 0.68447495625 0.43462113125 0.6875345359375 0.4459611984375 0.683560009375 0.45080385156249997 0.6710246171875001 0.4381953125 0.6671895328125 0.4308611625 0.6656688359375 0.42266755 0.6704067421875
0 0.509375 0.8112467359375 0.495457015625 0.8099071734375001 0.484908240625 0.8052783937499999 0.47958840937499997 0.8014008718750001 0.4743821921875 0.8014311859375001 0.4703081078125 0.8045817062499999 0.46643852968750005 0.8147663328125001 0.4740453546875 0.8256658375000001 0.48839553750000003 0.8177652859375 0.509375 0.8138212625 0.509375 0.8112467359375
0 0.42593162500000004 0.7110361218750001 0.41891559375 0.720457371875 0.4201840640625 0.72826698125 0.4316377453125 0.72820029375 0.44487851562499997 0.7179611015625 0.45510916874999996 0.711647934375 0.46524893125 0.7022084984375 0.48059491249999997 0.6927387484375 0.4772893984375 0.6865043984375 0.447525065625 0.701529996875 0.42593162500000004 0.7110361218750001
1 0 0.65 0 1 0.40400567968749995 1 0.407016784375 0.99177645625 0.41149587031249996 0.9667359859375001 0.41744793593749996 0.9565392328125 0.4318208421875 0.94942025 0.44965832031249997 0.9540065890625 0.47014234843749997 0.9421618234375 0.45739747499999994 0.9336373328124999 0.44569384375 0.92510678125 0.45585632968749995 0.9164489124999999 0.4565340078125 0.9039377703125 0.42909810937500004 0.891590321875 0.44224798906249996 0.8782248609375 0.44484909375 0.8602306234375 0.432217834375 0.8556139703125 0.43701504062499996 0.84151544375 0.44812787812500005 0.8297252421874999 0.43802955624999995 0.8047696500000001 0.43227798906250003 0.7860423453125 0.43804827343749997 0.769593053125 0.425189784375 0.757160725 0.4101351953125 0.7408326875 0.382676571875 0.727703671875 0.39870023125 0.70572278125 0.3768568390625 0.706631665625 0.3711279953125 0.6886859281250001 0.35937891875 0.6785922421875 0.3790034875 0.673006078125 0.3712830484375 0.6581987359375 0.353354678125 0.6504861281250001 0.3380064875 0.65 0.332353428125 0.65 0.32141696875000003 0.6623975828125 0.31516950781249997 0.662433959375 0.30448439843749997 0.6531157765625 0.3013170796875 0.65 0 0.65
1 0.509375 0.65 0.509375 1 0.9814841359375001 1 0.9821153890625001 0.9989011546875 0.9878402265624999 0.9808887296875 0.995692996875 0.9644273109375 1 0.9617695312500001 1 0.796692546875 0.99576385625 0.7877627609375 1 0.7855866421875 1 0.74660271875 0.9911858656250001 0.7377606343750001 0.9887625359375001 0.7260492468749999 0.974999140625 0.7183123874999999 0.959380484375 0.718403328125 0.951864553125 0.7106300937500001 0.9759040468750001 0.713616921875 0.9938324171874999 0.7213295296875 1 0.716560090625 1 0.686553196875 0.9969521421875001 0.685353178125 0.984684446875 0.6932416046875 0.9751314718749999 0.687043628125 0.9562527484375 0.682463353125 0.9455676375 0.6731451703125 0.9362418921875001 0.6747628703124999 0.9109566484375 0.664748 0.9094931703124999 0.65 0.509375 0.65