0 0.019761626562500002 0.37060130468749997 0.0326135859375 0.3791954125 0.0445728140625 0.37741673593749997 0.046701896874999996 0.3685600765625 0.0435520703125 0.3592007640625 0.033085220312500004 0.3574363703125 0.0273515265625 0.3607291328125 0.019761626562500002 0.37060130468749997
0 0.014347982812499998 0.2731964265625 0.0070309546875 0.28079134843750003 0.008688403124999999 0.29369373125 0.011073509375 0.300523446875 0.02410738125 0.3075993859375 0.0349380640625 0.3063274453125 0.04640545 0.2997419171875 0.0359924984375 0.28861616875 0.0336983484375 0.281027371875 0.0271628859375 0.273188265625 0.014347982812499998 0.2731964265625
0 0.0627710921875 0.074047790625 0.06506524218750001 0.081636590625 0.073584928125 0.090739475 0.094208703125 0.0879432453125 0.0972844140625 0.08009801875 0.0928241296875 0.07276360937500001 0.0829939796875 0.0656856265625 0.0691414859375 0.0654414421875 0.0627710921875 0.074047790625
0 0.04662445 0.0662148078125 0.05785601875 0.0705088015625 0.0681038984375 0.06518909375000001 0.0708157796875 0.060380203125 0.05778190625 0.0533042625 0.0499730359375 0.0560923296875 0.044822142187500004 0.0634328609375 0.04662445 0.0662148078125
0 0.11071917499999999 0.09273989375 0.107006759375 0.10589870625 0.1199496765625 0.11373373125 0.1287961359375 0.1111980109375 0.1303794734375 0.10689585625 0.1320537640625 0.101834615625 0.1326904671875 0.09652102968750001 0.11071917499999999 0.09273989375
0 0.42000938750000005 0.12641046875 0.41296523125 0.1317281359375 0.41828119218750004 0.1408330609375 0.4355563828125 0.148159309375 0.44272855 0.150684828125 0.448735115625 0.1451148125 0.44432873281249996 0.12841904843750002 0.4265077953125 0.125647303125 0.42000938750000005 0.12641046875
0 0.5842053546875 0.0935836796875 0.5928699015625 0.09256612656249999 0.5987855078125 0.0877551953125 0.5929777046875 0.07384342031249999 0.5880626296875 0.0703044296875 0.573900209375 0.06373522499999999 0.5632514421874999 0.0634889984375 0.5564801609375 0.0665294140625 0.5557525 0.072602084375 0.55624434375 0.077408934375 0.564218284375 0.0910663234375 0.576396484375 0.0963717484375 0.5842053546875 0.0935836796875
0 0.58630410625 0.1651837859375 0.6010122734375 0.1671984890625 0.6022856796875 0.15657131562499998 0.6018847953125 0.15100538125000001 0.5950764562499999 0.14544352656249998 0.57896686875 0.1462128125 0.578693996875 0.1484900640625 0.5771106609375 0.1527922203125 0.581479990625 0.1608857125 0.58630410625 0.1651837859375
0 0.838158703125 0.3803337328125 0.8302218171875001 0.375278615625 0.8196640078125 0.37427330468750003 0.8137484 0.3790842359375 0.8150420171875 0.39502295625 0.8179728703125001 0.3972981671875 0.8263645421875001 0.398557865625 0.8374680984375 0.3950086734375 0.838158703125 0.3803337328125
0 0.90951991875 0.45315477031249995 0.909829846875 0.45947978906250003 0.9127977546875 0.4703572703125 0.93269386875 0.47363371093750006 0.9403747265625 0.46300245625 0.9341121359375 0.4528861 0.925046703125 0.44833771718750004 0.912996515625 0.45087547812500006 0.90951991875 0.45315477031249995
0 0.9416616156250001 0.38988214062500004 0.93195948125 0.3906473453125 0.9253701140625001 0.3921695953125 0.9216206437500001 0.3967261390625 0.9244066359375 0.4091217875 0.936039090625 0.41898171562500003 0.9493997390625001 0.41441904999999996 0.9549144609375 0.404042184375 0.9496894578124999 0.394178175 0.9416616156250001 0.38988214062500004
1 1 0 0.6844318796875 0 0.6879298140625 0.0025186109375 0.69410145 0.0133940515625 0.6865654515624999 0.013904868749999999 0.673787603125 0.0225153 0.6878422203125 0.0478072125 0.69648991875 0.06475328281250001 0.6834021453125001 0.067038696875 0.6808182765625 0.079690775 0.70783265625 0.0948540859375 0.675212596875 0.0908267234375 0.671446278125 0.113346890625 0.6865553312499999 0.120927528125 0.7234167078125 0.125205196875 0.7444245203125 0.1459385265625 0.7527252359375 0.147957309375 0.75190661875 0.1547890625 0.7421135249999999 0.15631335156249998 0.7376734484374999 0.1755448375 0.755986228125 0.18312343281250001 0.7784123078125 0.18310915 0.791628096875 0.188666921875 0.8196430124999999 0.1954803125 0.8365914249999999 0.2144451671875 0.8622953437499999 0.23163338281249998 0.8613857671874999 0.23922422187499998 0.8838859609374999 0.2564144796875 0.9026366796874999 0.278161278125 0.9105196624999999 0.2925777515625 0.9143803015625 0.3138280171875 0.929762228125 0.31913140156250003 0.9482569218750001 0.32519183125 0.970282115625 0.31961161250000003 0.9931090828125001 0.3251632640625 1 0.325284734375 1 0
0 0.07339216093749999 1 0.0744342234375 0.9913034968750001 0.07006489375 0.9832100031250001 0.062983684375 0.9799254000000002 0.060271803125 0.9847342921875001 0.062656909375 0.99156400625 0.060982615625 0.9966252453125 0.0582821140625 1 0.07339216093749999 1
0 0.14707223593750002 0.8574156671875001 0.1431947515625 0.8541290234375 0.133765490625 0.8526169781250001 0.1281227546875 0.8551506578125 0.12455519687500001 0.8581890328125 0.1208057265625 0.862745578125 0.12197132968749999 0.8708411109374999 0.1352780765625 0.8756398000000001 0.14714634843750002 0.8746202078125 0.150403975 0.8652568125 0.14707223593750002 0.8574156671875001
0 0.050539367187499996 0.8253450515624999 0.0438219859375 0.8190241125 0.0332641765625 0.8180188015625 0.0259471484375 0.825613721875 0.0201224984375 0.82966556875 0.0151535234375 0.8354879328125 0.014516818749999999 0.8408015203125 0.0252936015625 0.8488909328125 0.027914525000000003 0.844841125 0.0424037203125 0.839771725 0.049629790624999996 0.8329358906250001 0.050539367187499996 0.8253450515624999
0 0.17656268125000002 0.8786496093749999 0.1784559453125 0.8806724734374999 0.185227228125 0.8776320578125001 0.1833878671875 0.8662478406249999 0.182404178125 0.8566341375000001 0.1838595 0.8444887968749999 0.1869352125 0.836643571875 0.1852777671875 0.8237411859374999 0.1769399953125 0.813120134375 0.17340949375 0.8247607796875001 0.17168129999999998 0.839183371875 0.16589370625 0.8518374890625001 0.1613256171875 0.8632257890625 0.1554470625 0.8766389890624999 0.1506061015625 0.8903045390625 0.1659139140625 0.8784033828125001 0.17656268125000002 0.8786496093749999
0 0.359375 0.8349611750000001 0.3580431421875 0.834510525 0.351453775 0.8360327734374999 0.3479771765625 0.838312065625 0.346666715625 0.8403369703125 0.349543665625 0.851973534375 0.359375 0.85610800625 0.359375 0.8349611750000001
0 0.034055859375000004 0.6955621187500001 0.0254822703125 0.6958205875 0.020695209375000002 0.7001247828125 0.02411790625 0.7072068453125 0.02988865625 0.7125163515625 0.033857096875 0.7150439109375 0.03272855 0.7155506468749999 0.045998240625 0.711747065625 0.0497477125 0.7071905218750001 0.046415975 0.6993493765625 0.034055859375000004 0.6955621187500001
1 0.359375 0.5 0 0.5 0 0.6431946625 0.011717371875 0.6502878 0.0098611640625 0.6568672078125 0.0057849187500000005 0.67306235625 0 0.6756598781250001 0 0.695355378125 0.016379784375 0.6826699359375 0.0358750125 0.6803804437500001 0.045250371875 0.6912538421875001 0.057738500000000005 0.7028842859375001 0.0743769859375 0.7155241218749999 0.08912220781249999 0.7261410921875 0.1017922515625 0.73625336875 0.12876957656250002 0.7428144109374999 0.14591675312500002 0.742297475 0.1506499109375 0.7473546328125 0.1627371546875 0.753419140625 0.1615547046875 0.76328723125 0.1752252828125 0.7650495859374999 0.18794922812499998 0.7658005078125 0.19100809531250001 0.7759189046875 0.1879323828125 0.7837641296875001 0.185439471875 0.795657125 0.19246677968749998 0.8083030796875 0.20834055 0.8184133171875001 0.2262692890625 0.802462353125 0.2422879171875 0.8024521515625 0.2535733875 0.797384790625 0.265077828125 0.7994015343750001 0.281187415625 0.798632246875 0.29977306718749996 0.8039335921875 0.299227321875 0.80848809375 0.2937126 0.8188649609375 0.305708884375 0.8256885546875001 0.3291725546875 0.82592661875 0.3405860375 0.8287024453124999 0.3514167203125 0.8274305046875 0.359375 0.82385710625 0.359375 0.5
0 0.5356691140625001 0.5253300125 0.5356152109375 0.5346913671875 0.53931078125 0.5394961765625 0.5484671703125 0.543285475 0.5612820734375 0.5432773125 0.563902996875 0.5392275062499999 0.56978155 0.5258143046875 0.558240053125 0.5151952921875 0.54984838125 0.5139355921875 0.538744825 0.5174847859375 0.5356691140625001 0.5253300125
0 0.6134377796875 0.59814696875 0.614165440625 0.5920742984375 0.6129998375 0.5839787640624999 0.596034578125 0.5829775359375 0.5910656015625 0.5887998984375 0.5900650671875 0.5971498203125 0.6009328046875 0.6044801484375 0.610634940625 0.6037149453125 0.6134377796875 0.59814696875
0 0.7022965187500001 0.729907875 0.697600415625 0.7334529875 0.6980013015625 0.739018921875 0.70340821875 0.7473647625 0.705210525 0.7501467093749999 0.7102165578124999 0.7529266171875 0.7213201124999999 0.7493774234374999 0.7238500796875 0.7460867015625 0.7238130234375 0.7374844312500001 0.7181332328125001 0.731415840625 0.7228293359375 0.7278707296875 0.7101963484375 0.7263607234375 0.7022965187500001 0.729907875
0 0.730365334375 0.7273599125000001 0.7329694124999999 0.741273728125 0.7399596671875 0.745317415625 0.7473676515625 0.7369634109375001 0.7576155328125 0.731643703125 0.7589798953125 0.7202574453125 0.7600713875 0.7111484406249999 0.7444165890625 0.7081223078125 0.7353882125 0.7121761953125001 0.7304192359374999 0.7179985578125001 0.730365334375 0.7273599125000001
0 0.653819534375 0.697806653125 0.650487796875 0.6899655078125 0.6391652703125 0.686430596875 0.6299549796875 0.6920026531250001 0.6200709296875 0.6942860265624999 0.606073578125 0.704162278125 0.58719820625 0.7191018093749999 0.61093475 0.717062621875 0.627317209375 0.714016084375 0.6330509015625 0.710723321875 0.6364365421875 0.7092031125 0.649615275 0.7061586156249999 0.653819534375 0.697806653125
0 0.634442203125 0.8149619921875001 0.6315484046875 0.8212890515625 0.6295473375 0.8379888953125001 0.6308038984375 0.8453253453125 0.6348093953125 0.856455175 0.64451153125 0.8556899687499999 0.6506090546875 0.84936086875 0.6541395546875 0.837720225 0.6556319328125 0.834177153125 0.6582528578125 0.8301273453124999 0.65739718125 0.8283568296875 0.6481127796875 0.8167243453124999 0.634442203125 0.8149619921875001
0 0.9357137156250002 0.7335543437500001 0.922316009375 0.7295147390625 0.9132876328125 0.733568628125 0.9104847953124999 0.7391366015624999 0.9119232703125 0.744954884375 0.9195872812499999 0.7522872546875 0.9310007656250001 0.75506308125 0.9432328671875 0.7510071515625001 0.9435596421875001 0.7393685453125001 0.9357137156250002 0.7335543437500001
1 1 0.5 0.5620276265624999 0.5 0.5607329640625001 0.5033022984375 0.5687978625 0.5162006031249999 0.577718434375 0.5308694218750001 0.5814510593750001 0.5442765015625 0.5672717921875 0.555670921875 0.553621425 0.5804744609375 0.524609340625 0.626540509375 0.551293584375 0.6088129109375 0.5722070765625 0.5857758046875 0.596816140625 0.5675435109375 0.6115613625 0.5781604812500001 0.6289645640625 0.5933299171875 0.6577812515625 0.6112751765625 0.6851594609375 0.6234021546874999 0.709788734375 0.631735753125 0.723769240625 0.639823125 0.7349469078124999 0.653478471875 0.7332187125 0.6679010671875 0.754189471875 0.680032125 0.7596873468750001 0.6876188828125 0.777690196875 0.688872459375 0.80350191875 0.68733796875 0.8183549453125 0.6792322328125 0.83269928125 0.68428326875 0.8559810375 0.6860395015625 0.8665388453125 0.6870448125 0.8697257265625 0.7050063953125 0.895082659375 0.7072673234375 0.9064051843750001 0.710802234375 0.9176367531250001 0.715096228125 0.93090644375 0.7112926453125 0.9402447484374999 0.7135637765625 0.9552257890625 0.7133012265625001 0.967094059375 0.7122816328124999 0.9783795312500001 0.7072142749999999 1 0.7117355203125 1 0.5