0 0.161478428125 0.0975946359375 0.16683663124999998 0.092263396875 0.16809150781249999 0.08286406562500001 0.159108009375 0.07474610781249999 0.149785909375 0.0749648796875 0.14711678125 0.083356303125 0.1460013359375 0.09171126406249999 0.1479335171875 0.10624129062500001 0.1563990875 0.10083713125 0.161478428125 0.0975946359375
0 0.29479629531249996 0.0444932171875 0.29407919531250004 0.038263459374999996 0.2923063921875 0.034140670312499996 0.28756565312500004 0.0290464375 0.2760524578125 0.028275532812499997 0.25868307968750004 0.030765353125 0.2539622890625 0.037122728125 0.259639246875 0.05260597031250001 0.27129187187500003 0.05233250625 0.2855538828125 0.049915609374999996 0.29479629531249996 0.0444932171875
0 0.777645778125 0.3309239484375 0.7622026937499999 0.337410475 0.7642180625 0.3496113890625 0.7682956093750001 0.353190159375 0.777856746875 0.3566402390625 0.7850744468749999 0.35034675000000004 0.789292565625 0.33922436718750004 0.7858711609375 0.3307309140625 0.777645778125 0.3309239484375
0 0.7340585562499999 0.44585522187500004 0.7350662390625 0.45195567968750006 0.7409716515625 0.455491553125 0.7426354765625 0.45667732812499995 0.745377271875 0.45661298281249996 0.7545868703125 0.449047925 0.752899578125 0.4343896703125 0.7396827140625 0.4310253796875 0.7356989171875 0.4335685140625 0.7340585562499999 0.44585522187500004
0 0.7055387140625 0.243204221875 0.7131782375 0.2405752953125 0.7178181796875001 0.2331174765625 0.718216534375 0.22330956093749998 0.712639196875 0.21731634375 0.700265978125 0.22128118125000001 0.6956260375 0.22873900156250002 0.6993052296875 0.24212568750000002 0.7055387140625 0.243204221875
0 0.7693259453125 0.0383869515625 0.7774810453125001 0.0455444953125 0.7803868749999999 0.044251478125 0.7830349171875 0.038065228125 0.7869249640625 0.0294001875 0.786667175 0.0245069546875 0.7844174890625 0.0208852859375 0.7780199703124999 0.0210354234375 0.771552165625 0.028536137499999996 0.7693259453125 0.0383869515625
0 0.7596945234375 0.0422874484375 0.766420115625 0.0396799671875 0.7701461265624999 0.032243596875 0.761077096875 0.02510750625 0.7528751796875 0.03877301875 0.7596945234375 0.0422874484375
0 0.739072459375 0.032972837500000005 0.74905541875 0.040087482812500005 0.7565074390625 0.025214746875 0.753086034375 0.016721293749999998 0.74593861875 0.01566420625 0.741204925 0.0170001203125 0.739072459375 0.032972837500000005
1 0.459375 0 0.459375 0.51875 0.5550081484375 0.51875 0.5498663484375 0.5016203484374999 0.5620520625000001 0.48541169687499996 0.57829185625 0.45930933749999997 0.5867515625 0.45053705781250003 0.597671803125 0.4233347140625 0.60238203125 0.408526321875 0.6153879234375 0.38617431562500004 0.6278548921875 0.3883313828125 0.6414466453125 0.3684152734375 0.6522731359375 0.335091025 0.6643650984375 0.312760471875 0.668466 0.2820437015625 0.671160859375 0.2550343953125 0.6731995749999999 0.23293977031250002 0.68306531875 0.22046002812499998 0.69028301875 0.2141665375 0.692579521875 0.1969651453125 0.6952040984375 0.1773064171875 0.7023280468750001 0.16489101875 0.7083740281249999 0.153725740625 0.703523115625 0.135467265625 0.6917122921875001 0.128395515625 0.6942431156250001 0.10261487968750001 0.7002188125 0.098800178125 0.711584346875 0.0887348828125 0.72098145 0.093413634375 0.7302145140625 0.09932105625 0.7415097625 0.0966063390625 0.7512114703125 0.0853552671875 0.7499225328125 0.06088909375 0.7450013359375001 0.04998119375 0.728550571875 0.050367260937500005 0.71941125625 0.05058174375 0.6985548703125 0.0498463828125 0.7023511640625 0.035059439062499996 0.693680490625 0.018115428125 0.6994426125000001 0 0.459375 0
0 0.7078911531250001 0.51875 0.7137413265625 0.51614683125 0.7198810609375 0.511103459375 0.7175376218749999 0.5013598890625001 0.7035708625 0.49678837500000006 0.6952751968750001 0.5043319859375 0.6983804296875 0.51875 0.7078911531250001 0.51875
0 0.311980053125 0.9928369 0.3187525109375 0.9885135703125 0.323114753125 0.9790413156250001 0.3223976515625 0.9728115578125 0.3129958625 0.9678267093749999 0.3057254265625 0.9700795281249999 0.30496853281249997 0.98154936875 0.3077372953125 0.9898131750000001 0.311980053125 0.9928369
0 0.395121175 0.6369124312500001 0.4027701078125 0.6492261015625 0.4164544515625 0.6395350750000001 0.42165327656249996 0.6237965984375 0.41994021562499995 0.613425821875 0.4142832046875 0.609394190625 0.4001008796875 0.6170147078125 0.395121175 0.6369124312500001
0 0.30964496406249997 1 0.3061238703125 0.9960976265625 0.294590728125 0.9838751125 0.28873454375 0.9871358390625 0.2792132703125 0.9946469703125 0.2770197953125 1 0.30964496406249997 1
0 0.40300956875000005 0.8272482328125002 0.393209434375 0.8368481031249999 0.397830690625 0.8544383171875 0.40998129531250005 0.8562353609375 0.417510646875 0.8404421937500001 0.41388535312499997 0.826992996875 0.40300956875000005 0.8272482328125002
0 0.459375 0.528104815625 0.45101368593749996 0.531490946875 0.4359947796875 0.5453776859375 0.43615415625000004 0.555784925 0.44583480781249996 0.5586810328125 0.459375 0.5532937890625 0.459375 0.528104815625
0 0.43384347968750003 0.5266884078125 0.4268519046875 0.5268524890624999 0.42248966250000003 0.53632474375 0.43019833749999997 0.5423904234375 0.436413071875 0.542244575 0.43922162968749995 0.53280878125 0.43384347968750003 0.5266884078125
1 0 0.51875 0 1 0.24892990781250002 1 0.25174495 0.9973737953124999 0.25783092343749997 1 0.27345845468749996 1 0.28371494531249997 0.9841303453125001 0.302040390625 0.9628783234375 0.319927596875 0.9333078015625 0.3272378296875 0.9133553828125001 0.32875161875000003 0.890415703125 0.3361614859375 0.8871185125000001 0.3446668515625 0.8640147546874999 0.3342691 0.8548888874999999 0.3417984515625 0.8390957203125 0.3521165125 0.8430179656250001 0.3657610609375 0.8510265390624999 0.36884848125 0.8395020046875 0.370441959375 0.8217659453125 0.38470397031250003 0.8193490453125 0.3967349953125 0.7930392515625 0.3826721546875 0.788163790625 0.38185541875 0.7652788015625 0.392651515625 0.7598199484375 0.391217315625 0.7473604328125 0.3860383390625 0.7339476984375001 0.3732303734375 0.71967290625 0.37440555937500003 0.7050699546875 0.3803414328125 0.707012846875 0.39693396875000003 0.7045412546875001 0.38826912812500003 0.6766349578125 0.38739265 0.6599979609375 0.3925117890625 0.6390558640624999 0.387611671875 0.6235543921875 0.38081926875 0.6164261125 0.3749231921875 0.5967836203125 0.37490324375 0.5853320109375 0.377632115625 0.5706925968750001 0.38382689999999997 0.559095140625 0.3820341515625 0.54352074375 0.37805030781250004 0.5269566703125 0.3791459546875 0.51875 0 0.51875
0 0.8336190421874999 1 0.8316982734374999 0.9874962953124999 0.82018508125 0.9867253890625001 0.8119386296875 0.9962887984375 0.8126757796875002 1 0.8336190421874999 1
0 0.8059826125 0.9016886625 0.8131535124999999 0.9233834312500001 0.8299850171875001 0.89591988125 0.8245471234374999 0.8960474984375001 0.8140696859375 0.8817180125 0.8024967484375001 0.887195096875 0.8059826125 0.9016886625
0 0.8505810484375 0.799655521875 0.8524733343750001 0.7912823296875 0.8514773734375 0.787141309375 0.8441272484375 0.7841905109375 0.835940540625 0.7875059296875 0.832634 0.7948712140625 0.8311002640625 0.8063592843749999 0.8395857796874999 0.8124067343749999 0.8479716625 0.801798953125 0.8505810484375 0.799655521875
0 0.787298121875 0.716811715625 0.78777615625 0.707430615625 0.7871984875 0.7001564859375 0.7835134515625001 0.6929552828125 0.7689725765625 0.6974609203125001 0.764391215625 0.7027739265624999 0.7653274343750001 0.7131629328125 0.7731755421875001 0.7181842453125 0.7856050078125 0.7178925484375 0.787298121875 0.716811715625
0 0.65029521875 0.7627119265625 0.643801625 0.7649465171875001 0.6400767921874999 0.7754449109375 0.6390410375 0.789003490625 0.641032959375 0.7972855265625001 0.6425269 0.8034970546875 0.6546575609375 0.793842490625 0.66338204375 0.7748979796875 0.6570079328125 0.764636590625 0.65029521875 0.7627119265625
0 0.8819132359375 0.622974659375 0.8825306999999999 0.612549190625 0.8727703609375 0.6044494625000001 0.8658385281250001 0.5983655515625 0.8565961156250002 0.60378794375 0.8550623796875 0.615276015625 0.8552217562500001 0.6256832546875 0.8677309125000001 0.630595178125 0.8766944625 0.627261528125 0.8819132359375 0.622974659375
0 0.9089432203125 0.5713265187500001 0.915018521875 0.572225040625 0.9259540484375 0.5657218171875 0.9307943250000001 0.5468684609375 0.919201440625 0.5408939375 0.9123692437500001 0.5514652546875001 0.9061744562499999 0.5630627109375 0.9089432203125 0.5713265187500001
1 0.459375 0.51875 0.459375 0.681674678125 0.46335503125 0.6838112203125 0.4765812859375 0.694952903125 0.493094134375 0.68727769375 0.5089297765625 0.6962759421875 0.531478134375 0.707198853125 0.5294663640625 0.7280680234375 0.514108853125 0.7502914921875 0.5180130093749999 0.761651946875 0.5397048343749999 0.76738946875 0.550700103125 0.7546382546875 0.5535485546875 0.7681056796875 0.568368290625 0.7615113015625 0.5730691343750001 0.7437023171874999 0.5689458593750001 0.7281826125 0.582988753125 0.7216064671875 0.6031866375 0.7211324593749999 0.6284638640625 0.7174159578125 0.65551389375 0.71782224375 0.6850936203125 0.7108814765625 0.7112074296875 0.7008987546875 0.7397712484375 0.678365359375 0.7513043890625 0.6905878734375 0.7678769796875 0.6766646734374999 0.7739323359375 0.6661115859375 0.7936322406249999 0.663567071875 0.79379161875 0.673974309375 0.8103044671875 0.6662990984375 0.8112605343749999 0.6475369 0.8233115046874999 0.632678715625 0.8181125796875 0.607814371875 0.8327928828125 0.6022643640625 0.848030909375 0.592536875 0.869284496875 0.5899558984375 0.8789651484375 0.59285200625 0.8974898640625 0.6049104421875 0.921372784375 0.6116376421874999 0.9476659187500001 0.6235137671875 0.9559123703125 0.6139503578125 0.9295395484375 0.596870609375 0.926551665625 0.5844475546875 0.91029773125 0.5785824171875 0.9009357359374999 0.5558979703125 0.9109350421875 0.5390057374999999 0.9227475390625 0.51875 0.459375 0.51875