0 0.093356521875 0.1597961375 0.09607193281250001 0.15089031718749998 0.08574616874999999 0.142979346875 0.06363593437500001 0.14666860625 0.063258090625 0.15451998125 0.0626956796875 0.1575667421875 0.06582418437500001 0.16383644375 0.0822750671875 0.1675879140625 0.093356521875 0.1597961375
0 0.0687772265625 0.24071021250000002 0.0663517375 0.23063205781249999 0.04508511875 0.229751175 0.0397509375 0.2412348234375 0.04302004375 0.246742834375 0.0561051828125 0.251314284375 0.0672306 0.24908880937500003 0.0687772265625 0.24071021250000002
0 0.1838447078125 0.0700993546875 0.17954742343750002 0.0643568765625 0.1644498875 0.06488279375 0.1605656921875 0.07431583750000001 0.165188146875 0.084101234375 0.1729917828125 0.0882620421875 0.18163903125 0.08785270625 0.1851014171875 0.0807047328125 0.1838447078125 0.0700993546875
1 0.46875 0.36875 0.46875 0 0.33742606249999996 0 0.341525028125 0.02271273125 0.3197399609375 0.030444910937500003 0.30755111562500004 0.009409025 0.291284796875 0.010462165625 0.293191840625 0.029153384375 0.2672061296875 0.02481509375 0.2652729421875 0.05850565625 0.2500348046875 0.0597932640625 0.22910206875 0.0454947078125 0.223671246875 0.0633063484375 0.2076334578125 0.0747304015625 0.20379322656249999 0.089729746875 0.2169223265625 0.09986749687499999 0.1985469703125 0.1123459984375 0.17055757656249998 0.09564448125 0.161391878125 0.1046668828125 0.1573670828125 0.11486161718750001 0.1865252625 0.1310359109375 0.1873601625 0.143926359375 0.1649334765625 0.12611210625 0.1534302140625 0.1361889546875 0.16220935 0.1524785203125 0.1554691453125 0.1715790765625 0.14676921874999999 0.18388270625 0.14409777031249998 0.198354828125 0.13179485625 0.21856812187500002 0.1307579609375 0.23579424843750002 0.11597687968749999 0.25782367968750003 0.11751479375 0.2669056765625 0.1246154125 0.2748749359375 0.1240003265625 0.2898159921875 0.13231369375 0.3028243296875 0.1275858859375 0.3168275171875 0.1412247203125 0.3358127984375 0.1473938 0.3372196 0.143175725 0.36007031718750004 0.1445050203125 0.36875 0.46875 0.36875
0 0.24309221406249998 0.016141128125 0.23832044218749998 0.0245780125 0.24457744843749998 0.0371174171875 0.265000453125 0.042568445312499995 0.26599338437500003 0.0197760171875 0.2514142953125 0.0116888703125 0.2451046109375 0.011043759375 0.24309221406249998 0.016141128125
0 0.5097906484375 0.17570551875 0.4962397375 0.16785283906249998 0.474973121875 0.16697195468749998 0.4771174078125 0.178573490625 0.4811334890625 0.18583935000000001 0.4877683421875 0.1905273796875 0.5018376953125 0.189766996875 0.5097906484375 0.17570551875
0 0.65225245 0.22724268281249999 0.641786084375 0.2200934046875 0.6274355234375 0.22237716875000002 0.631495565625 0.23520932968750002 0.635792853125 0.24095180625 0.645934053125 0.244058165625 0.6515934015625 0.2366174375 0.65225245 0.22724268281249999
0 0.937611296875 0.1208652875 0.9372861265625 0.11682236718750001 0.9271449265625 0.113716009375 0.9180758703125 0.1164104171875 0.9165292421875 0.12478901406250001 0.920826528125 0.1305314921875 0.9309677296875 0.13363785156250002 0.9346146796875001 0.131294490625 0.937611296875 0.1208652875
0 0.5892086796875 0.3017665578125 0.59369053125 0.3123136453125 0.605466284375 0.318174009375 0.6137883640624999 0.31372175156250004 0.6181383265625 0.3075699375 0.6309949390625 0.3017704765625 0.622400365625 0.2902855203125 0.6128215765625 0.2841324 0.598752221875 0.28489278281249997 0.5945428609375 0.2902829078125 0.5892086796875 0.3017665578125
0 0 0.5182251265625 0.006783626562500001 0.5219880640625 0.0202466109375 0.5187081421874999 0.0141302078125 0.505407046875 0.0017920437500000001 0.5025934453125 0 0.5034018140625001 0 0.5182251265625
0 0.0655570390625 0.5750784718749999 0.0626570625 0.5791796828125 0.054941353125 0.5861514781249999 0.0661546953125 0.5950586046874999 0.078492859375 0.5978722078125001 0.0881243265625 0.5921310375 0.086401846875 0.578244428125 0.07668245625 0.572852996875 0.0655570390625 0.5750784718749999
0 0 0.7232564765625 0.0173387015625 0.7260084875 0.024632603125 0.7213217640625 0.016697081250000002 0.7004620546875 0.0065558796875 0.69735569375 0 0.697909659375 0 0.7232564765625
0 0.19929929062500001 0.5412830875 0.1892986921875 0.5374150390625 0.176116915625 0.5391715796875001 0.1715297109375 0.5524130765625 0.1828836546875 0.5605585140625 0.19550302343749998 0.561848734375 0.2004593609375 0.5582164578125 0.202146590625 0.5490761703125 0.19929929062500001 0.5412830875
0 0.2520351171875 0.5167963265625 0.2463318078125 0.51867075625 0.2417006390625 0.526345953125 0.244829140625 0.5326156531249999 0.2580548828125 0.5364254140625 0.2647863734375 0.5347854515625 0.26572662812500003 0.5238873156249999 0.25717601874999996 0.5179686609375 0.2520351171875 0.5167963265625
0 0.392508471875 0.388491709375 0.38787730468750004 0.39616690625 0.3737113078125 0.40325528281249995 0.379687109375 0.41731806562500007 0.3949692109375 0.421596759375 0.40385370312499996 0.41409774062500004 0.40554093281250003 0.40495745312500003 0.40166545468750003 0.396929903125 0.392508471875 0.388491709375
1 0.46875 1 0.46875 0.5318901515625 0.44810980625 0.5226153874999999 0.443074259375 0.497654465625 0.42438244999999997 0.488629453125 0.4050755546875 0.4945454953125 0.41095471562499997 0.514936271875 0.4072111234375 0.523607625 0.3971226015625 0.5086069734375 0.37391369218750004 0.46600797499999996 0.36083726875 0.44397593124999996 0.3456165578125 0.41034234999999997 0.34775213125 0.43940447968749996 0.3119591015625 0.41854215781250004 0.3443776703125 0.4576850546875 0.352735 0.47625969375 0.366707715625 0.4818273015625 0.3830445328125 0.52682795 0.381164021875 0.548624221875 0.36995067812500004 0.5397170953125 0.361215503125 0.5289938296875001 0.347893121875 0.5315120625 0.3216262078125 0.528697153125 0.257492471875 0.539472175 0.2408043453125 0.5428103890625 0.2293711890625 0.50607175625 0.2126038515625 0.480816771875 0.1958365140625 0.4555617890625 0.195678484375 0.49124466718750004 0.1897818921875 0.5057750796875 0.206742509375 0.5183740796875 0.2104686703125 0.5446239140625 0.2259793015625 0.55927351875 0.20315734062500002 0.5842318265625 0.189457115625 0.59460143125 0.18099443125 0.599815378125 0.1656244046875 0.5844040828124999 0.141976259375 0.5790113453125001 0.1224847984375 0.5801227765625001 0.12784551093750002 0.609126615625 0.1187237765625 0.6237153187500001 0.1162368953125 0.6429920499999999 0.0940914140625 0.623654415625 0.0950669171875 0.635783175 0.1105775453125 0.6504327796875 0.102958478125 0.6510765828125 0.0679651 0.620077815625 0.011432615625 0.5722609515625 0.05716485 0.6263462093750001 0.061224893749999995 0.6391783703125 0.0851015671875 0.6549420203125 0.0761644 0.6743353328125 0.063123225 0.675330184375 0.063958125 0.6882206328125 0.0549769921875 0.7020476453125 0.0421116671875 0.7253077 0.036311717187499995 0.7335101203125 0.028358764062500003 0.7475715984375 0.033631554687499995 0.7654428375 0.0339480078125 0.78694635 0.0312325984375 0.795852171875 0.0159417828125 0.809034071875 0.019114248437500002 0.8208700734375001 0.029483975000000003 0.8343473453125 0.028780964062499997 0.8381557984375 0.014201875 0.8300686515625 0 0.8274698328125 0 0.8479142875000001 0.016574689062500002 0.8520410999999999 0.0319973921875 0.8555581015625 0.043298659375 0.87559783125 0.049089896875 0.8848560062499999 0.048799978125 0.90383998125 0.05141003281249999 0.9187227468749999 0.05046977968750001 0.9296208828125 0.0641086125 0.9486061625 0.0763940984375 0.9633140578125001 0.08592021093749999 0.9813614734375001 0.1011496359375 0.997534459375 0.10292085468750001 1 0.46875 1
0 0.5248251578125 0.5209204734374999 0.4980485078125 0.509258034375 0.4986988421875 0.517343875 0.505518259375 0.5268365140625 0.5167316015625 0.5357436421874999 0.525800659375 0.5330492343750001 0.5248251578125 0.5209204734374999
0 0.6047859734375 0.5462985687499999 0.611939271875 0.5423735359374999 0.6068510484375 0.529306909375 0.5982037984375 0.529716246875 0.580346890625 0.533581684375 0.574968746875 0.53949903125 0.5754345171875 0.542780259375 0.5800569703125 0.552565659375 0.59090118125 0.5518635640625 0.6047859734375 0.5462985687499999
0 0.6623201046875 0.5538624125 0.6613798515625 0.5647605484375 0.6772683234375 0.5715587796875 0.68339344375 0.5673992796875 0.6847555062499999 0.554216071875 0.67386733125 0.549351865625 0.6656418859375 0.5474761296875 0.6623201046875 0.5538624125
0 0.725153559375 0.6197849812499999 0.7240727015624999 0.6314448078125 0.7227633171875001 0.632733721875 0.7329484796875001 0.64140638125 0.7470178359374999 0.640645996875 0.75104263125 0.6304512625 0.7440826109375 0.6217203125 0.7373071578125 0.6177939734375 0.725153559375 0.6197849812499999
0 0.6804502859375 0.75167273125 0.6697027140625 0.7460468328125 0.6522676109375001 0.7476271984375 0.6554400765625 0.7594632015625 0.6617937234375 0.7656746125 0.6735255140625 0.7659686750000001 0.6817069921875 0.762278109375 0.6804502859375 0.75167273125
0 0.6904251296874999 0.9007918343749999 0.6856181125 0.886201825 0.6864177625 0.8760653812499999 0.6761359609375 0.8737207125000002 0.665151146875 0.875184496875 0.6466878625 0.8765303953124999 0.643506684375 0.8821549874999999 0.6489727515625 0.887370240625 0.6635518406250001 0.8954573859374999 0.66943971875 0.8983875687499999 0.6904251296874999 0.9007918343749999
0 0.8530079359375 0.5830594140625001 0.8473046249999999 0.5849338421875 0.836504375 0.5912022374999999 0.8470147062500001 0.6039178171875 0.8583246890625 0.606496953125 0.8701970796874999 0.606029325 0.872165515625 0.59536565625 0.86651488125 0.5853457921875 0.8530079359375 0.5830594140625001
1 1 1 1 0.580066903125 0.9838854609375 0.576392134375 0.96046584375 0.5813703078125 0.9348492624999999 0.5866412390625 0.9199362921875001 0.5919717671875 0.9062447796875001 0.5848807781250001 0.9214389562499999 0.57802686875 0.9273355484374999 0.5634964578125 0.913081628125 0.5594522312500001 0.9035907609375 0.5644317109375 0.9005941468749998 0.5748609124999999 0.88989925 0.557340721875 0.8934582765624999 0.5438647578125 0.88056641875 0.526637325 0.8679030875 0.5197808015625001 0.864950434375 0.5357763046875 0.8615320109375 0.5484905796875 0.871945703125 0.56753415 0.8789936468749999 0.5873977046875 0.8834754984375 0.5979447921875 0.8853385796875 0.6110697093749999 0.8756104734375001 0.6231388734375 0.8649947875 0.634211878125 0.8533069609374999 0.639484115625 0.8462942625000001 0.6426474578125 0.8271366828125 0.6303412140625 0.8105451968749999 0.6273514359375 0.7909131328125 0.629224559375 0.7888480578125 0.64621621875 0.7999207984375 0.6558850359375 0.784067571875 0.6721137 0.780789753125 0.6840662828124999 0.7629415578125001 0.670471125 0.7712988875000001 0.6890457624999999 0.7568077234375 0.69209121875 0.7269552484374999 0.6622647859375 0.6856082265625 0.62505460625 0.7148456140625 0.66982209375 0.72979383125 0.6875184625 0.7461480765624999 0.6975979234375 0.736560571875 0.708905396875 0.7263140171875 0.7295876234375 0.7269116765625 0.74956775625 0.7174647734375 0.7601135375 0.7058209109375 0.7709520750000001 0.6985709703125 0.7812051015625 0.7042655671875 0.7967912671875 0.7119285984375 0.8017137640625001 0.70659441875 0.8131974140625001 0.697569325 0.8214581234375 0.694379428125 0.8445433093750001 0.6820325515625 0.8591903015625 0.688008353125 0.8732530859375001 0.6941687218749999 0.8921204796875 0.6952848265625 0.90348755 0.7074297093749999 0.9189571359375 0.7087216656249999 0.952589409375 0.7152511625 0.981066025 0.7309023953125 0.9949539390624998 0.7362748328125 1 1 1