0 0.43410382187499996 0.6559445890625 0.4458609015625 0.64667223125 0.4377483890625 0.6319934796875 0.42315886875000003 0.633919325 0.41644134062499993 0.6459234281249999 0.41838669531250006 0.65971776875 0.43410382187499996 0.6559445890625
0 0.4305785109375 0.66875 0.42440954375000006 0.6578418828125 0.412673703125 0.64410464375 0.39549225 0.6432844671875 0.3950380875 0.6580131796875001 0.4018704921875 0.66875 0.4305785109375 0.66875
0 0.382986765625 0.61482565 0.3887478609375 0.6313588734375 0.39990646406249997 0.634054934375 0.4055444890625 0.6248182625 0.4060948578125 0.6119297484375 0.3995428796875 0.6036845468750001 0.3943590171875 0.5981925046875001 0.3966354671875 0.5714882390625 0.38566927500000003 0.572472571875 0.38236142812499996 0.6028643703125 0.382986765625 0.61482565
0 0.104646975 0.5593854390625 0.0998479390625 0.5612541859375 0.0978332453125 0.5695493468749999 0.10692905156250002 0.5796204687500001 0.1024667328125 0.587929903125 0.10040393593750001 0.595304965625 0.1079392125 0.598942534375 0.12027352499999999 0.600711359375 0.1218340546875 0.6071449109375 0.13203060312499998 0.591439003125 0.1326290765625 0.5794705859375 0.1286209234375 0.5730513078125 0.12079702968749999 0.563893146875 0.115661271875 0.559321203125 0.104646975 0.5593854390625
0 0 0.6061628906250001 0.005187215625 0.600462165625 0.0023066671875 0.59219555625 0 0.5905398625 0 0.6061628906250001
1 0.45 0 0 0 0 0.47650167187500003 0.0013814609375 0.48083509375 0.0027495796875 0.4835882515625 0.0163077015625 0.4853499375 0.023842978125 0.4889875078125 0.030539265625 0.499993003125 0.043065990625 0.5054422203125 0.043450814062499996 0.5128030078125 0.059456559374999995 0.5145504203125 0.08544520156249999 0.519921128125 0.094781521875 0.5345927406250001 0.105843921875 0.5354486046875 0.12669680625 0.5362473703124999 0.1429911703125 0.543515371875 0.155565996875 0.5498846875 0.17416367187499998 0.554378121875 0.1925689359375 0.555191159375 0.1919704625 0.5671595765624999 0.202145771875 0.5744632640625 0.2179110015625 0.571610184375 0.2248690421875 0.564206575 0.22590044062499998 0.5605190437500001 0.2379461359375 0.5567672765625 0.240201346875 0.5530726078125 0.248217653125 0.5659111625000001 0.26799103281250003 0.5694773609375 0.268397096875 0.5538285484375 0.267077078125 0.5519954890625 0.29028138124999997 0.55093978125 0.3075109359375 0.5526800578125 0.3184290265625 0.5507756234375 0.3209247484375 0.551681446875 0.3251253140625 0.56178111875 0.3376520390625 0.5672303359375 0.3491954671875 0.5772871828125 0.3689688515625 0.5808533812500001 0.3785188203125 0.576195790625 0.3803892078125 0.565140334375 0.3898429734375 0.558642546875 0.4063990890625 0.5475014421875 0.395983265625 0.535597259375 0.3823770375 0.532915475 0.370090828125 0.53206675 0.3805759921875 0.5218814328125 0.42792541406250006 0.561181584375 0.45 0.5763849984375 0.45 0.5603770734375 0.44282479218750004 0.5417667328125 0.4253066203125 0.5345058671875 0.42007465625 0.528093728125 0.43706369843750004 0.5252335109375 0.45 0.5256435546875 0.45 0
0 1 0.534591071875 0.9889926750000001 0.528727253125 0.98479083125 0.5279694359375 0.9819972140625 0.53424430625 0.9919726781249999 0.545920959375 0.9942984812500001 0.5506013296875001 1 0.553013278125 1 0.534591071875
0 0.9890733718749999 0.35113965468749997 0.9843808796874999 0.34099683281250004 0.9628629578125001 0.3473809046875 0.95535879375 0.3630711109375 0.9651707078125 0.37161943124999997 0.9818145328125001 0.3715223640625 0.98776975625 0.366011378125 0.9890733718749999 0.35113965468749997
0 0.8205955250000001 0.35290454531250004 0.8323833078125 0.339536321875 0.8246109859375 0.330193784375 0.8110469890625 0.3294905671875 0.80709046875 0.33342525312500004 0.8107836109375001 0.34435622499999996 0.8205955250000001 0.35290454531250004
0 0.8532013609375 0.27995842656250003 0.8557724875 0.2893312984375 0.8664610906250001 0.2947452171875 0.8861029703125001 0.2922836984375 0.8866934484375001 0.2836747109375 0.8853669968750001 0.2782061921875 0.87476016875 0.2743564390625 0.8622772999999999 0.274429240625 0.8532013609375 0.27995842656250003
0 0.8309474640625 0.272264990625 0.8455925859375 0.273744225 0.8490584562500001 0.26042453593750003 0.8445703999999999 0.25419213125 0.8360849375000001 0.25111233125 0.8288032640624999 0.2511547984375 0.82513295625 0.2605640703125 0.8309474640625 0.272264990625
0 0.8497837875 0.015553475 0.8536404781249999 0.0296127796875 0.8714063187499999 0.0310738125 0.8748541359375 0.03731228125 0.8701207546875 0.026387378125 0.8695892171875 0.0162202890625 0.85382208125 0.013182956249999999 0.8497837875 0.015553475
0 0.7897770203125 0.0221620125 0.7784979390625001 0.025357081250000003 0.777866575 0.033183984374999996 0.780437703125 0.0425568546875 0.8036091750000001 0.047897973437500005 0.805280778125 0.040065003125 0.8049945656249999 0.0345904171875 0.8036681140624999 0.029121896874999997 0.800220296875 0.022883428125 0.7897770203125 0.0221620125
0 0.745010634375 0.0615391984375 0.750538928125 0.067765534375 0.7597784171875 0.06536468281249999 0.7613273578124999 0.0551854609375 0.75879711875 0.0465946734375 0.752351246875 0.04272065625 0.745233121875 0.045891457812499994 0.745010634375 0.0615391984375
0 0.5824816765625 0.51545159375 0.5821954640625 0.509977009375 0.579828775 0.50451455625 0.5683861453125 0.504581290625 0.5561077125 0.5085645078125001 0.5563530375 0.5132570109375 0.5609228671875 0.52105358125 0.5734466250000001 0.5217628640624999 0.5824816765625 0.51545159375
0 0.4776676359375 0.560655234375 0.48162415468750003 0.55672055 0.4864573640625 0.5496514625 0.46840531093750004 0.54271584375 0.45188414843749997 0.5451591609374999 0.45008988125 0.55064588125 0.4599835703125 0.56075836875 0.46634766718750004 0.5630682203124999 0.4776676359375 0.560655234375
0 0.45 0.507491796875 0.4665244875 0.5067399953125 0.47755824375 0.4988524234375 0.4800656484375 0.48710296875000003 0.47674049375000005 0.48321075 0.466215440625 0.480925165625 0.45 0.48101973437499995 0.45 0.507491796875
1 0.45 0 0.45 0.42068992187500004 0.469267653125 0.4198862375 0.475936015625 0.40811251562499995 0.488968471875 0.3986486453125 0.5073019546875 0.3711604484375 0.518417484375 0.36483704375000003 0.567245 0.34342958281249997 0.5635109703125 0.33171652812499997 0.5828666390625 0.3237804234375 0.6088726171875 0.32362875625 0.619579271875 0.309484515625 0.640874703125 0.318748184375 0.658336278125 0.33429279218749997 0.673122115625 0.31856011875 0.6636553546874999 0.2967103078125 0.6691608140625 0.2825964015625 0.6906378484375 0.275430246875 0.7136048828125 0.27686094687499996 0.7313298359375 0.27753989687499997 0.73114345 0.2540713203125 0.7190057328125 0.24084263125 0.7284677140625 0.2227940390625 0.7155350828125 0.21426391875 0.7148808828125001 0.20175057968750001 0.7335642984375 0.2008592953125 0.744884265625 0.19844630937500002 0.738619996875 0.17814246875 0.7350495171875 0.169557746875 0.7446341578125001 0.15385540625 0.7419812562500001 0.14291836875 0.7402050421874999 0.1288469296875 0.7323918328125 0.1187223078125 0.7259050734375 0.11406620468749999 0.7251690984375 0.0999887 0.736489065625 0.0975757140625 0.7326732609375 0.08429849218749999 0.7209444203125 0.078890640625 0.7277763296875 0.07024525312499999 0.7299975234375 0.053021210937499993 0.719817621875 0.037434139062499996 0.7149206921875 0.0233808984375 0.7129400406249999 0.005399040625 0.705418240625 0 0.45 0
0 0.708927815625 0.5655650953125 0.6951184953125 0.5601693765625 0.6819633734374999 0.567286996875 0.683026446875 0.5876211734375001 0.69683576875 0.5930168921875001 0.7124802421875 0.5937079749999999 0.7191486046875 0.5819342515625 0.708927815625 0.5655650953125
0 0.03587933125 0.8591844578125001 0.0315957125 0.8568624734375 0.024986290624999997 0.8498601203125 0.016500828125 0.8467803203125 0.0084242390625 0.8515213562499999 0.0077519875 0.8585661765625 0.016319225 0.8632101437499999 0.025009125 0.8702003640625 0.032658785937500004 0.8771966499999999 0.0321272484375 0.8670295609374999 0.049507050000000004 0.8810100015625 0.0449781046875 0.873995515625 0.042734078125000005 0.8708793140625 0.03587933125 0.8591844578125001
0 0.056547103125 0.73702166875 0.0519363828125 0.728443015625 0.0393717390625 0.7269516484375 0.0272568578125 0.7340632015625 0.027706620312500003 0.7426661218749999 0.034111604687500005 0.74575805625 0.0395172375 0.7496381421875 0.0468397984375 0.7503777578124999 0.0517547828125 0.7448728390625 0.056547103125 0.73702166875
0 0.1202193953125 0.6811054578125 0.1176891546875 0.6725146703125 0.1071232140625 0.6694470031249999 0.0957623578125 0.671077903125 0.08684996874999999 0.679735425 0.09578519375 0.691418146875 0.1031077546875 0.6921577625 0.11242901875 0.6913210796875 0.116426425 0.6881684781249999 0.1202193953125 0.6811054578125
0 0.2877387765625 0.6809108015625001 0.2750514703125 0.677073184375 0.26310013906249996 0.687313071875 0.269913996875 0.69822584375 0.27648253125 0.7044461125 0.2878024984375 0.702033128125 0.293553284375 0.6926117234375 0.2877387765625 0.6809108015625001
0 0.3395500765625 0.66875 0.3646755828125 0.6796797812500001 0.3714076671875 0.6890283859374999 0.386847703125 0.6858090515625 0.399330571875 0.6857362499999999 0.4162197234375 0.690331684375 0.4168919765625 0.683286865625 0.39563743125 0.674805278125 0.38494882812500003 0.6693913593749999 0.3776370421875 0.66875 0.3655720453125 0.66875 0.3579843859375 0.6711132609375 0.3528204515625 0.66875 0.3395500765625 0.66875
0 0.921886390625 0.7912278296874999 0.8980835546874999 0.793713615625 0.927987109375 0.8084033375 0.9473656125 0.8208074765625 0.9399793296875 0.7989455328125 0.921886390625 0.7912278296874999
0 0.813233709375 0.80281400625 0.815618453125 0.7887183 0.8058065390625 0.780169978125 0.7892853750000001 0.7826132984375 0.7953452078125001 0.799006721875 0.813233709375 0.80281400625
0 0.69163405 0.6861748578125 0.6866372921874999 0.690115609375 0.6870052796875 0.6971543625 0.6936147015625 0.704156715625 0.7094636125 0.7087582171875 0.7162546359374999 0.6993307453125001 0.7150099593749999 0.69542639375 0.7116439171875 0.6907520921875 0.7020364406249999 0.686114190625 0.69163405 0.6861748578125