0 0.253709334375 0.05611031875 0.1872294140625 0.0727978875 0.17397137499999998 0.076579265625 0.168336809375 0.0879559421875 0.1752077390625 0.09533576875000001 0.192693290625 0.0851873359375 0.253709334375 0.05611031875
0 0.2000987921875 0.1804027171875 0.2121395 0.183850284375 0.2230418734375 0.17398191875 0.22821165 0.170049659375 0.24513437656249998 0.1619050765625 0.2181408203125 0.1595886203125 0.206944346875 0.15313527968750001 0.197815784375 0.145109034375 0.1910428875 0.14316977656250002 0.18775764374999998 0.15197162656250002 0.1915267078125 0.16171080625 0.19398040625 0.1732383625 0.2000987921875 0.1804027171875
0 0.182875621875 0.163563775 0.1808013671875 0.1564748640625 0.1728964828125 0.149881490625 0.165285696875 0.15960982343750002 0.165010628125 0.1692735625 0.174983425 0.174294034375 0.1810037765625 0.17601781562500002 0.182875621875 0.163563775
0 0.459375 0.1259064265625 0.45051549218750003 0.1341110328125 0.4522166453125 0.1454231171875 0.459375 0.1474727390625 0.459375 0.1259064265625
0 0.043772615625 0.41276244687499997 0.0407687828125 0.4205623703125 0.0396431390625 0.42457006875000003 0.0383341171875 0.43502026093749996 0.03881159375 0.444899475 0.046997890625 0.45049092343749997 0.059686765625000006 0.4400515796875 0.0647585078125 0.4306787515625 0.0632470765625 0.42158598906250006 0.056376143749999996 0.414206165625 0.048850703125 0.4120514359375 0.043772615625 0.41276244687499997
0 0.0512190578125 0.4354620546875 0.05159215625 0.4312388828125 0.04716858125 0.42672479843750005 0.043405859375 0.42564743437499997 0.03917200625 0.42335267187500003 0.034185609374999995 0.4208424359375 0.026947921875000003 0.4263476 0.0235709875 0.43837069375000004 0.0226350671875 0.4445977140625 0.031004740625 0.4437466703125 0.046330690625 0.4383923890625 0.0512190578125 0.4354620546875
0 0.9153856359375 0.018463787500000002 0.9077621609375001 0.0108684875 0.9001450312500001 0.011935006250000001 0.8923445234375 0.019444017187500003 0.8897201328125 0.031682584375 0.8932077875000001 0.0424236890625 0.90346199375 0.0464422359375 0.909665725 0.0417235265625 0.9154900125000001 0.032566171875 0.9170804468749999 0.0211140546875 0.9153856359375 0.018463787500000002
0 0.8546481281249999 0.1710255453125 0.849190596875 0.1672979140625 0.844858709375 0.1595625828125 0.8354614234375 0.1698618953125 0.83330816875 0.1833178609375 0.8374503343749999 0.18883386875 0.8440335093750001 0.188553803125 0.8510814734375 0.18082931875 0.8546481281249999 0.1710255453125
0 0.560940809375 0.0501245140625 0.5579179453124999 0.0319389890625 0.546269371875 0.050253696875 0.53922775 0.0666399984375 0.5449666921875 0.06936570625 0.5554959671875 0.0637205109375 0.560940809375 0.0501245140625
0 0.53662239375 0.10486401406250001 0.53775438125 0.10951812968750001 0.54904254375 0.11275022500000001 0.5576936296875 0.1108972578125 0.5640807390625 0.099736053125 0.5591796859375 0.0853427546875 0.5545727328125001 0.08727116406249999 0.5502471890625 0.0881976484375 0.5456402359375 0.09012605625 0.5417858265625 0.0922699390625 0.53662239375 0.10486401406250001
0 0.5491659531249999 0.15283805781249998 0.5569728046875 0.1539908609375 0.56571558125 0.14891664531249998 0.567024603125 0.13846645468750002 0.5572415296875001 0.13566530625 0.5544210749999999 0.1370227359375 0.5484987546875 0.140739521875 0.5464371875 0.150974240625 0.5491659531249999 0.15283805781249998
0 0.7831310578125 0.1159083546875 0.7740088390625 0.11654392499999999 0.7700690828125 0.1305708703125 0.7676280734375001 0.13636694375 0.7639697296875 0.14939196562499998 0.7691458484375 0.154121521875 0.7825936109375 0.152559465625 0.79104863125 0.139825359375 0.7920762421875001 0.1303770921875 0.7831310578125 0.1159083546875
0 0.7857681328125 0.12099341718750001 0.7933916078125 0.12858871562500002 0.798934484375 0.1204332859375 0.8089862828125 0.10490887812500001 0.810576715625 0.09345676093750001 0.801173084375 0.09509425625 0.7902707109375 0.1049626234375 0.7866123671875 0.11798764375 0.7857681328125 0.12099341718750001
1 0.459375 0.459375 0.786105928125 0.459375 0.790616159375 0.4482140046875 0.7745249765625 0.43602918281249997 0.7741265015625001 0.4056050921875 0.7619814171874999 0.3880551390625 0.7699526156250001 0.356780003125 0.7747366046874999 0.339747284375 0.786660246875 0.31176883593750004 0.781575815625 0.3038180328125 0.767381853125 0.31382643125 0.752422659375 0.306295725 0.7494914828125 0.28488895468750003 0.752109528125 0.263988571875 0.7629992140625 0.2367965734375 0.7431453109375 0.2235343859375 0.7290493828125 0.238983353125 0.7167145765624999 0.219214078125 0.6998835390625 0.2241374140625 0.6906696312499999 0.22799423281250003 0.6866064671875 0.20193334531249998 0.6663794624999999 0.1928943296875 0.6547182 0.19388540781250002 0.6441825828125001 0.1908687859375 0.6412514078125 0.16946201562500002 0.6033618187500001 0.185675740625 0.5933826812499999 0.171993453125 0.57598881875 0.1789206390625 0.5603687703125 0.1679532125 0.5321515375 0.1642038859375 0.49933369218749996 0.1710447828125 0.47930910000000004 0.1815487203125 0.4668099484375 0.1942073875 0.459375 0.201906278125 0.459375 0.459375
0 0.320666134375 0.5576082296875 0.31981555625 0.5519521875 0.3133240703125 0.54901100625 0.30636145 0.544852428125 0.30090391875 0.5411247953125 0.29460849843750003 0.5490647531249999 0.2927366546875 0.5615187921875 0.296315996875 0.5690386515625 0.30788557031249997 0.5712688203124999 0.3161572125 0.5649772078125 0.320666134375 0.5576082296875
0 0.1484915234375 0.46717516875 0.1451999359375 0.4673152015625 0.1448879609375 0.46366579531249996 0.125277621875 0.46298098750000005 0.12197544375 0.4747379234375 0.127059875 0.482688728125 0.1386294484375 0.4849188984375 0.1484915234375 0.46717516875
0 0.2278379484375 0.682579096875 0.22624751562499998 0.6940312125 0.22991854687500002 0.6983298234374999 0.23951190000000003 0.69891165 0.245152809375 0.696196790625 0.24843805312499997 0.6873949406250001 0.24748944218750002 0.6762983296874999 0.24495039843750002 0.6766538359375 0.24194022343750002 0.67579194375 0.2389300453125 0.674930053125 0.233851959375 0.6756410625 0.2278379484375 0.682579096875
0 0.34722434375 0.9928000000000001 0.3523941203125 0.988867740625 0.3586895421875 0.980927784375 0.3546390640625 0.9721905296875001 0.3486187125 0.9704667453125001 0.3403407265625 0.96809654375 0.3391233921875 0.9753254874999999 0.3370554828125 0.9768983921875 0.3357464609375 0.9873485828125 0.3368784484375 0.9920027015624999 0.34722434375 0.9928000000000001
0 0.168820628125 0.8724383859374999 0.1743698484375 0.8729447703125001 0.1796313140625 0.8657912671875 0.183106278125 0.859208740625 0.18770054375 0.8399566999999999 0.173965028125 0.833858865625 0.16437802031249998 0.8419388546875 0.1612888421875 0.8616218406249999 0.159318965625 0.8686353125 0.168820628125 0.8724383859374999
0 0.1239712953125 0.7600068656250001 0.121438596875 0.7690241859375 0.12567879375 0.779980765625 0.136495821875 0.7819954609374999 0.1436418203125 0.7797115453125001 0.1527576953125 0.770414159375 0.1530264171875 0.752088603125 0.148504809375 0.7421339484375 0.136843546875 0.7431250265625 0.128853315625 0.748414715625 0.1239712953125 0.7600068656250001
0 0.0456496078125 0.6596413375 0.0454662296875 0.66608383125 0.04669625 0.6761785171875 0.0483974046875 0.6874906000000001 0.049994181250000005 0.6847002984375 0.058638923437500004 0.6741855140624999 0.0685926875 0.6532205390625 0.0657595453125 0.6372543375 0.055603371874999995 0.638676359375 0.047613140625 0.6439660500000001 0.0456496078125 0.6596413375
0 0.6510226671874999 0.46788102499999995 0.63974085 0.4733107453125 0.642011171875 0.49128079687500004 0.657337121875 0.485926515625 0.664103675 0.47920395625 0.6649415624999999 0.467536365625 0.6510226671874999 0.46788102499999995
0 0.5427451265625 0.558118340625 0.5486674453125 0.55440155625 0.54884448125 0.539297246875 0.539624228125 0.534492246875 0.5296577765625 0.53813359375 0.5251488546874999 0.545502571875 0.5251552 0.5541643875 0.53211781875 0.5583229656250001 0.5427451265625 0.558118340625
0 0.740946246875 0.8714209484375001 0.7416924484375 0.8629746078124999 0.7341606609375 0.8521580625 0.7258826765624999 0.849787859375 0.72109234375 0.8581587640624999 0.7242068984375 0.8731230374999999 0.7335188390624999 0.8747067890625001 0.740946246875 0.8714209484375001
0 0.7571354625 0.8890463421875001 0.7796990984375001 0.8781869 0.772265346875 0.8728109234375001 0.7498850890625001 0.877227871875 0.7327662937499999 0.8744913171875 0.7200774203125 0.8849306609374998 0.7171652765625 0.8895093390625 0.7346635156250001 0.8966845390625 0.7473587328125 0.8949070093749999 0.7571354625 0.8890463421875001
0 0.71885374375 0.883497790625 0.71668145625 0.870968309375 0.713573246875 0.8646658484374999 0.7011657828125 0.8741032687499999 0.6983516734374999 0.8841225156250001 0.7050328828125 0.8892830187499999 0.710300690625 0.8907913296875 0.7176364109375 0.8907267359375 0.71885374375 0.883497790625
0 1 0.8283226421875 0.990341678125 0.8432393499999999 0.9878089796874999 0.852256671875 0.9895101328125001 0.86356875625 0.9993848968750001 0.8631486578124999 1 0.8624490093750001 1 0.8283226421875
1 0.459375 1 0.6137690015625 1 0.6152938765625 0.9945708968750001 0.5987379046875001 0.9898304921874999 0.6148954 0.9641468078125002 0.625699740625 0.9488378718749999 0.6224934984375 0.9370948437500001 0.63357925 0.9207839828125 0.6539832875 0.9147186906249999 0.6551879328125001 0.8901661125 0.64126269375 0.8818489546875 0.6409685953125 0.8655272484375001 0.655247903125 0.8436357875 0.65034050625 0.8205806734374999 0.6277705250000001 0.8227783015625001 0.6202450828125 0.8206235718749999 0.6194861953124999 0.811746284375 0.62236661875 0.763858528125 0.6122041 0.756618734375 0.6210258765625 0.7309996421875 0.6150908671875 0.7173927953125 0.5826461249999999 0.7200105203125 0.575952228125 0.6975263843749999 0.597481909375 0.68745339375 0.5971878109375 0.6711316875 0.5784722390625 0.671185434375 0.584002428125 0.645706371875 0.550517384375 0.640448734375 0.549941875 0.62512895 0.5651634484375 0.6056722859375 0.5476652109375 0.598497084375 0.537025215625 0.5813780796875 0.52225574375 0.5760666953125 0.511543090625 0.588154384375 0.49996082968750005 0.5686005828125 0.517904825 0.5423459187499999 0.509339084375 0.5323158234375 0.4993662875 0.5272953546875 0.4818934265625 0.5547674171875 0.4690084859375 0.5543256234375 0.4878030578125 0.5337270000000001 0.4782950515625 0.5212621109375 0.46165373593750003 0.52840476875 0.459375 0.5273570390625 0.459375 1
0 0.5937664703125 0.622522071875 0.5855801749999999 0.616930625 0.57279326875 0.6219293984375 0.5664125015625 0.6417524203125 0.589080515625 0.6449953609375 0.5978169453125 0.6312593296875 0.59875286875 0.6250323078125 0.5937664703125 0.622522071875
0 0.7705070968750001 0.783542496875 0.68023351875 0.8009948234375 0.6788264625 0.8060044453125 0.6807109953125 0.8108740359375 0.6859788046874999 0.812382346875 0.7705070968750001 0.783542496875