0 0.4796875 0.3373635875 0.4665825328125 0.338227603125 0.4654244515625 0.3496896171875 0.4760642 0.3599183703125 0.4796875 0.359326565625 0.4796875 0.3373635875
0 0.39036234687500004 0.2943703828125 0.3818312390625 0.2947810328125 0.38033057187499997 0.29913061875 0.37955851875 0.3067719640625 0.3833222375 0.3115335125 0.3901210609375 0.3177648515625 0.40196232500000006 0.305598490625 0.397392784375 0.29830931875 0.39036234687500004 0.2943703828125
0 0.24899103125000002 0.3701833203125 0.2593653953125 0.37253551093750004 0.2679737078125 0.37136072656249997 0.26939716874999997 0.3677752734375 0.27566522656250003 0.3582534890625 0.2575318078125 0.348670603125 0.24853746875 0.353666059375 0.2476882109375 0.3620715375 0.24899103125000002 0.3701833203125
0 0.75741304375 0.152431178125 0.7345122374999999 0.148020490625 0.727592771875 0.1534863859375 0.738155315625 0.16447927499999998 0.7477238578125001 0.16430384375 0.7534514765625 0.1601309984375 0.75741304375 0.152431178125
0 0.688223296875 0.11251289375 0.6990174546875 0.12121337968749998 0.7116983078125 0.12174360625 0.7143136171875 0.11686510312500001 0.717392159375 0.10740179375 0.7000645625 0.10034653281249999 0.6906504296875 0.09899369531249999 0.6866888624999999 0.106693515625 0.688223296875 0.11251289375
0 0.846564884375 0.320374484375 0.8467530625 0.3290151796875 0.8547437328124999 0.333953471875 0.8623918125 0.3317793328125 0.870348715625 0.3265486578125 0.8740014609375001 0.321905375 0.874773515625 0.3142640296875 0.86255589375 0.3091489984375 0.8475685531250001 0.3104407375 0.846564884375 0.320374484375
0 0.8194564671875 0.2735829234375 0.819191084375 0.2657063609375 0.8176566484375 0.25988698125 0.8074366953125001 0.2560065234375 0.7978681515625 0.256181953125 0.7930235578125 0.26211828593750003 0.8005509968750001 0.2716413828125 0.811422359375 0.2795777328125 0.8171837453125 0.2855738546875 0.8194564671875 0.2735829234375
0 0.9330532187500001 0.430654228125 0.9434275843750001 0.43300641874999996 0.9544967937500001 0.4284814 0.9584583609374999 0.42078157968749996 0.9507765124999998 0.4127867515625 0.9339459140624999 0.41131565 0.925834603125 0.41807459375 0.9292895 0.42589267968750005 0.9330532187500001 0.430654228125
0 0.4796875 0.11541073125000001 0.4912792203125 0.118666096875 0.50004194375 0.1159630421875 0.5025028421875 0.112612809375 0.49862815156250007 0.0984464296875 0.4836070421875 0.0895692015625 0.4796875 0.0902991796875 0.4796875 0.11541073125000001
1 0.4796875 0.4796875 0.9300692937499999 0.4796875 0.927735725 0.46227743437499996 0.913332259375 0.44728713124999997 0.9187172875 0.43600185781249995 0.9107700546874999 0.42013046718749997 0.8991700765624999 0.408902359375 0.8997877187500001 0.4027892859375 0.912854596875 0.3994988390625 0.9062536234374999 0.3808061296875 0.8936499765625001 0.37951176875 0.8807037390625 0.3711049796875 0.86552821875 0.363756021875 0.8458506953124999 0.369455825 0.8469315703125 0.3587579453125 0.8398673656250001 0.3446500421875 0.8340722093749999 0.32848495624999996 0.8354619046874999 0.3147305359375 0.8531851984374998 0.296863059375 0.8504251484375001 0.2821677640625 0.8635354656249999 0.26794421874999996 0.8733452953124999 0.24437431874999999 0.8618562875 0.24255104218749998 0.8447072 0.26523854375 0.82653034375 0.266588759375 0.8159918984375001 0.2868669046875 0.805771946875 0.2829864453125 0.795286609375 0.271229421875 0.7756959609375 0.255063025 0.7485344359375 0.24030663125 0.7071141859375001 0.2301337328125 0.700083746875 0.2261947953125 0.7007785953125 0.2193175859375 0.709285603125 0.187635903125 0.7230135625 0.1672992828125 0.70595135 0.168120584375 0.6837357203125001 0.1779347546875 0.67109830625 0.166471428125 0.6762951578124999 0.1465454578125 0.66257686875 0.14578001093749998 0.649012990625 0.143486296875 0.637480546875 0.152596121875 0.6320183109374999 0.16464553125 0.6209491 0.16917054843749998 0.5976285 0.1584115703125 0.583017515625 0.176984703125 0.5575786046875 0.176688384375 0.5407480046875 0.17521728281249999 0.5463646515625 0.16163960625 0.53749095625 0.154937828125 0.515318765625 0.15381889843750002 0.501103478125 0.1474692953125 0.4830038265625 0.1480553765625 0.4796875 0.1496290265625 0.4796875 0.4796875
0 0.4796875 0.8623405828124999 0.477289534375 0.861052034375 0.4659115 0.8686335906250001 0.46586806249999996 0.879566690625 0.472821296875 0.8842697625 0.4796875 0.8853594109374999 0.4796875 0.8623405828124999
0 0.38132428906250004 0.8025566859375001 0.3928567328125 0.7934468609375 0.38291183125 0.7763408984375 0.3673502859375 0.7728126125 0.361502025 0.7886826906250001 0.3655311265625 0.8013208015625001 0.38132428906250004 0.8025566859375001
0 0.23434139375 0.629317671875 0.21673874375 0.6354879140625 0.21853856249999998 0.64918385625 0.22564620781250003 0.6523586578125 0.24125119062499997 0.6449538453125 0.244020909375 0.6385470718749999 0.23434139375 0.629317671875
0 0.2382885328125 0.5692447546875 0.229569246875 0.56101470625 0.2233446296875 0.5596033921875 0.21258424062499998 0.5610718734375 0.2104659296875 0.571534534375 0.2189535984375 0.5820569843750001 0.2328263 0.5812941609375 0.237439275 0.57765023125 0.2382885328125 0.5692447546875
1 0.4796875 0.9066834390625 0.44191047968749997 0.9171249187499999 0.43853278749999997 0.9085426984375001 0.447990359375 0.898962434375 0.420322165625 0.8997239484375001 0.41763932031250006 0.88426451875 0.41534250000000006 0.8649844171875 0.42622353437499994 0.8518187015625 0.4125486828125 0.8401201578125 0.3980245734375 0.8368270890625 0.3803881546875 0.8328283640624999 0.368049890625 0.8394105671875 0.3552242984375 0.8193065421875 0.3449705765625 0.8052571171875 0.34954978593749997 0.7914442218750001 0.35835594843749996 0.7778080671875001 0.3716206734375 0.7620562515625 0.3787379890625 0.7441289890625 0.3872015609375 0.72338040625 0.3920123859375 0.7072751078125 0.3729525046875 0.7068618359375 0.35269110625 0.7288436812500001 0.34349892031249996 0.7463005062500001 0.3367773015625 0.73930503125 0.3191408828125 0.73530630625 0.30307266718750003 0.7472959265625001 0.279332271875 0.730188653125 0.254245621875 0.7159026984375 0.2298103796875 0.7056726328125 0.22293435 0.7002054265625001 0.21040790937499998 0.6981469328125 0.20214218593750002 0.706434146875 0.19261708125000002 0.695676478125 0.20357531875 0.6817466265625 0.2153828171875 0.6594113 0.1877146203125 0.6601728109375 0.17587335625 0.6723391734375 0.169117971875 0.6551747328124999 0.1818760296875 0.654940825 0.20466586250000002 0.6499466796875 0.20244625 0.62990244375 0.17335459375 0.634249409375 0.1559497890625 0.62795828125 0.13373416093749999 0.6377724515625001 0.112058971875 0.642237684375 0.1115860671875 0.66792455625 0.0953731125 0.660340378125 0.06367581562499999 0.6484637796875 0.0704408734375 0.6445261546875 0.0601099453125 0.6312408625 0.0384009859375 0.625537128125 0.01884410625 0.6195396953125 0.00046940156249999996 0.6333512812500001 0 0.6331385078125 0 1 0.46480223593750003 1 0.4645072234375 0.99806730625 0.4581378640625 0.9770821953125001 0.46502356406249995 0.9614473328125002 0.44919663437499996 0.950042484375 0.4562367421875 0.9328793546874999 0.4796875 0.92433234375 0.4796875 0.9066834390625
0 0.9152880984374999 0.7229461 0.9215464828125001 0.73452638125 0.9328810796875 0.7378779265625 0.9432216765625 0.73006115 0.937846315625 0.7202443578125 0.9309702874999999 0.714777153125 0.9185982546875 0.7111903890625 0.9152880984374999 0.7229461
0 0.9362104703125 0.4796875 0.9293443734375 0.4892964125 0.9321816296875 0.5032275734375 0.952356153125 0.5031119296875 0.9562405140625 0.49617624375 0.961813721875 0.4935316671875 0.9827602984375 0.48577468125 0.9888316953124999 0.4796875 0.9362104703125 0.4796875
0 0.8349953718750001 0.6773838703124999 0.8446411203124999 0.6764443046874999 0.8494857140625001 0.670507971875 0.8440331484375001 0.6614553125 0.8395408156249999 0.6534020093749999 0.8184832656250001 0.6517541625 0.817325184375 0.6632161796875 0.8236607765624999 0.6740323265625 0.8349953718750001 0.6773838703124999
0 0.8179041484375 0.7415113703125 0.8321628734375001 0.7369278734375 0.8346672109375 0.7226445406249999 0.8348988265624999 0.7203521374999999 0.82936905625 0.7120636124999999 0.8098459437500001 0.716235146875 0.8014258078125 0.7260506296875 0.803920475 0.7328693625 0.8179041484375 0.7415113703125
0 0.7086886046875 0.7511409359375 0.7240957390625 0.7561974906250001 0.7302865890625 0.7474398390625 0.7269861015625001 0.738093484375 0.721224715625 0.7320973625 0.7110047625 0.7282169046875 0.70281624375 0.7357399828125001 0.7041190625 0.7438517640625 0.7086886046875 0.7511409359375
1 0.4796875 1 1 1 1 0.9336830671874999 0.9905478984375 0.9338563640625 0.9724144796874998 0.924273478125 0.9499769078125 0.9152779875 0.9184340203125 0.9018731203125 0.9064142484375001 0.8842967187500002 0.8775204390625 0.8761823156249999 0.8738773625 0.8597235328125 0.8543301515625 0.832624034375 0.8457315093750001 0.8126967531249999 0.8326743000000001 0.79488513125 0.8195736546875001 0.7880066125 0.7959780015625 0.7904731359375 0.7617763671875 0.7928798734375 0.7429481015625 0.790174196875 0.7385329734375 0.7813567578124999 0.721933990625 0.7775932531249999 0.7036461624999999 0.7695386359375 0.689088284375 0.756076603125 0.657159371875 0.7464924093749999 0.6482760062499999 0.7608926968749999 0.6390934890625 0.75724745625 0.6441696984374999 0.7490187203125 0.6391803656249999 0.7353812546875 0.61889486875 0.7260920671875001 0.6057845515625 0.7403156140625 0.5838439765625 0.73690428125 0.5728954078124999 0.7297320640625 0.5750137203125 0.719269403125 0.5712934359374999 0.7035747546875 0.5519681734375 0.69528491875 0.537169009375 0.7052173546875 0.512502153125 0.69727969375 0.5058915078124999 0.6996890515625 0.5074162734375001 0.726610496875 0.502262859375 0.7356033671875 0.4939633671875 0.7337216140624999 0.48235371875000005 0.7435955734374999 0.4796875 0.74407561875 0.4796875 1