0 0.3235559078125 0.23072667343750003 0.3069757328125 0.231617634375 0.302539840625 0.2498795265625 0.3111578046875 0.2604457046875 0.326726715625 0.2545783640625 0.3317407671875 0.24625967499999998 0.33022383125 0.2387949140625 0.3235559078125 0.23072667343750003
0 0.6121801203125 0.0014084828125 0.5998767125 0.0068489046875 0.6138353750000001 0.0192259515625 0.63379553125 0.008799359375 0.6121801203125 0.0014084828125
0 0.476413390625 0.1224148359375 0.46233153125 0.1284205609375 0.45403968125 0.1354155921875 0.462764440625 0.14668692187500001 0.473411709375 0.1452946265625 0.4922608984375 0.15199125468750002 0.4951115296875 0.1391255828125 0.48199125625 0.12834835312499998 0.476413390625 0.1224148359375
0 0.4314885609375 0.0949750328125 0.4405902890625 0.10211344687499999 0.45882027968749994 0.1118907390625 0.45672606718750003 0.1008363546875 0.45228850937500004 0.089756571875 0.44252727187499996 0.0793729453125 0.4295856765625 0.0802324125 0.4314885609375 0.0949750328125
0 0.402061409375 0.0745543109375 0.3855127953125 0.0784998703125 0.38732632968749997 0.0874241765625 0.399457403125 0.09333360625 0.4101046734375 0.09194131093749999 0.412879790625 0.0840826640625 0.402061409375 0.0745543109375
0 0.40546077968749994 0.047574089062500005 0.40261014843750004 0.060439760937499996 0.4127010734375 0.0724459734375 0.43277985 0.079814725 0.4486472703125 0.081994134375 0.440878603125 0.07125992812500001 0.4362006265625 0.0643758890625 0.4266042671875 0.05480361406249999 0.42012655624999995 0.0498206125 0.40546077968749994 0.047574089062500005
0 0.4384811125 0.0540833796875 0.451985534375 0.051371617187499996 0.45353835781249996 0.0421200453125 0.44664156562499996 0.029696153125000003 0.435005096875 0.02622065 0.4220773015625 0.0379054625 0.42577993281250004 0.0507471046875 0.4384811125 0.0540833796875
0 0.0582524203125 0.1795944984375 0.0601553203125 0.1943371828125 0.0797394359375 0.1992719484375 0.09183733125 0.18798366718749998 0.0905239578125 0.177040190625 0.0941989234375 0.1682310265625 0.08059789687499999 0.16584526718749998 0.066351175 0.17103970468750002 0.0582524203125 0.1795944984375
0 0 0.23969123906249998 0.006960426562499999 0.23377475468750003 0.0093164640625 0.21847521250000002 0 0.219139509375 0 0.23969123906249998
0 0 0.22635444843750002 0.00514689375 0.22485045 0.0072624734375 0.213746653125 0 0.20547975625 0 0.22635444843750002
1 0 0 0 0.15952563125000002 0.017091909375 0.149163846875 0.051417368750000005 0.15133816875 0.0655129984375 0.15615785625 0.0816487671875 0.154880703125 0.11220993593749999 0.1600458078125 0.124986665625 0.15837505000000002 0.1332640171875 0.1614569609375 0.14398687968749999 0.15505762812499999 0.1382441921875 0.148312815625 0.1471672390625 0.143814534375 0.1558499515625 0.14351198125 0.1652814171875 0.1522730359375 0.17421831875 0.1586001546875 0.1924080375 0.16205156406250001 0.2055006578125 0.151178046875 0.22106631875 0.1524740484375 0.2361373359375 0.1513361265625 0.242958615625 0.168767046875 0.2660666890625 0.174906759375 0.27279857500000004 0.18651936875 0.2989221546875 0.180604759375 0.3022535796875 0.159347609375 0.2926572078125 0.149775271875 0.27608854531250004 0.13278612812499999 0.281219690625 0.10962787656249999 0.296215209375 0.11349704218750001 0.3090674390625 0.10681919843750001 0.3300322484375 0.1024120265625 0.3556612234375 0.094063490625 0.3740637046875 0.0716684125 0.392376834375 0.043455020312499995 0.40782547812500003 0.0172819 0.4197640625 0.0007292296874999999 0.42051334375 0 0 0
0 0.92849834375 0.298795965625 0.93102610625 0.3112349578125 0.940063075 0.319630384375 0.952864728125 0.325937328125 0.9619469890625 0.3087877625 0.9615452874999999 0.301657428125 0.9551805859375 0.2961049453125 0.94010836875 0.2940853921875 0.93140085 0.2976183234375 0.92849834375 0.298795965625
1 1 0 0.6796875 0 0.6796875 0.23887741562499998 0.6828335359375 0.23913942968750002 0.6933781031249999 0.26010725 0.7136233937500001 0.2566617671875 0.7455644390625 0.2540811703125 0.7516719421875 0.242907271875 0.7765575734375 0.2468359515625 0.778268453125 0.2346407875 0.790812909375 0.22422135 0.8058986062500001 0.23661438750000002 0.8315606859375 0.23405676718750001 0.8448093343749999 0.221949053125 0.8668781921875001 0.2326308359375 0.8755134578125 0.233895928125 0.8974243312500001 0.24380027656249997 0.906908296875 0.2337810453125 0.90476875625 0.2180989046875 0.91300231875 0.2122336625 0.90842075 0.189687990625 0.9248156234374999 0.1827555296875 0.9498592406249999 0.187461646875 0.9512541484374999 0.17371160937500002 0.97440194375 0.1690884828125 0.999648840625 0.14902704218750001 1 0.1489153765625 1 0
0 0.609164146875 0.7396561937499999 0.6032868828125 0.74680950625 0.6070650468750001 0.755094509375 0.6197087140625 0.760624015625 0.6329708421875 0.7588897859375 0.6430867484375 0.7519803015625 0.63609010625 0.7433180703125 0.6327136453125 0.742163403125 0.6280010515625001 0.739587265625 0.617871665625 0.7361232640625 0.609164146875 0.7396561937499999
0 0.6274559281250001 0.5616831484375 0.6196963203125 0.569880703125 0.6324257203125 0.58098566875 0.6377702578125 0.5866715578124999 0.6478139078125 0.584560096875 0.64330459375 0.5572164015625 0.633879403125 0.5520641234375 0.6274559281250001 0.5616831484375
0 0.5490844953125 0.4697751515625 0.5643869515625 0.46777411718749995 0.5785835109375 0.460331025 0.582578434375 0.45422195312499997 0.5766019578125 0.44542632031250007 0.5662423343749999 0.44598290625 0.556514653125 0.4496492390625 0.5469584375000001 0.4644664953125 0.5490844953125 0.4697751515625
0 0.462463846875 0.73409856875 0.452591659375 0.7473609515625 0.46908574375 0.7563774359375 0.4770033359375 0.7489573187499999 0.4793461546875 0.739871903125 0.462463846875 0.73409856875
0 0.25446204687499996 0.9680048953124999 0.268902325 0.9669147015625 0.26825690468749996 0.9534314687500001 0.25608719375 0.9502342703124999 0.24690571874999998 0.9514348921875001 0.24510910937500002 0.95805459375 0.2460570203125 0.9627192156250001 0.25446204687499996 0.9680048953124999
0 0.1930268390625 0.9233641718750001 0.20409065625 0.9211193093750001 0.20769735625000002 0.9182533906250001 0.2066637140625 0.9080133078125 0.1926839125 0.901062328125 0.1780133953125 0.9061731109375 0.1738604859375 0.9115047437499999 0.179363009375 0.9179680671875001 0.1845495609375 0.9228765171875001 0.1930268390625 0.9233641718750001
0 0.143277678125 0.9929192312499999 0.1567700453125 0.9871644125 0.15981705625 0.9763907218749999 0.1613699515625 0.9634181218750001 0.1475481328125 0.9572445796875 0.133423825 0.95988965 0.125822203125 0.9688646390625 0.12740205468750002 0.9766390093750001 0.131107965625 0.989722034375 0.143277678125 0.9929192312499999
0 0.36794234531250003 0.4751061015625 0.37265494062500004 0.4776822390625 0.38027004375 0.479080734375 0.394236365625 0.475658228125 0.3932884546875 0.47099360625 0.3917086015625 0.4632192375 0.38722624375 0.4566225109375 0.3708178921875 0.45318148750000004 0.3612481953125 0.45762525781249996 0.35897763125000004 0.46191265000000004 0.359451584375 0.4642449609375 0.3614196609375 0.46877617968749996 0.3629137796875 0.4709750875 0.36794234531250003 0.4751061015625
0 0.43676618593749994 0.6488702875 0.422542665625 0.6355664093750001 0.41234102968749997 0.6369004328125 0.397887271875 0.6276171421875001 0.3801427859375 0.6227546484375 0.3685327609375 0.6274652234375 0.3621815390625 0.6322862234375 0.361477346875 0.6339744984375 0.3622672734375 0.637861684375 0.3726268953125 0.6373050984375 0.3796235375 0.6459673296874999 0.385672265625 0.6499649406250001 0.4008167375 0.64718646875 0.4089780453125 0.6461192515625 0.4167646125 0.6586686671875001 0.4250839078125 0.6583788859374999 0.4450267078125 0.6637520140625 0.4652854765625 0.670680015625 0.4827139921875 0.6739876375 0.43676618593749994 0.6488702875
1 0 0.36875 0 0.8935368171875 0.004617371875 0.8929330234374999 0.017965234375 0.896774253125 0.011081284375 0.9144344531249999 0.01250315 0.921431384375 0.0248308484375 0.9254060187500001 0.030550128125 0.9174752703125 0.0309248703125 0.9038586343749999 0.0336559125 0.8915300687500001 0.056099515625 0.8885952187499999 0.0736002859375 0.8871048171875 0.0915884890625 0.898320209375 0.09848591718750001 0.891033496875 0.11120183749999998 0.8917649796875 0.1212320109375 0.8792800343749999 0.131578153125 0.8683499640625 0.1417797921875 0.8670159421874999 0.144912534375 0.8618177109375 0.1555023953125 0.8572405374999998 0.1580754515625 0.8441345343750001 0.1579039859375 0.8329836125 0.16904005625000001 0.8259407265625001 0.1667560109375 0.819854634375 0.1733374703125 0.8110130453124998 0.192562596875 0.8077009656249998 0.2039423828125 0.8070109765625 0.2146767484375 0.79283775625 0.2244766828125 0.7843733984375 0.224463203125 0.7739999140625 0.2381858078125 0.7642245109375001 0.2611756203125 0.758823946875 0.2776427453125 0.7470934625 0.2929586796875 0.7554659125000001 0.3044241984375 0.7603513859375 0.3144543703125 0.747866440625 0.3158492796875 0.734116403125 0.2995989125 0.7314528156250001 0.2888375875 0.7248790671875 0.3104912625 0.7180570328125 0.326254196875 0.7080148234375001 0.346874228125 0.69095270625 0.361485971875 0.7010134328125 0.376774946875 0.6886389125 0.3746354078125 0.6729567718749999 0.3611295625 0.6683381046875001 0.35406066875 0.6644738953125 0.355541309375 0.6562993203125 0.3500387859375 0.649835996875 0.352769828125 0.63750743125 0.3576991828125 0.625689496875 0.3646553859375 0.603231275 0.35843519218750003 0.5880827421875 0.36651076875 0.5814400640625 0.3886384 0.5769503406250001 0.40448706406249996 0.5724835921875 0.3959963046875 0.5616224515624999 0.37888375937499996 0.5598697046875 0.369156078125 0.5635360375 0.3508653828125 0.5611392546875 0.340090578125 0.544192021875 0.338510728125 0.5364176515625 0.34727701875 0.5177132125 0.34114255625 0.508140140625 0.33908875 0.49803345937500004 0.3401811640625 0.493102034375 0.3580836375 0.4987419671875 0.3746499734375 0.502960428125 0.3873658953125 0.5036919125 0.3748667328125 0.48856635624999994 0.35930707968750003 0.47384100937499996 0.35294237968750003 0.4682885234375 0.336678534375 0.4552514515625 0.3264768953125 0.45658547499999996 0.3163340328125 0.4427479890625 0.31357603125 0.4343295859375 0.29920800625 0.43062175625 0.295818065625 0.41909360468749995 0.272814775 0.414120684375 0.26385006093749996 0.40092723281250003 0.2640668203125 0.386533159375 0.25297495 0.36875 0 0.36875
0 0.9499606765624999 0.9442298140624998 0.9515484578125001 0.9581062328125001 0.9761949078125 0.9520665156250001 0.977750971875 0.9415347359374999 0.9704489546874999 0.935917034375 0.952446065625 0.9382711921875 0.9499606765624999 0.9442298140624998
0 0.787330278125 1 0.7920395546875 0.9977432343749999 0.78759465625 0.9879961734375 0.7707761015625 0.9779892875 0.7596184984375001 0.98977661875 0.7676639734374999 0.9990528484375 0.7696703203124999 1 0.787330278125 1
1 1 0.36875 0.6796875 0.36875 0.6796875 0.91242393125 0.6811232375 0.912720009375 0.69949785625 0.9121951140625001 0.7170757296875 0.9380646265625 0.74958179375 0.9403865078125001 0.7692416093750001 0.934059934375 0.79253371875 0.9516707296875001 0.78692034375 0.9664888125000001 0.7922945671875 0.98080903125 0.7999683140625 0.9882559984375 0.8364466828125 0.991936309375 0.8416883296875 0.9752889640625 0.8342854515625 0.963111896875 0.82274025625 0.9608658640625001 0.8156241046874999 0.9561627921875001 0.81459391875 0.9450302703125001 0.8312957531249999 0.936273690625 0.8337811421874999 0.93031506875 0.8463406625 0.9314895249999999 0.8635309484375 0.943325671875 0.8742476796875 0.9475579125 0.8970513406249999 0.944575978125 0.9100517328125001 0.929730865625 0.9249266390625 0.936236165625 0.939971546875 0.931452003125 0.9413417468749999 0.920005590625 0.9623876203125 0.9144367046875 1 0.9079568921875001 1 0.36875