0 0.2306559671875 0.2826035734375 0.21833971562499999 0.2847477234375 0.20464530625 0.28303512343750004 0.1961394140625 0.2810800015625 0.18576238437499998 0.2815650421875 0.180217071875 0.2896665828125 0.1817994984375 0.2958664921875 0.1862907625 0.2995777328125 0.1926531609375 0.3008488109375 0.2027578265625 0.29723956406249996 0.2077420703125 0.2946538890625 0.2177105546875 0.28948253749999997 0.2306559671875 0.2826035734375
0 0.1958616421875 0.18227946875 0.18514416250000001 0.178859253125 0.172964090625 0.1825655078125 0.170191434375 0.1866162765625 0.16906929375 0.1976480078125 0.1717575140625 0.20458046406250002 0.1761125953125 0.20672960156250003 0.1893303703125 0.20297484375 0.19431461249999998 0.20038916874999999 0.1992307671875 0.19702244062500002 0.2017991515625 0.1906285171875 0.1958616421875 0.18227946875
1 0.65 0.31875 0.65 0 0.35253932187500003 0 0.3329310828125 0.0096149375 0.3252422734375 0.017032434375 0.3115996109375 0.027865162500000002 0.3040469828125 0.0368447640625 0.293994059375 0.0529993390625 0.285115021875 0.070667515625 0.27863549375 0.10390821875 0.27212056875 0.1128393140625 0.2613867421875 0.12118337500000001 0.2501599359375 0.1358243515625 0.25118129218749996 0.147540125 0.241689440625 0.1581788375 0.24090775312499998 0.1731158265625 0.22726508750000002 0.183948553125 0.2195081890625 0.19058499843750001 0.2179448140625 0.22045897499999997 0.2387669609375 0.22026994375000003 0.24046922187500003 0.23979623437500003 0.24640672968750002 0.24814528125000002 0.24804089999999998 0.26689051875 0.2347223421875 0.2933927828125 0.24841675 0.295105384375 0.2650036484375 0.3060935953125 0.2556479765625 0.3182944109375 0.254703715625 0.31875 0.65 0.31875
0 0.2590526171875 0.0585537359375 0.25762271875 0.042151653125 0.25513876875 0.0375623515625 0.239164684375 0.033603603125 0.22296998281249997 0.039065978125 0.21790130312499997 0.05263487812499999 0.22805771406250003 0.061570960937499995 0.23981289687500001 0.064942675 0.2590526171875 0.0585537359375
1 0.65 0.31875 1 0.31875 1 0 0.65 0 0.65 0.31875
0 0.028383217187499997 0.6147166046875 0.025882921875 0.6218915812500001 0.030510367187499998 0.627164925 0.040394415625 0.6329768015624999 0.048491765625 0.6302456125 0.0509239703125 0.622289584375 0.05231847187500001 0.6143820609375 0.0446460109375 0.6100352812500001 0.035374775000000004 0.61125286875 0.028383217187499997 0.6147166046875
0 0.12055625156250001 0.6919686328125 0.110723946875 0.6987020859374999 0.10939753593749998 0.7073906624999999 0.1112523234375 0.7167147765624999 0.1157435875 0.72042601875 0.12521909375 0.7215515859375 0.137399165625 0.71784533125 0.139066028125 0.7130620125 0.141923121875 0.698028015625 0.1287897828125 0.6907995484375 0.12055625156250001 0.6919686328125
0 0.18755205625 0.7672605546875 0.1966190203125 0.7636998109375 0.198149703125 0.757354390625 0.1976049796875 0.751105978125 0.19484866875 0.7433924703125 0.1785177859375 0.7472927421875 0.1749797890625 0.754516221875 0.17572878281249998 0.7631077890625 0.18755205625 0.7672605546875
0 0.3285488671875 0.8547782218750001 0.316232615625 0.8569223749999999 0.309445328125 0.8627292640625001 0.305703059375 0.8676095890625 0.30721739531250003 0.873028446875 0.31405642500000003 0.8797668859375001 0.3163361015625 0.8820130328125 0.3216607984375 0.8833326156249999 0.3314931015625 0.8765991625 0.33322805624999996 0.872596896875 0.3314413578125 0.8640538328125 0.32480659843750004 0.859658546875 0.3285488671875 0.8547782218750001
0 0.337291725 0.8355479421875 0.333753728125 0.8427714234374999 0.335608515625 0.8520955375 0.3409168640625 0.8651793984375 0.34838505625 0.8671830249999999 0.353726096875 0.8567383312499999 0.36238451875 0.8484912781249999 0.3613631625 0.8367755031249999 0.36054607656250004 0.8274028843749999 0.345048625 0.8289114984375001 0.337291725 0.8355479421875
0 0.2426238046875 0.8611472156249999 0.254531515625 0.8543167531249999 0.2568275390625 0.8447986234375 0.2520639140625 0.837963175 0.2405810921875 0.8377156671874999 0.232960375 0.8459142171875002 0.22402959218750002 0.8510370625 0.2127346953125 0.8648969890625 0.1978337109375 0.8851993437499999 0.21998226875000002 0.8763217375 0.234934996875 0.8685647124999999 0.2397149671875 0.8636358812499999 0.2426238046875 0.8611472156249999
0 0.28263172812500004 1 0.28463301093750004 0.9964246234375 0.2856189703125 0.983830790625 0.286316221875 0.979877028125 0.28798308437500003 0.9750937093750001 0.2868092 0.9735801125 0.27561508749999997 0.964692534375 0.26226113125 0.9668851890625 0.260798540625 0.9740116624999999 0.2622965296875 0.9911947968749999 0.2649847484375 0.998127253125 0.26613239375000003 1 0.28263172812500004 1
0 0.542773228125 0.81417985625 0.54071416875 0.8025125875000001 0.53207209375 0.7989953625 0.5185138671875 0.7988448625 0.51075696875 0.805481309375 0.5092262875 0.8118267296875 0.511778325 0.8171970828124999 0.5205565796875 0.8222764109374999 0.5319713109374999 0.8217428671875 0.542773228125 0.81417985625
0 0.605307759375 0.8143938187499999 0.6066859140624999 0.818250571875 0.61449455625 0.8241594562500001 0.6218946578125 0.82538203125 0.6331732062500001 0.8232863828125 0.643975125 0.8157233734375 0.6470364875 0.8030325328125001 0.6410989796875 0.7946834843749999 0.6234580328125 0.7955080546875 0.609474915625 0.8024355249999999 0.605307759375 0.8143938187499999
1 0.65 0.31875 0.0358908859375 0.31875 0.033146959375 0.322758796875 0.034985401562500004 0.343847190625 0.03081824375 0.355805484375 0.0166145109375 0.3721540765625 0.012719715625 0.387236578125 0.00013110000000000002 0.3862565234375 0 0.3869389265625 0 0.4311120609375 0.0013757796875 0.4363893375 0.0075012125 0.45884581718749995 0.0111780953125 0.5010226015625 0.01728718125 0.535243359375 0.029350123437499997 0.5660488859375 0.0379077625 0.5805493375 0.050531775 0.6058389984375 0.0651113578125 0.6177052703125 0.074927315625 0.6227360953125001 0.086257609375 0.6331857765625 0.084726928125 0.639531196875 0.0948833390625 0.6484672796875 0.11985629687499999 0.6480842328125 0.13139086093750002 0.66087706875 0.128738040625 0.6782542203124999 0.13903063124999998 0.6887524046875 0.1504971046875 0.700764190625 0.1567750671875 0.71301849375 0.1456163515625 0.7284405234375 0.13769057812500002 0.757043421875 0.11949126406249999 0.81122201875 0.1412476265625 0.7858938265625001 0.15643731875 0.7569513999999999 0.176118275 0.731720215625 0.19229663125000002 0.73802211875 0.21192854687499998 0.7480837671875 0.24297519374999998 0.75761186875 0.271469803125 0.7617696203125 0.29657894218749997 0.762948678125 0.311515325 0.7669559296874999 0.324921025 0.777308603125 0.3262147421875 0.792148584375 0.34861931562500004 0.7981594609375 0.35539025625 0.8041168500000001 0.37275884062500003 0.800168075 0.3969828046875 0.791193459375 0.409451584375 0.7788471328125001 0.4241156046875 0.779730178125 0.446604615625 0.77475783125 0.4568454609375 0.7727106890625 0.463531965625 0.7896513015625 0.48809638125 0.7845819453125 0.49957920156249996 0.784829453125 0.5111301125 0.7858580109375 0.5229697328125 0.778246496875 0.5323090578125 0.7778099609375 0.546496446875 0.7732256453125 0.5575707249999999 0.76878684375 0.5672668484375001 0.7604912875000001 0.59002821875 0.7586431453125 0.599520071875 0.7480044328125001 0.616055228125 0.7464473171875 0.62704506875 0.752991740625 0.6267400140625 0.7733960890625 0.6437681484375 0.7655420562499999 0.6494823359375 0.7354740625 0.65 0.735482290625 0.65 0.31875
0 0.061132125 0.6437709984375 0.06934931093749999 0.654366190625 0.0826351765625 0.6513924828125 0.090323984375 0.6439749859375 0.08556035937499999 0.6371395375000001 0.07608485312499999 0.636013971875 0.064942484375 0.6396717234375 0.061132125 0.6437709984375
0 0.6661252609375 0.6143674859375 0.6824561453125 0.6104672140625 0.678117409375 0.5965537984375 0.6655287953125 0.5955737453125 0.6568022828125 0.6030397453124999 0.6607324765625 0.6122668515624999 0.6661252609375 0.6143674859375
0 0.942946715625 0.7778810640625 0.9581037140625 0.7724671921875 0.9650271828125 0.7682224062499999 0.949205625 0.7540614828125001 0.9416693437500001 0.7512768046875 0.9320413109375 0.7603534125 0.9331307562500001 0.7728502390624999 0.942946715625 0.7778810640625
1 1 0.31875 0.7195407328125001 0.31875 0.7201376703125 0.32559735 0.7242040453125 0.336386559375 0.7241196078125001 0.3473697859375 0.718081315625 0.36176824218750003 0.7261623203124999 0.3708013328125 0.7217228015625 0.37963542031249997 0.723356971875 0.398380659375 0.7226433734375 0.4140986984375 0.7267778390624999 0.425668959375 0.7437896265624999 0.42957920468750005 0.7408126984375001 0.43128681874999997 0.723648384375 0.43757874999999996 0.727630321875 0.4593511859375 0.7444378390625 0.46091827500000004 0.7528075515625 0.46131129375 0.7517535015625001 0.47312407656249994 0.7482155046875001 0.4803475578125 0.7387236515625 0.49098626718750005 0.7678991640625 0.5029545343749999 0.7447292515624999 0.5001163656250001 0.7406982734375 0.5136367640625 0.7465513453125 0.5329690375 0.7718647562500001 0.5364912484375 0.7938607859375 0.5378158171875 0.8112130265624999 0.54563131875 0.8270509296874999 0.5480279640625 0.8278680156250001 0.5574005828124999 0.8125748343750001 0.56125235 0.8003784156249999 0.576722884375 0.8157233390625 0.5854164453124999 0.8369703749999999 0.578149446875 0.854831940625 0.5679037546875 0.882697390625 0.5767963203124999 0.9047615109375 0.578901940625 0.9209398671875 0.58520384375 0.9331716828125 0.5940429171874999 0.960271790625 0.6061081921875 0.9770629609375 0.6194395593750001 0.9939903109374999 0.634333028125 1 0.64413974375 1 0.31875
0 0.6903666562499999 0.31875 0.6906734484375 0.3222691546875 0.69239205625 0.330031165625 0.7059502828124999 0.3301816640625 0.7134348203124999 0.3204210125 0.712217828125 0.31875 0.6903666562499999 0.31875
0 0.8298234671875001 0.8427704484374999 0.840216840625 0.8305211296875001 0.830961953125 0.819974440625 0.81420618125 0.83095268125 0.8097666609375 0.83978676875 0.8260131078124999 0.8468697234375 0.8298234671875001 0.8427704484374999
0 0.7775162609375 0.6013185296875 0.775015965625 0.60849350625 0.775067709375 0.6210388359375 0.79810144375 0.6223148999999999 0.8078656578124999 0.6148003953125001 0.8056023265625001 0.6007899703125 0.7916355578125 0.5959531625000001 0.7775162609375 0.6013185296875