0 0.0831411015625 0.3650227890625 0.08852051562499999 0.3742028671875 0.0945976484375 0.378087071875 0.10077002500000001 0.377759175 0.10325374218750001 0.3786789890625 0.109109384375 0.3667985453125 0.1049349109375 0.3554509375 0.09851962812500001 0.349481171875 0.09311879843750001 0.3497680828125 0.08393406249999999 0.3555148140625 0.0831411015625 0.3650227890625
0 0.13769945781249998 0.3463480390625 0.134253703125 0.35389341875 0.1415143640625 0.365077078125 0.1653370796875 0.36801857656250003 0.1696282125 0.36568709374999997 0.17061166562500002 0.3477549109375 0.1666062671875 0.337450078125 0.1605291359375 0.333565875 0.1491250046875 0.3352234625 0.13769945781249998 0.3463480390625
0 0.20176152812499998 0.25670042187500003 0.1908860359375 0.2520193609375 0.18702829999999998 0.25222429687500003 0.17885801875000001 0.264227703125 0.18775701875 0.2711172859375 0.198389603125 0.26950068437499997 0.20176152812499998 0.25670042187500003
1 0.6 0.4296875 0.6 0 0.197506125 0 0.20009891093749999 0.0064695953125 0.2092622328125 0.01018985 0.20297319531250002 0.0241968421875 0.18985689375 0.024893625 0.1884614609375 0.0354853671875 0.198639234375 0.0454622984375 0.1979415171875 0.050758170312499996 0.18243674375000002 0.0463230328125 0.15593981875000001 0.050885926562499996 0.1571233484375 0.05818538125 0.14699799062500002 0.062930321875 0.14818151875000002 0.07022977500000001 0.1558017453125 0.07403200625 0.16119074687499998 0.11686793124999999 0.174042728125 0.11934047031249999 0.1899808984375 0.1216490625 0.2008563875 0.12633012500000002 0.195846125 0.1434244640625 0.181165315625 0.1536702109375 0.1783958625 0.165386709375 0.1868400515625 0.1838698234375 0.20236624062500003 0.17883797343750002 0.2086124484375 0.1837649578125 0.1965106 0.1907184171875 0.191552753125 0.22253463125 0.2053239421875 0.2354759515625 0.21055569531249999 0.23414626093750002 0.218756978125 0.24633171250000002 0.2227409609375 0.2661035328125 0.23807665937500003 0.269495890625 0.23588826406250002 0.28959560624999997 0.2313113984375 0.304563403125 0.23614075625000003 0.3295491171875 0.22905875781249999 0.3530640828125 0.23357138125 0.3664972515625 0.2443516265625 0.3753904171875 0.2542650796875 0.388536675 0.277125759375 0.39994336875 0.29099219375 0.4086725859375 0.30063212968749997 0.4296875 0.6 0.4296875
1 1 0.4296875 1 0 0.6 0 0.6 0.274132546875 0.600291140625 0.2742011796875 0.6132343625 0.3032103765625 0.635540378125 0.339146384375 0.6526494796875 0.3543232453125 0.656577340625 0.40113449531249995 0.666648928125 0.4067862875 0.6718533375 0.4296875 1 0.4296875
0 0.397372865625 0.919874715625 0.3832206984375 0.9237818125 0.3818252640625 0.9343735546874999 0.3863378875 0.9478067218749999 0.396970471875 0.9461901218750001 0.4023713015625 0.9459032109375001 0.4070958296875 0.9414451812500001 0.40644094218750004 0.9278070765624999 0.397372865625 0.919874715625
0 0.09210389375 0.5921657875 0.09680700625000001 0.5971747453125 0.10083381875 0.5980125890625001 0.11086393125 0.5974797546875 0.1179983453125 0.5886866609375 0.11965809999999999 0.5749255921875001 0.114447759375 0.5667882953125 0.10072898593749999 0.5685688453125 0.093594571875 0.5773619421875 0.09210389375 0.5921657875
0 0.173938065625 0.6793216859375001 0.1684419921875 0.6838207031250001 0.1719401609375 0.69099719375 0.1814416328125 0.6968030093750001 0.1860923296875 0.687090096875 0.18517312187499999 0.67662131875 0.1802056890625 0.6747816828125 0.173938065625 0.6793216859375001
0 0.1777146265625 0.5634273359375 0.1736139859375 0.557334609375 0.153384684375 0.5573575 0.147095646875 0.5713644921875 0.16000004375000001 0.5885589046875 0.16549611875 0.5840598874999999 0.17198523125 0.5952845375 0.1788553265625 0.5896607656249999 0.1841084953125 0.5788640890625001 0.1777146265625 0.5634273359375
0 0.219782809375 0.45811993281249996 0.2131984515625 0.45110738906250003 0.20136092187500002 0.454891525 0.198686715625 0.462395915625 0.200715621875 0.474909265625 0.19488139531249998 0.4773227234375 0.20884307500000002 0.4818398359375 0.215279771875 0.4783426125 0.220606771875 0.47280081875 0.219782809375 0.45811993281249996
1 0.6 0.4296875 0.21257097812499998 0.4296875 0.21261739375 0.44272416875 0.2295914296875 0.441822446875 0.2326776203125 0.44165849843749994 0.2356043203125 0.4741076171875 0.23418747187500003 0.49416634843749996 0.23726183281250002 0.5371252328125 0.2492351921875 0.5869737015625 0.25621011718750003 0.610793675 0.27868023124999997 0.6053929390625 0.2880126265625 0.6101559734374999 0.2946922296875 0.6129564140625 0.30672983593750003 0.6344039171875 0.316664703125 0.6380831875 0.3227728359375 0.666156253125 0.3355295734375 0.672840896875 0.3445762328125 0.690240246875 0.35798785781250003 0.710562996875 0.368451365625 0.707903615625 0.37651457499999996 0.7432351484374999 0.37440001093749997 0.7685897484374999 0.3859303875 0.7869089140625001 0.3969225390625 0.777910884375 0.41305119843749993 0.77179526875 0.4237362 0.7849005359375 0.4337234828125 0.8033016765625 0.432137559375 0.822317628125 0.44123663593750007 0.8544388484375001 0.45751295625 0.8588329984375 0.46833603281249997 0.8487921875 0.467533484375 0.8246443171875001 0.47568235156250005 0.8221078984375 0.47940201250000003 0.8450490406250001 0.4906584828125 0.8328816859374999 0.496154559375 0.82838266875 0.5079492578125 0.8435325109375 0.5182008609375 0.8587643265625001 0.5454693328125 0.8541604453125 0.5474672375 0.8424849375000001 0.5557637671875 0.850458284375 0.5599906531250001 0.8765277671875001 0.5651271625 0.8794101812499999 0.580674765625 0.8649113406249999 0.59055721875 0.8538687406250001 0.5990442375 0.8534178796875 0.6 0.853301240625 0.6 0.4296875
0 0.36665129687500003 0.8215894453124999 0.37325706875 0.8191350015625 0.3761003515625 0.8126733890625001 0.375614540625 0.8000780625000001 0.36664170937499996 0.7879335968750001 0.36174810625 0.791348846875 0.3563472765625 0.7916357578125 0.3529753515625 0.8044360203125 0.3592001453125 0.81882999375 0.36665129687500003 0.8215894453124999
0 0.4601730953125 0.9712301249999999 0.45527949218749997 0.974645375 0.45525807656249995 0.9841123640625 0.450512134375 0.998037378125 0.457456059375 0.9976684921875 0.4635546046875 0.9920857109375 0.464421396875 0.9878326187500001 0.4656477546875 0.9761980984375 0.4601730953125 0.9712301249999999
0 0.47779243281249995 0.9503106625000001 0.48073095937500004 0.9396369453125001 0.48434578906250003 0.9331343453125001 0.485233996875 0.9194142687500001 0.47829007343749996 0.9197831531249999 0.46594531874999995 0.92043895 0.45864182812500004 0.9281892640624999 0.4574893015625 0.9450786703125 0.4556604703125 0.9577969562499999 0.463016378125 0.9647685140625001 0.4710485859375 0.9759111859375 0.4806453015625 0.977504896875 0.4852007546875 0.9720040890625 0.4871034140625 0.964540684375 0.48370048906249996 0.9531520890625 0.47779243281249995 0.9503106625000001