0 0.3081824890625 0.470624959375 0.2994234296875 0.48013686875 0.30851742031249996 0.48976057031250003 0.3206729671875 0.490929603125 0.3271949140625 0.4783744328125 0.32437811562499996 0.47151225625000004 0.3081824890625 0.470624959375
0 0.4298222265625 0.333071525 0.4415957 0.32403462968749996 0.43221595468749996 0.315762409375 0.421371828125 0.3124851484375 0.410668775 0.31726500625 0.4149027625 0.3280617578125 0.4298222265625 0.333071525
0 0.45 0.2922239859375 0.44120209218750006 0.2899266109375 0.4319339078125 0.299648240625 0.4348564234375 0.312553146875 0.45 0.3195199328125 0.45 0.2922239859375
0 0.2832199984375 0.4207753046875 0.30457243125 0.4184416390625 0.30969481875 0.4029589390625 0.29342868125 0.39804308125 0.27189918125 0.4005527953125 0.2747335578125 0.40842209843750005 0.2832199984375 0.4207753046875
0 0.30259115 0.3822786484375 0.27975017812499997 0.3868965953125 0.28407230625 0.4027290296875 0.3016498640625 0.40553673437500004 0.3097275234375 0.3949822390625 0.30259115 0.3822786484375
0 0.0848140265625 0.41964947812500003 0.096001475 0.40988647343749995 0.1018628 0.3922430046875 0.08825480937499999 0.3851250796875 0.07367032812499999 0.399250840625 0.065801703125 0.41189999843749997 0.07264095468750001 0.41747324218750004 0.0848140265625 0.41964947812500003
0 0 0.4572167734375 0.0031767546874999996 0.45458501875 0.0191256421875 0.44137246093750004 0.0122158796875 0.43177065625 0.0014422640625 0.43252195625 0 0.43301711249999997 0 0.4572167734375
0 0 0.4383891203125 0.0094342859375 0.42692280312499997 0.007911328125 0.41694534687499996 0 0.42044435937499997 0 0.4383891203125
1 0.45 0 0 0 0 0.3745906125 0.020514528125 0.3666565171875 0.031200003124999997 0.360869534375 0.0503180953125 0.37466181718749997 0.062332620312499996 0.367773803125 0.06787807968750001 0.376462396875 0.1083671203125 0.37868071406250003 0.1285675734375 0.3772720296875 0.1449217484375 0.387223578125 0.15697163125 0.382349796875 0.1567953515625 0.37227843125 0.16205871249999998 0.364852859375 0.17995357343750001 0.3857889765625 0.20699327812499999 0.38995353593750004 0.21218607343749998 0.37849940625 0.2364443375 0.3778161 0.251451940625 0.38786162812499997 0.2530981875 0.4048890171875 0.27034091875 0.3885611015625 0.2741165796875 0.37317231875 0.294299403125 0.3707565140625 0.29132400468749997 0.354830165625 0.299175003125 0.3411738875 0.3058908578125 0.33969720625 0.3167701890625 0.3449887140625 0.33962878750000003 0.3413779625 0.3650573953125 0.330529384375 0.391815053125 0.318579775 0.41435629687500003 0.2968405390625 0.43025224843750004 0.28060654218750003 0.447424365625 0.2602500734375 0.4472304578125 0.24917158593750002 0.45 0.24868165156250002 0.45 0
1 0.45 0 0.45 0.4833301296875 0.45072484687500003 0.4849300515625 0.4633260625 0.48951422187500004 0.47784784687500004 0.48459945624999995 0.48322227656249994 0.49358967343750004 0.4947404203125 0.495908121875 0.509303134375 0.4933317546875 0.5176402765625 0.4927503609375 0.5260319921875001 0.4952868296875 0.53650799375 0.497677953125 0.5458736359375 0.496244421875 0.5573372078125 0.49544500625000004 0.5709805640625 0.49995650312500006 0.58034620625 0.49852297031250004 0.58550235 0.49504173749999997 0.5853249921875 0.484908684375 0.6008889203125001 0.47992124687500004 0.623856990625 0.48066081250000003 0.6364445625 0.48446551875 0.6521994921875001 0.49039059687500003 0.6617561375000001 0.499869584375 0.677551996875 0.5081330609375 0.6888927812500001 0.50031845625 0.6907451359375 0.4869221921875 0.6874959203125 0.48012502343749996 0.6914598468750001 0.46814234375 0.708052275 0.4623027640625 0.7215319171875001 0.4574606734375 0.7442680578124999 0.44494932499999995 0.7724604875 0.44610498749999994 0.7993379140625001 0.4317440125 0.8231707687500001 0.42227785312500005 0.8520915531250001 0.40543313124999997 0.8582216218750001 0.3979818953125 0.887974628125 0.4286845796875 0.9082528468749999 0.45458506875 0.8887439109375 0.4130225921875 0.8789280500000001 0.388733759375 0.8818225468750001 0.3752648203125 0.9002946156250001 0.35758791093750003 0.9095511140625 0.349918653125 0.9040948265625002 0.336251640625 0.9049050390625 0.32292805156250004 0.9109396078125 0.31002055624999997 0.925584178125 0.3121209828125 0.9349088921875002 0.308349053125 0.9419856046875001 0.29536888437500003 0.949144175 0.2870655109375 0.9648036031250001 0.28753433125 0.9720167453125 0.28234881875 0.9706608124999999 0.26449378281249997 0.9684673828125 0.25840340624999997 0.9629838093749999 0.24317746406250002 0.9629428812499998 0.240839065625 0.9700741640625001 0.23097676093750003 0.979494378125 0.232661090625 0.9888873078125 0.2327864890625 1 0.22528361874999997 1 0.200304753125 0.9976935859375 0.1993948671875 0.9943761562500001 0.1887003703125 0.9940896531250001 0.17233159375 0.9917461515625 0.15766709375000001 0.9936121484375 0.1450502953125 1 0.1339378203125 1 0.10680041093749999 0.9980588562499999 0.10103684843750001 0.9916422828125 0.09211930625 1 0.0908767546875 1 0.055140192187500006 0.9962117750000001 0.0551210515625 0.9855038437499999 0.0394790140625 0.9822000546874999 0.0295639828125 0.9674872687499999 0.023566228124999998 0.95788969375 0.011748846875 0.9531991968749999 0 0.45 0
0 0.5297484625 0.509375 0.530391565625 0.5059086546875 0.521958921875 0.5010337859375 0.5114965640625 0.4994221296875 0.5032276359375001 0.50390085 0.50332345 0.509375 0.5297484625 0.509375
0 0.8617027687500001 0.41802998125 0.8532837687499999 0.4139345796875 0.8429305546875 0.41855864687500005 0.8378835562500001 0.42827560625 0.8380199875000001 0.4360702609375 0.8433398453125001 0.4419426171875 0.8505939156250001 0.43909549999999997 0.8578070578125001 0.43390998906249995 0.8618528421875 0.426604103125 0.8617027687500001 0.41802998125
0 0.9326010437499999 0.3553350140625 0.925251471875 0.35272586875 0.912704828125 0.3512595625 0.90650654375 0.3548134671875 0.90457233125 0.3635329375 0.914128975 0.373011925 0.9224797609375 0.3732099984375 0.9296929046875 0.36802448593750003 0.9317226156250001 0.3647612765625 0.933711403125 0.35915966718750003 0.9326010437499999 0.3553350140625
0 1 0.2359398109375 0.9879270234374999 0.23753595781249998 0.9869803812499999 0.2430648921875 0.9891738109375 0.24915526875 0.9976610265625 0.25714799843749997 1 0.25659451875 1 0.2359398109375
0 0 0.7252565546875 0.0039387203124999996 0.7276317531250001 0.021873437500000002 0.73886774375 0.051285368750000004 0.7500837859375 0.0417560109375 0.74216373125 0.03314600625 0.7271558109375 0.023616646875 0.71923575625 0.012016646875 0.7122405140625 0 0.7092434015625 0 0.7252565546875
0 0.028865196875 0.6018071921875 0.02380455625 0.610744684375 0.024983128125 0.6184666671875 0.036501273437499995 0.620785115625 0.0458805578125 0.6201310484375 0.0552052734375 0.6163591187499999 0.055096128125 0.61012339375 0.0529436265625 0.6063714140625 0.0497626265625 0.6034715734375 0.039286626562499996 0.6010804515625 0.028865196875 0.6018071921875
0 0.0988031875 0.54386169375 0.0905069734375 0.5467814828125 0.0886000484375 0.557059884375 0.09187655 0.565415984375 0.098183978125 0.5680978015625 0.11277397812500001 0.5670803656250001 0.1116090484375 0.5601378484375 0.11152719062500001 0.5554610546875 0.1104168328125 0.5516364 0.105124259375 0.547322978125 0.0988031875 0.54386169375
0 0.29809805 0.5440113296875 0.29382033281250003 0.5380663 0.2792303328125 0.5390837375 0.26989197656249997 0.5420762 0.272153621875 0.55206390625 0.27537555 0.5573021421875 0.2879494796875 0.56032738125 0.2962184078125 0.5558486609375 0.29809805 0.5440113296875
0 0.4042874765625 0.5303628484375 0.3978981890625 0.5230042375 0.3863391171875 0.5183473921874999 0.3769734734375 0.519780925 0.35198933125 0.523084034375 0.3698149046875 0.5280843 0.3793715484375 0.5375632859375 0.378383978125 0.5407538234375 0.398116478125 0.5354756875 0.42744655 0.542014934375 0.42419733437499996 0.5352177671875 0.4042874765625 0.5303628484375
0 1 0.6777736125 0.9874139625 0.669347940625 0.9697384625 0.672921796875 0.9676814640625 0.6746260765625001 0.9744527546875 0.7038097249999999 0.98823254375 0.716115878125 1 0.7116708890625001 1 0.6777736125
0 0.9513156921875 0.7530286328125 0.94480361875 0.7386548296875001 0.9281566187500001 0.741376546875 0.9272781906249999 0.7508028078125 0.9378769796875 0.7602091203125 0.9441571234375001 0.7613320078125 0.9513156921875 0.7530286328125
0 0.6663582921875 0.9258619375 0.6603510078125 0.9403283640625 0.67191008125 0.9449852078125 0.6875285796874999 0.9431156312500001 0.684265721875 0.935538996875 0.684170221875 0.9300827375 0.6820040781250001 0.9255512921874999 0.6704722890625 0.9224533796875001 0.6663582921875 0.9258619375
0 0.5943905875000001 0.9870706468750001 0.59322565625 0.9801281312499999 0.5930755828125001 0.9715540078124999 0.576333084375 0.9688194656250001 0.5660207984375 0.97578193125 0.5672130156249999 0.984283378125 0.5798005875000001 0.988088084375 0.5943905875000001 0.9870706468750001
0 0.5492153562500001 0.9098379984375 0.558758359375 0.91853751875 0.5682331453125 0.9233397125 0.569275290625 0.9232670374999999 0.5817127890625 0.9184976203125 0.58035685625 0.9006425859375 0.5749414984375 0.8893139703124999 0.5603105671875 0.8879930109374999 0.5488469968749999 0.8887924250000001 0.5459115703124999 0.8999229671875 0.5492153562500001 0.9098379984375
0 0.45 0.8988850078125001 0.46033306874999996 0.8988670484375 0.4696304953125 0.8935361890625 0.4705771375 0.8880072562500001 0.4735671375 0.8799945765625001 0.45472670624999995 0.8766259156249999 0.45 0.8779706546874999 0.45 0.8988850078125001
1 0.45 0.509375 0.45 0.864106271875 0.452410490625 0.8635203484374999 0.47207477343750004 0.8543448843749999 0.4886808453125 0.849284771875 0.4928357734375 0.848214609375 0.5124864140625001 0.83825968125 0.5239499859375 0.837460265625 0.543928059375 0.8462125109375 0.5517551359375 0.876102953125 0.5631914218749999 0.87374460625 0.5562973437500001 0.8375457671875001 0.58036213125 0.8413305234375 0.5983241343750001 0.8541254453124999 0.611776490625 0.8477244234375 0.6115582015625 0.8352529734375 0.62572526875 0.8100721015625 0.6193632671875 0.8042724218749999 0.6576360515624999 0.7852147031250001 0.6886820499999999 0.77056303125 0.7050561875 0.7522520015625 0.7321246171875 0.74880354375 0.7349509 0.7314372796875 0.74974554375 0.7421118265625 0.77163054375 0.740585671875 0.776718471875 0.7332071109375 0.7852193296875 0.7419793046875001 0.804951828125 0.7367011703124999 0.8057211125 0.7210391828125 0.7993045390625 0.7121216406249999 0.7857430390625 0.7122869375 0.7826984671874999 0.717181753125 0.7763364656249999 0.711382071875 0.78762268125 0.7004496046875 0.8053527515625 0.6999936109375 0.8178038937500001 0.6960036609375 0.82818439375 0.692938521875 0.8489863218749999 0.68914664375 0.8541561062499999 0.6864448765625 0.8527865328124999 0.6678103765625 0.8443402437499999 0.6621560437499999 0.8317936015624999 0.6606897359375 0.8275431734375001 0.6563036375 0.8461926 0.6487597796875 0.8491416703125001 0.638408703125 0.8335368125 0.6410577453124999 0.83545738125 0.6315588109375 0.8425886671875 0.6216965046875 0.848759665625 0.6165836671875 0.8495835187499999 0.6040395421875 0.8693433062499999 0.6003203375 0.8690840874999999 0.5855104921875001 0.8729115843749999 0.5657331546875 0.8592136546875 0.5581037953125 0.8508492265625 0.55712625625 0.8557325078125 0.5380557109375 0.8607522187499999 0.526779821875 0.8523195765625001 0.5219049546875001 0.862645503125 0.5157219546875 0.8612419046875001 0.509375 0.45 0.509375
0 0.8355832640624999 0.757977590625 0.8333625453125 0.7503282828125 0.8156324749999999 0.7507842765625 0.8033314062500001 0.7633483484375001 0.80663519375 0.7732633796874999 0.8119414078125 0.7783562703125 0.8233913375 0.7767773890624999 0.8337445499999999 0.7721533203125001 0.8355832640624999 0.757977590625