0 0 0.48066786562499997 0.0033017343749999995 0.48047686250000005 0.012223917187499999 0.4767441 0.0154038578125 0.4699319578125 0.009072512500000001 0.4629877265625 0 0.460733565625 0 0.48066786562499997
0 0.090526709375 0.5684204484375 0.09553226249999999 0.5597481796875 0.0832230359375 0.548178628125 0.058781925 0.540040153125 0.029187679687500002 0.53268715 0.0426453546875 0.5448725750000001 0.054718939062500006 0.5548961859375 0.06814685312499999 0.5599677859375001 0.076892915625 0.5689167375 0.090526709375 0.5684204484375
0 0.0869027984375 0.5238898562500001 0.08383945781249999 0.503792625 0.06702572031250001 0.51110105625 0.053775148437499996 0.5210300828125 0.06343401562499999 0.5290489703125 0.0765084671875 0.531801659375 0.0869027984375 0.5238898562500001
0 0.165316075 0.4502451328125 0.180216140625 0.45113768906249996 0.18416130625 0.4355086859375 0.183542440625 0.4245300078125 0.1692017203125 0.4203884734375 0.16110428593749998 0.429532028125 0.15827780625 0.438663078125 0.165316075 0.4502451328125
0 0.2109266265625 0.396628059375 0.21976074843750001 0.39923615468749996 0.23121546875 0.3982810859375 0.23221633281249998 0.3910101640625 0.22553152812500002 0.381747021875 0.219112121875 0.38114364843750004 0.2103077625 0.38564938125000003 0.2071278203125 0.392461521875 0.2109266265625 0.396628059375
0 0.30606191250000003 0.23896874375000002 0.31822355468749997 0.24265149687499998 0.3292950515625 0.2322636875 0.3274396765625 0.227009990625 0.3197242421875 0.21790394218750003 0.3057369875 0.21608131875 0.299936446875 0.22645662500000002 0.30606191250000003 0.23896874375000002
0 0.5714960984374999 0.27839349375 0.5607185421875001 0.276872559375 0.5457304203125 0.2823208578125 0.5383399109375 0.2961022328125 0.5521212859375 0.30349274375 0.5713497390625 0.2981890375 0.5765611734375 0.2839488796875 0.5714960984374999 0.27839349375
0 0.16610739218749998 0.3654950765625 0.1648708859375 0.3712200578125 0.17476539375 0.3807848859375 0.183776859375 0.39839360625000003 0.1874876046875 0.408901003125 0.1918755171875 0.41693239374999996 0.203154115625 0.4286590375 0.21104567031250002 0.4250833703125 0.2169640296875 0.4154810359375 0.21923116562499997 0.40959895937499996 0.204860684375 0.3983435984375 0.1917564734375 0.38847708281250004 0.1873388015625 0.37333186406249996 0.16610739218749998 0.3654950765625
0 0.3504706078125 0.30891984375 0.3584502203125 0.2990033171875 0.35680072812499997 0.2881817328125 0.3425778296875 0.2848131703125 0.3279431671875 0.2925803796875 0.33188955781249996 0.30463371562499997 0.3504706078125 0.30891984375
0 0.652649015625 0.22964091718750002 0.649409553125 0.22222540156249998 0.6377191921875001 0.22163453125000002 0.6254111890625 0.237747321875 0.6222610078125 0.251673290625 0.6268845609375 0.26125062187500003 0.6374264734375 0.2612256171875 0.6488216734375001 0.24604289218750003 0.652649015625 0.22964091718750002
0 0.6577450765624999 0.2699924703125 0.6566846875000001 0.2630357359375 0.6495583578125 0.2577945421875 0.6405183562500001 0.2607543328125 0.6414609234374999 0.26693809687500003 0.648940715625 0.27449820156250004 0.6577450765624999 0.2699924703125
1 0.659375 0.6390625 0.659375 0.3170959078125 0.6487658187500001 0.31486225624999997 0.63271730625 0.3133538234375 0.622087334375 0.3197196859375 0.6077763734375 0.32269197968749996 0.596203834375 0.322874078125 0.5753258890625 0.3173562015625 0.566933290625 0.31072615937500003 0.5504134953125 0.30612584374999996 0.5301544140625001 0.3115866453125 0.5131930984374999 0.3110082765625 0.4834810296875 0.302882303125 0.4838940140625 0.31942886875 0.4868978359375 0.32529844375 0.47235123437500004 0.3267247984375 0.45568385781250004 0.31423768281250003 0.4412253171875 0.3093231796875 0.42838650625 0.30811643125 0.4247650421875 0.31895051875 0.40150214218749997 0.318541746875 0.39411040937499997 0.304640784375 0.369640759375 0.3170708203125 0.36970028125 0.3312984765625 0.3520618 0.3331961125 0.3409605421875 0.3364700921875 0.3514441578125 0.349899775 0.3572161578125 0.36009298125 0.3425814984375 0.36786019062499997 0.33153853906249997 0.3576794859375 0.3096894890625 0.366546359375 0.307657996875 0.373974375 0.2847485578125 0.3758845140625 0.2658735671875 0.38350713281250004 0.239136784375 0.40181924531249996 0.2208806578125 0.42042054375 0.201917609375 0.43438401875 0.2131081484375 0.45245152187500004 0.198179546875 0.4721274765625 0.1980034265625 0.48480919218749996 0.1839281078125 0.4893274265625 0.17538792812499998 0.47481058750000005 0.1577494453125 0.47670822343749997 0.14526409843750002 0.4778203875 0.1312185421875 0.48945245000000004 0.1248586609375 0.5030767328125 0.1334869015625 0.5112527140625 0.149064128125 0.5096692671875 0.14246860625 0.5217476078125001 0.1346068109375 0.532437103125 0.1367275875 0.54635056875 0.12250468750000001 0.5429820046875 0.10415928125 0.5402418203125 0.1277173453125 0.5564241890625 0.11049184999999999 0.5748683921875 0.091263396875 0.5801720984375 0.09202984374999999 0.599037578125 0.0882024984375 0.61543955 0.09750790312499999 0.621139528125 0.0936805578125 0.637541503125 0.0932645796875 0.6390625 0.659375 0.6390625
0 0.659375 0.2935276234375 0.6637868203124999 0.29868272500000004 0.676507809375 0.2991165015625 0.680364915625 0.28982835625000003 0.6638153578125 0.2781142125 0.659375 0.27439894374999996 0.659375 0.2935276234375
0 0.747500815625 0.23213932656249997 0.74561568125 0.2197718015625 0.732069946875 0.2139272328125 0.72632770625 0.21084785312499998 0.711839403125 0.1988195203125 0.72099845 0.224315040625 0.7197917046875 0.23715385000000003 0.7162880609375 0.24876090781250002 0.7173484484375 0.2557176421875 0.7267419140625 0.2550767609375 0.7340443640625 0.24763624062499998 0.7435258874999999 0.24065450312499997 0.747500815625 0.23213932656249997
0 0.7393450796875001 0.254737565625 0.7337504218750001 0.2595449859375 0.731041765625 0.2694490078125 0.7430855890625 0.272358790625 0.752007771875 0.268626028125 0.7524195328125 0.25749025468750003 0.751476965625 0.2513064921875 0.7393450796875001 0.254737565625
1 0.659375 0.6390625 1 0.6390625 1 0.2971226734375 0.9905861296874999 0.29790758125 0.9826350546875 0.28725559375 0.9663806609375 0.291315046875 0.9422930140625001 0.2854954828125 0.9175579640624999 0.2892657515625 0.8922635671875 0.2962849953125 0.8940606421874999 0.3149933796875 0.8812515937500001 0.320900459375 0.8665574109375 0.3144400140625 0.8519810484375 0.308752540625 0.8351673125 0.31606096875 0.8156734578125 0.31270490781250004 0.7950013921875 0.30161914375 0.777952015625 0.30738163125 0.7675874453125 0.32240726249999996 0.760049353125 0.328301840625 0.7342539125 0.325115375 0.7196192531250001 0.3328825875 0.7203857 0.35174806406250003 0.7318701796875 0.3579068234375 0.726540925 0.371374009375 0.71540990625 0.36753416250000004 0.6791915984375 0.3928280140625 0.667089475 0.40337291718749996 0.659375 0.40396346875000005 0.659375 0.6390625
0 0.0650594 0.8945353562499999 0.04936435 0.895345834375 0.0379393921875 0.9034147328125 0.043357931249999995 0.9112890265625 0.0493358125 0.915914346875 0.0617033375 0.9140292140625 0.0686523265625 0.9042697828125 0.0650594 0.8945353562499999
0 0.38843334218750003 0.6775676890625 0.3908182984375 0.6724585828125 0.383456325 0.6656714484374999 0.371971846875 0.6595126890625 0.36019342499999996 0.6652626749999999 0.357337184375 0.6672799 0.36057664843750004 0.674695415625 0.36437545625 0.678861953125 0.3773320859375 0.6808416703125 0.38843334218750003 0.6775676890625
0 0.15773022812499998 0.9421023875 0.149573271875 0.9370182859374999 0.1391491796875 0.9378162609375 0.1327892953125 0.9514405437499999 0.1406225515625 0.9613195609374999 0.153343540625 0.9617533375 0.1612350953125 0.9581776703125 0.16223596093749998 0.9509067484375 0.15773022812499998 0.9421023875
0 0.5818390046874999 0.6733973453125001 0.579837271875 0.6879391906250001 0.5890546171875 0.699980025 0.6110512499999999 0.6989999515624999 0.617175490625 0.683829728125 0.6097837578124999 0.6699287640625 0.5939708890625 0.6699662703125 0.5818390046874999 0.6733973453125001
0 0.36961909843749996 0.7271003046875 0.369118053125 0.7168945953125 0.3467381953125 0.7084419296875 0.3329568203125 0.7010514203125 0.3170261296875 0.7003159578125 0.32061905468749996 0.71005038125 0.340819834375 0.718044265625 0.3563387640625 0.729915503125 0.36961909843749996 0.7271003046875
1 0.659375 1 0.659375 0.7546725343749999 0.6525144234375 0.7496267921875 0.635140121875 0.7325018562500001 0.6145275796874999 0.735643746875 0.60021661875 0.738616040625 0.587082646875 0.7216356968750001 0.566853328125 0.7342103265625 0.5452982171875 0.7311684546875 0.5404402453125 0.7477275234375 0.5223602406250001 0.7536471062500001 0.5030139671875 0.75817784375 0.48849712656250005 0.7667180234375 0.491499725 0.7449052578125 0.4775422296875 0.7501964625 0.460668971875 0.7432772359375 0.44709347343749994 0.7303188390625001 0.42433161875 0.7401157765625 0.426216753125 0.7524833015625 0.4107573453125 0.7548397203125 0.38257694999999997 0.7567623609374999 0.40734298593749996 0.7877882609375 0.408285553125 0.7939720234375 0.3929142046875 0.7899875859375001 0.3790745296875 0.796051759375 0.3548107625 0.8029139109375001 0.3307826375 0.8113220015625 0.3048408375 0.8279310796875 0.2841699953125 0.84452765625 0.26685521562500003 0.841630375 0.27003515624999996 0.834818234375 0.2838748328125 0.828754059375 0.2903525359375 0.8159027468750001 0.28140059375000004 0.81252168125 0.2637918734375 0.8215331453125 0.24715425624999998 0.8161598609375 0.20975529218750003 0.7783593265625 0.22436263906249998 0.81884296875 0.22774968437499998 0.83414528125 0.24382795468750001 0.84276754375 0.25707975 0.86052085625 0.26835835 0.8722475015625001 0.27062670624999996 0.8940477671875 0.2566109125 0.9127936562500001 0.24439096875000002 0.9225655890625 0.2289315625 0.9249220078124999 0.2175649015625 0.9195362203125 0.1982186265625 0.9240669562499999 0.18532151875 0.9363148953125 0.19421516249999998 0.9531506453125 0.1964537609375 0.9678370828125 0.191771909375 0.9717144359375001 0.1934214015625 0.9825360218749999 0.1780798140625 0.9856654109375 0.1726910359375 0.9849049421875 0.18317465156249998 0.998334621875 0.1081435265625 0.9765522953125 0.155533546875 1 0.659375 1
0 0.2199188734375 0.8796309453125 0.2311677125 0.8842437625 0.24845273125 0.880027215625 0.25139703125 0.8716691328125 0.246567596875 0.8676596906249999 0.237703715625 0.8579377656249999 0.22739744375 0.8595087109375001 0.21791591718749997 0.8664904484375 0.2199188734375 0.8796309453125
0 0.7013048562499999 0.9116689671875001 0.68907623125 0.9209769718749999 0.6842612328125 0.9300854484375 0.6813167875 0.9351867859375 0.68956209375 0.9404435203125001 0.6875179171875 0.9351720765625 0.7119415921875001 0.9407543203125 0.7247596796875 0.9434530328124999 0.7120451921875001 0.9332944890625001 0.711317115625 0.9203783953125001 0.7100695984375001 0.912194003125 0.7013048562499999 0.9116689671875001