1 0 0.409375 0.45 0.409375 0.45 0 0 0 0 0.409375
0 1 0.145836540625 0.9894984656249999 0.1462860828125 0.9869785015625 0.1564905875 0.9900965859374999 0.17069725625 1 0.18138462500000002 1 0.145836540625
1 0.45 0 0.45 0.409375 0.89649870625 0.409375 0.9004819000000002 0.3965130234375 0.906083325 0.38676191875 0.9072375171874999 0.3752989265625 0.9019493890625 0.36923319062500004 0.9006175234375 0.3584619328125 0.91045731875 0.360967278125 0.9583637718750001 0.39974205 0.9613094328125001 0.409375 0.9803767999999999 0.409375 0.9777273531249999 0.39730353906250004 0.9672921484374999 0.39365305781250004 0.9425671999999998 0.3625193015625 0.9347224890625 0.35290480625 0.9297842796874999 0.3447755 0.9311839578125 0.33652121562500004 0.941619159375 0.34017169687500004 0.94687338125 0.35575020468749996 0.9607399687499999 0.35779051875 0.9676705453124999 0.3355446359375 0.9689291703125 0.3188093640625 0.954851003125 0.30404756875 0.9513463796875001 0.2781512046875 0.9348553984375 0.2915876765625 0.933627965625 0.2755441375 0.941365528125 0.2671648734375 0.9391927703124999 0.25203976875 0.9458778625 0.22658517812499998 0.9524612359375 0.2296689078125 0.96531196875 0.22838716250000002 0.9656252671875001 0.212570325 0.9689155968750001 0.20247916875 0.9694377625000001 0.17611777343749999 0.9577412187500001 0.165936525 0.9635176062500002 0.1551536375 0.9621152125 0.1401418828125 0.9517844437499999 0.131219121875 0.94915461875 0.1001638296875 0.9628774359375001 0.0704571171875 0.9809796765625001 0.061487840625 0.9571661468750001 0.038948421875 0.9584952984375 0.02645364375 0.9466237968750001 0.017304179687499997 0.9410901812500001 0.0080297375 0.9378682171874999 0 0.45 0
0 0.1351871 0.8930051156250001 0.12548835625000002 0.8989807578125 0.12030737656249998 0.9109087828125 0.121289321875 0.9237436156250001 0.130358753125 0.9261356078125 0.13995306406250002 0.925432246875 0.14632485625 0.91579449375 0.14663815468750002 0.8999776562499999 0.1351871 0.8930051156250001
0 0.00371088125 0.969895 0.0055676265625 0.9775709015625 0.009315021875 0.9834099343750001 0.0189093328125 0.9827065718749999 0.026471937499999997 0.9753590937500001 0.019922470312500003 0.9627625921875002 0.017015965625 0.9612774046875 0.011798365625 0.9594521624999999 0.0049355984375 0.9626725 0.00371088125 0.969895
0 0.2163467640625 0.8288047640624999 0.206052615625 0.8336352687499999 0.1983150515625 0.8420145343750001 0.203253259375 0.8501438421875 0.213513503125 0.854826109375 0.2216715140625 0.8486237656250001 0.22692302187500002 0.8409362343750001 0.2163467640625 0.8288047640624999
0 0.37832160312499996 0.7489997109375001 0.37355835625 0.73983861875 0.3629481921875 0.7372199234375 0.356785265625 0.7363131171875 0.35349493593750003 0.746404271875 0.3525862328125 0.7610759734375 0.363616840625 0.7658715921875 0.372265825 0.7660866640625 0.3762220875 0.761381140625 0.37832160312499996 0.7489997109375001
0 0.3426189546875 0.866419834375 0.35109297968750003 0.86766669375 0.35606509375 0.8662832265624999 0.358339571875 0.8528700125 0.3511607921875 0.8486411484375 0.343911484375 0.8401717890625001 0.334737621875 0.8430520734375001 0.3306769265625 0.853029878125 0.33200879375 0.8638011375 0.3426189546875 0.866419834375
0 0.3510400703125 0.71431719375 0.364697790625 0.7269020671875 0.373383396875 0.7408704046875 0.38115758125 0.74624440625 0.4116928234375 0.757082503125 0.3849727890625 0.7330578953125 0.38160921875 0.715642515625 0.36742661875 0.7061530015624999 0.3557666984375 0.70972501875 0.3510400703125 0.71431719375
0 0.361654278125 0.4514966921875 0.3678511125 0.442890725 0.3655739203125 0.4330379 0.35765868125 0.4191829109375 0.3428467703125 0.41806103125 0.33153676718749997 0.419569478125 0.3291917640625 0.42874219843750005 0.3356707046875 0.43709820624999995 0.340084034375 0.44832287031250007 0.34964443749999996 0.45713227968750003 0.3597636265625 0.45333356093750005 0.361654278125 0.4514966921875
0 0.308123353125 0.5250499484375 0.3076689984375 0.5323857999999999 0.312957128125 0.5384515343749999 0.322796925 0.5409568796875 0.3298346484375 0.53670475625 0.33182973437499996 0.5295956078125 0.3315137203125 0.52214640625 0.3259801046875 0.512871965625 0.3199921390625 0.510933371875 0.3102228703125 0.5126685203125 0.308123353125 0.5250499484375
1 0 0.409375 0 0.9451695703125 0.00654414375 0.9438736546875 0.015227034375 0.9345759546875 0.02268520625 0.9325007546874999 0.036585696875000004 0.9250282953125 0.040158134375 0.9318991140625 0.0425058515625 0.9459924328125 0.0573177640625 0.9471143125000001 0.0646687890625 0.9270453515625 0.0715654609375 0.9143122421874998 0.0817551765625 0.9147540171875 0.08697006406249999 0.8933132203125 0.09026039218750001 0.8832220640624999 0.09848893125 0.881260215625 0.114737140625 0.8878810749999999 0.123806571875 0.89027306875 0.136970603125 0.8731744859374999 0.1468809265625 0.8799203265625 0.15619312968750002 0.8622549890624999 0.1769591015625 0.8748282328125001 0.19751349375 0.8746799953124998 0.170722934375 0.8464148937499999 0.179896796875 0.8435346109375 0.190540865625 0.8366405328125002 0.1994692421875 0.8305515421875 0.2145944515625 0.8158565828125 0.2284583234375 0.7946308578125001 0.2345846296875 0.7817843984375 0.24004500312500002 0.7635523078124999 0.23731074375 0.73776929375 0.24697558125 0.7413064265625 0.285180575 0.7627908015625 0.260593965625 0.7168719921875001 0.2606956828125 0.6883336734375 0.2766984078125 0.6917458265625 0.284052146875 0.6949429046875 0.29340096875 0.6910308359374999 0.300893046875 0.6794428625 0.2949728921875 0.6584787234375 0.2907684296875 0.636709503125 0.2876503453125 0.622502834375 0.290799621875 0.6039306921875001 0.29111292031249997 0.5881138531250001 0.29864161875 0.5902791484375001 0.311421825 0.584756909375 0.305710534375 0.5532482140624999 0.3074601328125 0.54293035625 0.3032217640625 0.5306739078125 0.29933331406249997 0.5163538890625 0.3062299859375 0.50362078125 0.306368325 0.48883572812500004 0.2985941390625 0.48346172656249997 0.3089221953125 0.46911845 0.30801077499999996 0.4605241109375 0.303667971875 0.45353994062499997 0.2929533765625 0.45619352500000004 0.2874902890625 0.45115957656249994 0.2927417953125 0.4434720453125 0.2944913953125 0.4331541875 0.2987975765625 0.4263850921875 0.31644546406249996 0.424751665625 0.3154635171875 0.4119168328125 0.31270499531249996 0.409375 0 0.409375
0 0.821083684375 0.81933171875 0.8350900453125 0.81890429375 0.8458828281249999 0.8155157234375 0.84402711875 0.7990687031249999 0.8350868531250001 0.791532484375 0.8214522703125 0.8007236750000001 0.821083684375 0.81933171875
0 0.6731486343749999 0.8850908046875 0.66113879375 0.89072639375 0.6574985453125001 0.9028811187500001 0.661245940625 0.9087201531249999 0.6694744781249999 0.9067583046875001 0.6735012671874999 0.906293271875 0.677387003125 0.8973472515625 0.6779118828125 0.8942518953124999 0.6731486343749999 0.8850908046875
0 0.6286166109375 0.9567955640625 0.633097753125 0.9489946812500001 0.63449743125 0.94074039375 0.62388726875 0.9381217 0.62150564375 0.933541153125 0.6116319421874999 0.9405485796875 0.610302790625 0.9530433578124999 0.61891786875 0.9627712046875001 0.626551 0.9596642187499999 0.6286166109375 0.9567955640625
0 0.7741913296874999 0.7688245078125 0.7648058859375 0.7589833125000001 0.7617244203125 0.7585299093750001 0.7552821015625 0.76392716875 0.753777990625 0.77745373125 0.762988475 0.7883267125 0.7676106703125 0.7890068171875 0.7779387265625 0.7746635390625001 0.7741913296874999 0.7688245078125
0 0.7800802921875001 0.8225674546875 0.7740557046875 0.8068756 0.766385953125 0.7962293171875 0.7593116046875 0.786728175 0.7520623000000001 0.7782588171875 0.7468813187500001 0.790186840625 0.755741884375 0.80312339375 0.7610300109375 0.8091891296875 0.7752492312499999 0.8324319109375 0.7800802921875001 0.8225674546875
0 0.7754960484375 0.5469353796875 0.7695447015625 0.5587500546874999 0.7698268078125 0.575712028125 0.7811029046875 0.58371635625 0.789435875 0.576482225 0.7922718515625 0.573726921875 0.7928306375 0.561118790625 0.789012715625 0.5510392640624999 0.7754960484375 0.5469353796875
0 0.8364146203124999 0.467066428125 0.8262249031250001 0.4666246546875 0.8181713265624999 0.4675547171875 0.8130608718750001 0.4837232375 0.7982150546875 0.49211412968749996 0.795695090625 0.5023186359375 0.809666109375 0.49908667031250004 0.821151071875 0.4965464375 0.8306748546874999 0.4916025828125 0.8397076640625001 0.4802413109375 0.84093238125 0.4730188109375 0.8364146203124999 0.467066428125
0 0.8128831984375001 0.461488984375 0.800732303125 0.458643584375 0.793694578125 0.46289570781249995 0.793976684375 0.47985768125000006 0.8010849390624999 0.4798460515625 0.8093134750000001 0.477884203125 0.8100838421875001 0.477997553125 0.8130242515624999 0.46996996874999997 0.8128831984375001 0.461488984375
1 0.45 0.409375 0.45 1 0.5032293046875 1 0.50403435 0.9976862984375 0.5057699203125 1 0.515407921875 1 0.5151327718750001 0.9834563718750001 0.52899935625 0.9854966843749999 0.54023883125 0.9797477453125001 0.552494159375 0.9773208640625001 0.5590097203125 0.9994301359375001 0.5731896046875 0.9856536140625 0.579561396875 0.9760158609375 0.5829900640625001 0.9511396546875 0.5738840140625 0.9349943921874999 0.5799058875 0.9274202125000001 0.5976582078125 0.9205145078125 0.6136243109375 0.9101733921874999 0.6329200796875 0.9267604281249999 0.6528112531250001 0.9444925999999999 0.6826466546875001 0.9594578390624999 0.707123403125 0.9641168468749999 0.6911179656249999 0.9374386578125 0.673329021875 0.9305910953125001 0.6612120359375 0.9182329250000001 0.646747328125 0.8917814359375 0.67556145 0.8568925390625001 0.6890387796875 0.8239771203124999 0.6939742750000001 0.8088403859375 0.6996096078124999 0.789576509375 0.69477583125 0.776174925 0.70237234375 0.7593146734375 0.71021705625 0.7689291671875 0.7316828671875 0.77737526875 0.7363728734375 0.7590298265625 0.7231356015625 0.7486218765625 0.738506296875 0.7371356265625 0.7426036140625 0.7409110875 0.75706560625 0.7440965375 0.7577288234375 0.7262161296875 0.7568852171875 0.698596246875 0.7595096124999999 0.6831194609375 0.75408043125 0.6685727406249999 0.7392319 0.6536975937499999 0.7471783296875 0.6347737718750001 0.7602040234375 0.632460240625 0.7610422 0.6135480453125 0.753931234375 0.5902936359375 0.7544194921875 0.5734450140625 0.7567278734375 0.5505190265625 0.7479378375 0.541822965625 0.7467104046874999 0.5257794265625 0.7417016671875001 0.513409628125 0.7474441484375001 0.5121395125 0.753220534375 0.5013566218750001 0.759276315625 0.4842696703125 0.7562626640625 0.46479072187500003 0.7514994140625 0.45562963125 0.7521626328125001 0.43774922031249996 0.7428816218750001 0.4226357453125 0.732305365625 0.4105042765625 0.7321946765625 0.409375 0.45 0.409375
0 0.7346223890625 1 0.737649846875 0.9982888734375 0.73631798125 0.9875176124999999 0.729243634375 0.9780164703124999 0.72119005625 0.9789465328125001 0.720385784375 0.9883459562500001 0.7219229625000001 1 0.7346223890625 1