0 0.1532084921875 0 0.1472135171875 0.0038055109375 0.1455921984375 0.0237670140625 0.147465853125 0.027840190625 0.16328900156249998 0.0300537875 0.16842946406249998 0.025571335937500002 0.1691220125 0.014029039062500002 0.162957925 0.0049780796874999995 0.16287918437499999 0.003937046875 0.1614527609375 0 0.1532084921875 0
0 0 0.3119517671875 0.0008513421875 0.3145317109375 0.006700468749999999 0.31941854531249997 0.0160526265625 0.318872846875 0.021185029687500002 0.3039346046875 0.014469757812500001 0.2875964234375 0.0037163890625 0.29031513593749997 0 0.2912547265625 0 0.3119517671875
0 0 0.406880603125 0.005206240625 0.4031558265625 0.01236978125 0.3943728234375 0.0026946046875000003 0.38029860625 0 0.380821053125 0 0.406880603125
0 0.0811196421875 0.506425771875 0.07956900624999999 0.5169725125 0.08167888437500001 0.5241687859375 0.09072413593749999 0.5299147515625 0.09540021562499999 0.529641903125 0.098123896875 0.52425484375 0.09702153125 0.5096803999999999 0.0915580484375 0.49954293281249995 0.082520853125 0.504252759375 0.0811196421875 0.506425771875
0 0.4645715390625 0 0.457952615625 0.0034495187500000004 0.45484328749999997 0.014087209375000001 0.4590630390625 0.028479754687499997 0.4709107171875 0.029879693750000002 0.47535057187499996 0.0264837484375 0.47596438125 0.013900418749999999 0.4711227625 0.0016354140625 0.4687885984375 0 0.4645715390625 0
0 0.5847275203125 0.065063525 0.5766271515625 0.0718099390625 0.5763202484375001 0.078101603125 0.578666346875 0.08842096875 0.58295678125 0.0933987546875 0.5933245046875 0.0959306765625 0.6008030062499999 0.09131179843750001 0.6039910749999999 0.081715140625 0.6023455828125 0.0703092671875 0.595717109375 0.0654679078125 0.5847275203125 0.065063525
1 0.6390625 0.709375 0.6390625 0.1745361828125 0.6243972859375 0.16522015625 0.6007726156250001 0.153005515625 0.58206024375 0.1436411234375 0.565292209375 0.1289351453125 0.54073876875 0.1251397078125 0.5248368796875 0.12188508125 0.5089976140625 0.0987599 0.49465441875 0.095414321875 0.474698315625 0.0903050046875 0.46876239062499997 0.073921346875 0.45208115624999995 0.0707121921875 0.44211519062500004 0.08384122031249999 0.43073995624999994 0.088687471875 0.41405872187500004 0.0854783171875 0.4057221328125 0.0891016359375 0.4001879671875 0.0883789296875 0.38031060625 0.08431064218749999 0.3580952046875 0.08037878125 0.3549697609375 0.0701048890625 0.3440589125 0.07074153749999999 0.33573038125 0.0848206484375 0.3252839171875 0.0812476953125 0.3072802109375 0.0812525875 0.29957354375 0.093204159375 0.29585040937499996 0.11642517968749999 0.27800418437499996 0.11851213281249999 0.27113948906249996 0.11054767812499999 0.2564893890625 0.11349376562499999 0.246507309375 0.1057112109375 0.2310778625 0.10870277187499999 0.2220648421875 0.144779971875 0.2052341828125 0.1499445453125 0.19159965 0.1559682515625 0.1929382375 0.17366578906250002 0.18756961249999998 0.1854809375 0.1960171734375 0.22472181562500002 0.1890898546875 0.23662791093750002 0.184492515625 0.23794179375 0.1857523640625 0.2545983015625 0.16691474374999998 0.2849750078125 0.1602317046875 0.3104599921875 0.14332230625 0.314583534375 0.14037851875000001 0.33775908125 0.1295705828125 0.37080413437500004 0.13341275 0.400903103125 0.1167315125 0.3976939484375 0.1107571375 0.4325482171875 0.1262027015625 0.4504682390625 0.1277775109375 0.471288871875 0.124062434375 0.504965684375 0.1101997375 0.5183220875 0.1095859296875 0.530905415625 0.1202766734375 0.5480572546875 0.1280943125 0.57896988125 0.11530980937499999 0.5755333546875 0.103470190625 0.5845892046875 0.10442313437499999 0.6075373765625 0.12165555312500001 0.6180337515625001 0.1327319421875 0.6299349578125 0.12112854375 0.642113903125 0.1085095796875 0.6512152312499999 0.098991884375 0.6392230750000001 0.0809881765625 0.6392279656250001 0.086467775 0.670277015625 0.094741740625 0.6865242484375 0.0853189 0.6964847062499999 0.06973197343750001 0.6973942046875 0.06051410625 0.709375 0.10821801718749999 0.709375 0.106361253125 0.695256884375 0.11617779531250001 0.6905015828125001 0.12740360625 0.6940290625000001 0.14876897656250002 0.7074211578125 0.1492592484375 0.709375 0.6390625 0.709375
0 0.71228095 0.0243525921875 0.7049679859375 0.0415093234375 0.7185398953125001 0.055356167187500006 0.7295214265625 0.045304759374999996 0.723734925 0.0205473734375 0.71228095 0.0243525921875
0 0.811990778125 0.05931394062499999 0.8212561359375 0.04727141875 0.8121240859375 0.030028628125 0.7943565984375 0.0331566140625 0.798426928125 0.0559228859375 0.811990778125 0.05931394062499999
1 0.6390625 0.709375 1 0.709375 1 0.19815786562499998 0.9852598515625001 0.176770075 0.9300515078125 0.1402576890625 0.8915485734375 0.13832183125 0.8700176625000001 0.11239188124999999 0.85575320625 0.110087334375 0.8421893562499999 0.10669628125 0.8298772937500001 0.10950594218750001 0.817478434375 0.10081878124999999 0.806654384375 0.11295225312499999 0.7796054234375001 0.10721117656250001 0.751478271875 0.11826303281249999 0.7351119984375 0.11921800468749999 0.7316877093749999 0.1256915703125 0.704331846875 0.12624216093750001 0.70502439375 0.1146998609375 0.6885006390624999 0.11357277031249999 0.674708625 0.1175144140625 0.6595154 0.12362907031249999 0.65820904375 0.1477546984375 0.6639087484374999 0.16101526093750002 0.6533916015625 0.16685706875 0.6390625 0.18163472812499998 0.6390625 0.709375
0 0.36641508125 0.7217050703125001 0.360172253125 0.7116130796875 0.348490115625 0.72275099375 0.3527098671875 0.7371435390625 0.35645717656250003 0.745289890625 0.367131803125 0.741530146875 0.370634834375 0.7360976140625 0.36641508125 0.7217050703125001
0 0.35933212187499997 0.8350459859375 0.3534123125 0.8395739140625 0.352877246875 0.8531982750000001 0.3675354046875 0.8607079796875 0.376178896875 0.850792996875 0.37445466562499996 0.8383460921875001 0.370242971875 0.8344093390625 0.35933212187499997 0.8350459859375
0 0.44365279375 0.925277853125 0.43896865781249994 0.9150949109375001 0.427199721875 0.9147360031249999 0.4191780953125 0.9225234468749999 0.4258933671875 0.93886163125 0.433923053125 0.9415299765625 0.4435821125 0.9346926140624999 0.44365279375 0.925277853125
0 0.5566016140625 0.8454934546875 0.5510048234375 0.8646412984375 0.5610656453125 0.8734648843749999 0.5723701953125 0.8780333953125 0.569630396875 0.8625088703125 0.565646865625 0.8512394203125 0.5566016140625 0.8454934546875
0 0.6917595140625 0.887146565625 0.6877133609375 0.8957476671875 0.6920037953125 0.90072545 0.6993328734375 0.9044803046875 0.7047882984375 0.9041619796875 0.7097712796875 0.8975974656249999 0.70999944375 0.89026476875 0.7082045296875 0.8872326234375001 0.7030560078125 0.8812592828125 0.6931607265624999 0.88497355 0.6917595140625 0.887146565625
0 0.665070034375 1 0.66479919375 0.9964191953124999 0.6590288078125 0.9925733937500001 0.6540377671875001 0.9886821140625 0.652400334375 0.9877320328125 0.6446856109375 0.9892278140625 0.6406394578125 0.997828915625 0.640803671875 1 0.665070034375 1
0 0.73209438125 1 0.7314373390625 0.9977589890624999 0.726210078125 0.9907446156249999 0.7230926921874999 0.9909265156250001 0.7199753062500001 0.9911084156250001 0.7107018890625 0.9926951453124999 0.7062620328125 0.9960910890625 0.7046536484375 1 0.73209438125 1
1 0.921061403125 0.709375 0.9202940359374999 0.7106938859375 0.9227269312499999 0.732510075 0.9200032484375 0.7378971328125 0.9250023468749999 0.7522442015624999 0.9189331140625001 0.7651458546875001 0.9131001031249999 0.781170603125 0.900394340625 0.7787751078125 0.885114315625 0.773392940625 0.8749908718749999 0.7844399046875 0.8816354609375001 0.8101928484375 0.88110039375 0.823817209375 0.8729454609375 0.860889965625 0.8629875546875001 0.8844747843749999 0.8520847640625 0.895567225 0.8443942140624999 0.9284303796875001 0.8340345484375 0.9363542499999999 0.8314683453124999 0.9438233703125001 0.8233760359375 0.9610255765625 0.8116858406249999 0.9617077 0.8052229078125 0.96940419375 0.805073484375 0.9777779234375 0.8015738546875 1 1 1 1 0.709375 0.9859090203124999 0.709375 0.9845941406250001 0.712170103125 0.975399465625 0.7147978640625 0.96797483125 0.709375 0.921061403125 0.709375