0 0.0245807703125 0.337485471875 0.0139648328125 0.3387549359375 0.0073400390625 0.343827771875 0.002300628125 0.35773094843750003 0.014775409375000001 0.3606727234375 0.020220109375 0.3577284421875 0.0299294140625 0.3539684359375 0.031565275 0.3441413796875 0.0245807703125 0.337485471875
0 0.119471440625 0.39050084531249996 0.1200183625 0.38126264375 0.11915730625000001 0.37800225 0.10672810156250001 0.374290625 0.09942455781250001 0.37302366875000004 0.09665418125 0.38420943125 0.0972417765625 0.3920889265625 0.10758425625000001 0.3954385625 0.1149333765625 0.3959356703125 0.119471440625 0.39050084531249996
0 0.1255086390625 0.3775485140625 0.12918564999999999 0.36885329375000003 0.12560469375 0.35812126875 0.1214768171875 0.35662744218750003 0.1068697328125 0.35409352968749996 0.0962993703125 0.35459314375 0.09489139375 0.36057095 0.0965679296875 0.36786158750000003 0.10672810156250001 0.374290625 0.11915730625000001 0.37800225 0.1255086390625 0.3775485140625
0 0.41508186875 0.3647829546875 0.425561078125 0.3658230421875 0.4308690484375 0.3651883109375 0.4355438453125 0.3574439359375 0.43568057656250003 0.3551343859375 0.43613634375 0.3474358859375 0.42171156718749997 0.3418225734375 0.40719563281250004 0.337748959375 0.3995730546875 0.34187095312500004 0.39793719375 0.35169801093749997 0.4047393921875 0.36143331875 0.41508186875 0.3647829546875
0 0.4342319234375 0.34399449843749996 0.42942529843750005 0.3361608796875 0.4244819421875 0.330636809375 0.4194930125 0.32588259218750004 0.41087264375 0.329053740625 0.40633457812499996 0.33448856562499996 0.408917746875 0.3442697484375 0.41399783125 0.347484265625 0.4254748265625 0.3494751984375 0.4342319234375 0.34399449843749996
1 0.4390625 0 0 0 0 0.1508763390625 0.0059859828125 0.15304258906249998 0.016369134375 0.173509921875 0.0125098171875 0.185284540625 0.004887237500000001 0.1894065359375 0.005429257812499999 0.198055878125 0.02316643125 0.201132771875 0.0336000625 0.2029427109375 0.040447839062500004 0.2119081671875 0.055688096875 0.221551725 0.091567734375 0.23866440781249998 0.091294271875 0.24328350625 0.089025240625 0.24600091875 0.1075323171875 0.2538779078125 0.10693981875 0.2638859578125 0.0999504125 0.2751175953125 0.1131039421875 0.2843991640625 0.1336114953125 0.276290296875 0.1475805046875 0.2896021109375 0.147894640625 0.302100703125 0.16417826093750001 0.31192525625 0.177063234375 0.30793837968750004 0.1864128265625 0.2924496296875 0.2000221265625 0.2940326984375 0.2066924953125 0.2881900109375 0.2249261125 0.30068609999999996 0.23681329843749999 0.29574838125 0.2539628765625 0.29094578125 0.27868455625 0.3006785828125 0.268068615625 0.30194804375 0.2661592953125 0.3163942015625 0.2814451296875 0.3252679078125 0.29256241250000004 0.3155300953125 0.2977336515625 0.3172049125 0.297414615625 0.3225938640625 0.31260929531250004 0.3330072703125 0.3487672953125 0.327613309375 0.35611641562499996 0.328110415625 0.3651013953125 0.3187804640625 0.34455316874999997 0.3097716390625 0.36360716718749997 0.308410428125 0.387513365625 0.3141129828125 0.41377975312500004 0.315558428125 0.421898775 0.3208556296875 0.4390625 0.3168934609375 0.4390625 0
0 0.4390625 0.094343609375 0.44919850781250004 0.092404815625 0.449654275 0.084706315625 0.4406286203125 0.076918571875 0.4390625 0.07673002343749999 0.4390625 0.094343609375
0 0.4390625 0.108165965625 0.4440223671875 0.108617540625 0.46198742499999995 0.10784518437499999 0.46620645625 0.10779931093749999 0.48331045625 0.1037665609375 0.4868507359375 0.0973808921875 0.48190738125 0.0918568234375 0.4632635734375 0.086289384375 0.448018415625 0.09453337187500001 0.4390625 0.09937638125 0.4390625 0.108165965625
0 0.50469523125 0.20547350312499998 0.5137208859375 0.213261246875 0.522204521875 0.21239964687500001 0.5257903781250001 0.205244128125 0.5283328703125 0.1979076140625 0.521302790625 0.192021559375 0.5118669453125 0.19116246406249998 0.5043810953125 0.192974909375 0.5008408156249999 0.19936057812500002 0.50469523125 0.20547350312499998
0 0.5718105796875 0.3003360265625 0.572307021875 0.30975522031249997 0.576252590625 0.31432844531250004 0.5855517078125001 0.3174970890625 0.598254371875 0.3165896140625 0.6006145593750001 0.3123325015625 0.60565396875 0.2984293265625 0.593589378125 0.2885589 0.5851968968750001 0.2878808015625 0.57439865 0.2922296640625 0.5718105796875 0.3003360265625
0 0.6531782046875 0.368116175 0.6535428171875 0.3619573734375 0.651911859375 0.3538968859375 0.6350357421874999 0.3540803859375 0.6304520984375 0.3602850609375 0.6299507531249999 0.3687534109375 0.6411542875 0.3753634421875 0.6507268640625 0.3739129875 0.6531782046875 0.368116175
0 0.7711761390625 0.509375 0.7713173937500001 0.50916218125 0.7707753734375 0.5005128375 0.7647886546875 0.49480777500000006 0.76923556875 0.49091265 0.7566240578125 0.4902804234375 0.7490014765625 0.4944024171875 0.7445545625 0.49829754375 0.745278890625 0.5038674859375 0.7492989078125 0.509375 0.7711761390625 0.509375
0 0.7766758406250001 0.4898700546875 0.7800744906249999 0.50368148125 0.7872413015624999 0.5072579875 0.7940939796875 0.4983359 0.8039400156250001 0.49226634375 0.8046236671875 0.48071859375 0.8051705859375 0.47148039218750004 0.7894745625 0.46953533593749996 0.780763040625 0.4742461859375 0.7761793984375001 0.4804508625 0.7766758406250001 0.4898700546875
0 0.699061675 0.465517621875 0.6952984140625 0.457864996875 0.6838669953125001 0.4551042140625 0.675064321875 0.461354765625 0.6654005921875 0.464344921875 0.6521054296875001 0.475260446875 0.6342722000000001 0.491610796875 0.6576819578124999 0.48789416093750004 0.673742596875 0.483680415625 0.6792328734374999 0.479966284375 0.6824996921875 0.4781997171875 0.6953846640625001 0.474212840625 0.699061675 0.465517621875
0 0.980597234375 0.4816902515625 0.967079090625 0.47856748437499996 0.9583675718750001 0.4832783328125 0.95591623125 0.48907514531249996 0.9576839203125 0.494826084375 0.9657117890624999 0.501662984375 0.9771887843750001 0.503653915625 0.9890759703124999 0.49871619687499996 0.9887162578125 0.48698745312499997 0.980597234375 0.4816902515625
1 1 0 0.5016921578125 0 0.5033411734375 0.0146883203125 0.5061929015625 0.0377379453125 0.50373175625 0.079309846875 0.5048564703125 0.11372622968749999 0.51242366875 0.146149175 0.518861253125 0.1620432828125 0.5277908531250001 0.189258271875 0.5406253453125001 0.20392879062499997 0.5496965781250001 0.210946684375 0.5594921359375 0.223534521875 0.5570407968750001 0.2293313359375 0.5658841453125 0.24019848124999998 0.5908792843749999 0.24531217968750002 0.600538109375 0.26020956875 0.5953619703124999 0.27642229375 0.604114165625 0.2888291390625 0.6138185671875 0.30295667656249997 0.6183061578125 0.316179246875 0.6049198406249999 0.328634471875 0.592845446875 0.35453913593749997 0.5667922359374999 0.4029070734375 0.5922024703125001 0.3832045796875 0.6115804062500001 0.3585668734375 0.6349039125 0.338502390625 0.6501441703124999 0.3481459484375 0.6682866328125 0.3621817359375 0.697906090625 0.37820845625 0.7257578609374999 0.38848423906249996 0.750661846875 0.3951376390625 0.7649954734375 0.402290653125 0.7768777546875001 0.415240478125 0.7760117984375 0.4298676296875 0.797512234375 0.4405971484375 0.8034078000000001 0.44784191093750003 0.82132728125 0.44783940468749994 0.8468237640625 0.4444847546875 0.8610711375000001 0.435289925 0.87558706875 0.43936353749999996 0.89876894375 0.43949615 0.9092937265625001 0.4397663859375 0.9135078562500001 0.45760805781249997 0.93877645625 0.4581026578125 0.9502078749999999 0.46086343906250005 0.9615937156250001 0.464394071875 0.9745242656249999 0.45963734531249995 0.9839145328125 0.46126629062499996 0.9987495031249999 0.459950953125 1 0.45975241875000006 1 0
0 0.55322705625 0.24033610468750002 0.5619841515624999 0.2348554046875 0.5582208890625 0.22720277812499998 0.5489217734375 0.2240341359375 0.537262471875 0.225122603125 0.5328611359375 0.228247878125 0.539526603125 0.2402927359375 0.55322705625 0.24033610468750002
0 0.0225614390625 0.948024640625 0.0116720390625 0.953913203125 0.018428659375 0.9644183609375 0.024506531249999998 0.9685837218749999 0.0390680390625 0.9718874859375 0.042653896875 0.9647319671875 0.043200818749999995 0.9554937671874999 0.0225614390625 0.948024640625
1 0.4390625 1 0.4390625 0.563732759375 0.27989825 0.5361222984375 0.2682845265625 0.536440915625 0.24151679375000001 0.543463821875 0.209532246875 0.549581759375 0.1813565390625 0.562582471875 0.152770640625 0.5825118359375 0.12332368593750001 0.599180803125 0.10276565625 0.6259470671875 0.0805310890625 0.6454226921874999 0.0814328203125 0.66580078125 0.074306684375 0.67934196875 0.0655495859375 0.6848226687500001 0.040280984375 0.6843280671875 0 0.687442809375 0 0.6892774453125 0.0224477578125 0.70067841875 0.0408181046875 0.7108649578125 0.0310583171875 0.7332823562499999 0.0488817453125 0.7527070953124999 0.044298103125 0.7589117703125 0.030729478124999998 0.7744463968749999 0.040844071875 0.7816452843749999 0.039117059375 0.7930120421875 0.0287696796875 0.8075499484374999 0.03947186875 0.8226283296875 0.0385147578125 0.8387951812499999 0.037238609374999995 0.8603509812500001 0.038185915625 0.8799592203125 0.052154928125 0.8932710328125001 0.0649894203125 0.9079415515625 0.0809540046875 0.9231550531250001 0.052778296875 0.9361557656249999 0.088662834375 0.935380903125 0.0901114875 0.9465207921874998 0.0958703234375 0.9560751046875 0.1038070359375 0.9644517046875001 0.096230034375 0.9678038484375 0.08211939375 0.9746891312500001 0.08765034375 0.98809269375 0.09931118125 1 0.1407227265625 1 0.1462609890625 0.9951489437500001 0.1489455015625 1 0.4390625 1
0 0.5319583875 0.8929107109375 0.5283784671875 0.907363615625 0.5500686031249999 0.9091164109375001 0.555912715625 0.8954193921875 0.5319583875 0.8929107109375
0 0.597394496875 0.845976234375 0.6020809703125 0.858848309375 0.6189961734375 0.8649164484374999 0.632272953125 0.8550413906250001 0.6205506921875 0.845973446875 0.597394496875 0.845976234375
0 0.6297653984375 0.8053649921874999 0.6091290703125 0.8088196421875 0.587962740625 0.8212267203125 0.5777003921875 0.8335155015625 0.6025582 0.8277783421875 0.623551371875 0.8167248578125001 0.6297653984375 0.8053649921874999
0 0.570407228125 0.7036195359375 0.566009028125 0.708886203125 0.5735686546875 0.719241871875 0.5881052234374999 0.7267881921875 0.6035776796875 0.7228320781249999 0.5903957796875 0.71110670625 0.570407228125 0.7036195359375
0 0.7384458921875 1 0.7395150609375 0.9992608359374999 0.7378196671875 0.9818829890625 0.7210514828125 0.989023465625 0.7132379531249999 1 0.7384458921875 1
0 0.7850092500000001 0.9900690359375 0.7897018375 0.9798288718750001 0.7791512125000001 0.9739789140624999 0.7681294281250001 0.976086675 0.7583736265625 0.9832902078124999 0.7698248718749999 0.9934645312499999 0.7850092500000001 0.9900690359375
0 0.7449684015625 0.9797088390625 0.765609590625 0.9726347421875001 0.7690716515625 0.9601712921875001 0.760163778125 0.9495816625 0.7477937390625 0.9514555421875001 0.736300890625 0.9615209640625 0.731490521875 0.973750596875 0.7449684015625 0.9797088390625
0 0.7314377796875 0.9516329859375 0.739046490625 0.9359794875 0.7247026015625 0.9273513281250001 0.714558009375 0.937650634375 0.708399334375 0.949646375 0.7314377796875 0.9516329859375
1 1 1 1 0.509375 0.6982547078125 0.509375 0.691866278125 0.515664246875 0.6880508296875 0.5340959453125 0.6708704234375 0.54819938125 0.6628334875 0.5689137390625 0.6530949796875 0.59536224375 0.645829828125 0.58003301875 0.617392128125 0.6002230875000001 0.6343896250000001 0.6122159593750001 0.6340362875000001 0.6181842953125 0.6198468828125 0.6277819421874999 0.6233617140625001 0.6374361078125 0.6213068171875 0.6491387468750001 0.6166141828125 0.659378825 0.597208321875 0.6650569046875 0.6047679718750001 0.6754125796875 0.635719390625 0.68178675625 0.62182443125 0.6864108421874999 0.6152535343750001 0.7053695390625 0.6235137296875 0.72690100625 0.6406290015625 0.736904559375 0.646428171875 0.7539893828124999 0.633410353125 0.7668050828125 0.6444848343749999 0.7868148453125 0.6399100484375 0.7950656171875 0.6579613734375 0.8122660156249999 0.6656388265625 0.8206322984375 0.6457618593750001 0.8342680343750001 0.67038410625 0.8325097390625 0.6842140375 0.8519925828125 0.6925330187500001 0.8725293359374999 0.671837803125 0.8769786828124999 0.6762298031249999 0.894824390625 0.703607503125 0.8925390999999999 0.720552353125 0.88241453125 0.7418302671875 0.8911302843750001 0.7463989328125 0.9059918234375001 0.7557779734375 0.90862373125 0.75513019375 0.9195655531250001 0.77153885 0.9415056328125001 0.7868348093749999 0.9592329671875 0.8085776390625 0.9831032859375 0.8349542234375 0.9977281515625 0.8392087125 1 1 1
0 0.5231682140625 0.8803316734375001 0.523687628125 0.8647103937499999 0.5052934734375001 0.860147171875 0.4938595171875 0.869217896875 0.5090965609375 0.8879399234375001 0.5231682140625 0.8803316734375001