0 0 0.20510504218749998 0.0049386046875 0.20883515312499998 0.017020196874999997 0.2111126515625 0.0208294078125 0.21343877187500002 0.038081242187499996 0.21568588281249998 0.0454285734375 0.2148598640625 0.051688759375000004 0.2069947125 0.042983193749999996 0.19530334062500002 0.0316645625 0.18754150625 0.0250801921875 0.182883190625 0.0058133593749999995 0.18769344375000002 0.00216624375 0.1916290578125 0 0.1943506765625 0 0.20510504218749998
0 0.073853740625 0.129363690625 0.066232525 0.13958534843749998 0.0662856234375 0.146630559375 0.076897190625 0.1520480421875 0.0906668 0.1496186046875 0.09551285625 0.1370647484375 0.09284669062499999 0.1339490765625 0.087078378125 0.130851634375 0.073853740625 0.129363690625
1 0.36875 0.3390625 0.36875 0.1312275671875 0.348256578125 0.13244793125 0.33274305625 0.147412990625 0.2998156078125 0.1538692046875 0.276521578125 0.15792029375 0.25714575 0.1635140234375 0.23020740156250002 0.156626828125 0.213335646875 0.159074496875 0.2150739609375 0.17628666875000001 0.22889666718749999 0.18090244375 0.230799871875 0.1895024515625 0.20206171562500003 0.20297956718750002 0.1886190890625 0.20305857500000002 0.17544755 0.208615840625 0.15155544999999998 0.2095390984375 0.145130371875 0.22601641562500002 0.14844770625 0.239305128125 0.168421603125 0.23683922656249998 0.1566082984375 0.25491388125 0.1656408453125 0.26425482499999997 0.162753890625 0.27758000312500003 0.1503453140625 0.27765293281250003 0.145664146875 0.281594625 0.1279204390625 0.29031010625000003 0.1260116359375 0.31145789375 0.12323367656249999 0.32399959375 0.1226670953125 0.3390625 0.36875 0.3390625
0 0.1844409953125 0.1365420828125 0.1911874578125 0.1474621328125 0.20691616875 0.14580401875 0.21774852500000003 0.13478065 0.2167703734375 0.1269580390625 0.2102949984375 0.121516246875 0.1983224 0.118455271875 0.18563993437499998 0.1279238421875 0.1844409953125 0.1365420828125
1 0.36875 0.3390625 1 0.3390625 1 0 0.5598904515625 0 0.55818711875 0.006842326562499999 0.556770190625 0.0170275203125 0.5519241328125 0.0295813765625 0.5449568828125 0.0351021765625 0.5342894171875 0.03751338125 0.534672296875 0.027334264062500002 0.531190071875 0.022657715624999998 0.5198155421874999 0.02272456875 0.513228375 0.03294015 0.5153495671874999 0.03997320625 0.49815083125 0.0447713046875 0.49216173125000007 0.058114715625 0.49700218906250004 0.0753086546875 0.4980893359375 0.0823477875 0.48720388281249993 0.0863259453125 0.46826403125000005 0.0887857703125 0.4562355375 0.0935534796875 0.4569956984375 0.10294304375 0.44730638593750005 0.1131768578125 0.443712365625 0.12415768437500001 0.4330979984375 0.1336140984375 0.43396715781250006 0.142220184375 0.42552987968749995 0.15088096875 0.416329640625 0.1650260890625 0.403378890625 0.154142503125 0.39205745937500003 0.161254565625 0.3865043390625 0.1714640703125 0.3792073046875 0.194209196875 0.3768094265625 0.2114456796875 0.3776226859375 0.2278804515625 0.3837710796875 0.235672675 0.3862723546875 0.2474005125 0.3877954796875 0.25130573906250003 0.3765299421875 0.250589115625 0.36875 0.2628950578125 0.36875 0.292590890625 0.369392203125 0.294469875 0.36875 0.2961663578125 0.36875 0.3390625
0 0.481608859375 0.029994646874999996 0.4723024265625 0.030049345312499996 0.458096840625 0.035612687500000004 0.45129168125 0.047395221875 0.456733009375 0.05284309375 0.477903046875 0.056632846875 0.4875923609375 0.046399032812500005 0.481608859375 0.029994646874999996
0 0.433754765625 0.1140393421875 0.43898090156249997 0.1061802671875 0.43577256093749994 0.092108078125 0.418520728125 0.0898609671875 0.41307660156250003 0.0992869953125 0.41367467187500007 0.10241482187499999 0.41432583906250003 0.1125878625 0.4210192046875 0.1164627015625 0.433754765625 0.1140393421875
0 0.3786176328125 0.1464596765625 0.386454040625 0.1495449609375 0.3961964515625 0.1463563578125 0.40555878125 0.13847297187500002 0.3991923984375 0.1322477046875 0.39364207812499996 0.127583309375 0.38319260312500003 0.1284275625 0.37589836875 0.136298790625 0.3786176328125 0.1464596765625
0 0 0.3390625 0 0.3560156484375 0.0023030703124999998 0.35795110937499997 0.007417415625 0.3657494109375 0.027117428125 0.3726791484375 0.0330506296875 0.367164425 0.021734796875 0.34452869218750004 0.0162055890625 0.3390625 0 0.3390625
0 0.07486804062499999 0.5493194046875 0.0701868765625 0.5532610968749999 0.0640356859375 0.560342771875 0.08063355312500001 0.56729074375 0.09750530625 0.5648430734375001 0.10033636562499999 0.5593465828124999 0.0924468609375 0.5492160859374999 0.08656955625 0.546902121875 0.07486804062499999 0.5493194046875
0 0.0918878921875 0.627502959375 0.102231171875 0.6125682859375 0.095375715625 0.6024317109374999 0.07561980625 0.6033306609375 0.06315533281249999 0.611232278125 0.0584182703125 0.6230026578125 0.06097544218749999 0.62690180625 0.070988940625 0.6291914625 0.0875337109375 0.6290942218750001 0.0918878921875 0.627502959375
0 0.18734170625 0.65434119375 0.176403153125 0.6512741421875 0.160347459375 0.6552826859375 0.158332459375 0.6623400515625001 0.157242515625 0.670174815625 0.1707941375 0.66931233125 0.18728580781249998 0.66216988125 0.18734170625 0.65434119375
1 0 1 0.36875 1 0.36875 0.6570158156250001 0.3608438015625 0.6548871249999999 0.3509365 0.6666878921875 0.3142557390625 0.6629893015625 0.29732808906249997 0.67326565625 0.29367817343749997 0.69207516875 0.285732771875 0.6897733609375 0.2681036546875 0.6679575703125 0.24355758593750002 0.6735816874999999 0.2486160328125 0.6892086734375 0.2395806875 0.6947416296875 0.23098411875 0.6822667812500001 0.20312071406249999 0.6746021859375 0.1905472453125 0.6832872796875 0.18738920625 0.6911341999999999 0.1437942921875 0.70000161875 0.138839240625 0.713338953125 0.12305743437500001 0.70795185625 0.1121747796875 0.6970561156249999 0.092309875 0.6987385421875001 0.0781070875 0.6894279859375001 0.05628308125 0.6903390921874999 0.0474098265625 0.70213378125 0.03265926875 0.7116145062499999 0.009197546875 0.7391516546875 0 0.7439092140625 0 1
1 1 1 1 0.5141713640625 0.9992467625 0.513937653125 0.9891773687499998 0.519476684375 0.9843341109375 0.51715664375 0.9977236390625001 0.510032425 0.9930452734374999 0.4991002203125 0.988202015625 0.49678017812499997 0.9738343359375001 0.4960817875 0.9646899953125001 0.50239821875 0.9616409499999999 0.5094616609375 0.9633820625 0.5117999359375001 0.9465103078125001 0.51424760625 0.946183325 0.5165980343750001 0.9347026015625 0.502574465625 0.9182109281249999 0.5097169171875 0.9235963593750001 0.522993475 0.912003840625 0.5246272796875 0.8984522187499999 0.5254897640625 0.8926839093750001 0.5223923234375001 0.8842494312500001 0.516179209375 0.867757759375 0.523321659375 0.8598123578125 0.5210198515625 0.8539909484375 0.5108771984375 0.84512049375 0.5077979906250001 0.842074246875 0.4999875359375 0.826890509375 0.49772826875 0.8203592359375002 0.5001151640625 0.810669921875 0.5103489781249999 0.8102870421875 0.5205280953125 0.80130479375 0.5331062609374999 0.7891142046875 0.5316122375 0.773223403125 0.52700861875 0.7550493125 0.5091102109375 0.733555090625 0.49279698750000006 0.7272949046875 0.500662140625 0.7424758453125 0.5177953046875 0.754825725 0.540424959375 0.7578719734374999 0.5482354140625001 0.7371910093749999 0.5483569640624999 0.7218982765625 0.546881175 0.701488403125 0.5524809828125 0.679172521875 0.5643546796875001 0.6672530203125 0.5683389156249999 0.6599056890625 0.5691649328125 0.6617585953124999 0.5558458328125 0.6463568671875001 0.55515351875 0.6372125265624999 0.5614699515625 0.6344345671875 0.574011653125 0.6465161593750001 0.5762891515625 0.6503253703125 0.5786152703124999 0.6417790999999999 0.5880595312500001 0.63943711875 0.5974673265625 0.638020190625 0.6076525203124999 0.6331741328125 0.6202063765625001 0.6262068828125 0.6257271765625 0.6155394171874999 0.62813838125 0.615922296875 0.6179592640625 0.6124400718749999 0.613282715625 0.6010655421875001 0.61334956875 0.594478375 0.6235651499999999 0.5965995671875 0.63059820625 0.57940083125 0.6353963046875 0.57341173125 0.648739715625 0.5782521890625001 0.6659336546875 0.5793393359375 0.6729727875 0.5684538828125 0.6769509453125 0.54951403125 0.6794107703125001 0.5374855375 0.6841784796875 0.5382456984375 0.69356804375 0.5285563859375 0.7038018578124999 0.524962365625 0.714782684375 0.5143479984375 0.7242390984375 0.5152171578125 0.732845184375 0.5067798796874999 0.7415059687500001 0.497579640625 0.7556510890625 0.484628890625 0.7447675031250001 0.4733074593750001 0.751879565625 0.46775433906249997 0.7620890703125001 0.4604573046875 0.784834196875 0.4580594265625 0.8020706796875 0.45887268593749997 0.8185054515625 0.4650210796875 0.826297675 0.46752235468750003 0.8380255125 0.46904547968750004 0.8419307390625 0.45777994218749996 0.8412141156249999 0.449831740625 0.8537862031250001 0.4471096796875 0.8584992187499999 0.44770495156249995 0.87650094375 0.450642203125 0.8850948750000001 0.44737516718750003 0.893725271875 0.44960255781249997 0.9148487484375 0.4461706296875 0.9320913078124999 0.454278125 0.9406548515625002 0.45873850000000005 0.9531540093749999 0.46771514999999997 0.9703236390625001 0.47310058125000004 0.9836001968750001 0.47571085156250004 0.9945445578125 0.474951909375 1 1 1
0 0.7629584109375 0.415123421875 0.764861615625 0.42372343125 0.7830385046874999 0.426747940625 0.79321689375 0.4204254328125 0.7974620812500001 0.4196176453125 0.8120477484374999 0.418749084375 0.81438973125 0.4093412890625 0.8100914453125 0.4031038640625 0.794636621875 0.395366340625 0.7848439109375 0.376635834375 0.7776586734375 0.38372358906250004 0.788594425 0.40166453906250005 0.7818451625 0.40561838593750005 0.7710687046875 0.4088130671875 0.7629584109375 0.415123421875
0 0.662001775 0.42041380000000006 0.6763694546875 0.421112190625 0.684479746875 0.4148018359375 0.6858966765625001 0.40461664218750004 0.6792033125 0.400741803125 0.6621135687499999 0.404756425 0.65939150625 0.40946943906249994 0.662001775 0.42041380000000006
0 0.815583071875 0.43047084375000005 0.80170446875 0.4336837578125 0.8000695515625 0.4454359046875 0.8009918062499999 0.46108720000000003 0.8086102234375 0.4657394390625 0.814107446875 0.46335862343750006 0.8165584234375001 0.4531673515625 0.8183023359374999 0.4406317265625 0.815583071875 0.43047084375000005
0 0.562858859375 0.620619646875 0.5535524265625 0.6206743453125 0.539346840625 0.6262376875 0.53254168125 0.638020221875 0.537983009375 0.6434680937499999 0.559153046875 0.647257846875 0.5688423609375001 0.6370240328125 0.562858859375 0.620619646875
0 0.515004765625 0.7046643421875001 0.5202309015625 0.6968052671875 0.5170225609375001 0.682733078125 0.499770728125 0.6804859671875001 0.49432660156249997 0.6899119953125 0.49492467187500006 0.693039821875 0.4955758390625 0.7032128625 0.5022692046875 0.7070877015624999 0.515004765625 0.7046643421875001
0 0.45986763281250004 0.7370846765625 0.467704040625 0.7401699609375 0.47744645156250004 0.7369813578125 0.48680878125 0.729097971875 0.48044239843750003 0.7228727046875 0.474892078125 0.718208309375 0.464442603125 0.7190525624999999 0.45714836875 0.726923790625 0.45986763281250004 0.7370846765625
0 0.3814672578125 0.60994321875 0.38451350624999997 0.617753675 0.3929479828125 0.6239667890625 0.4050854734375 0.6184156 0.40617541875 0.6105808359375 0.404870284375 0.6051086546875 0.3965448015625 0.5981120640625 0.3856593484375 0.6020902218749999 0.3814672578125 0.60994321875
0 0.3760985390625 0.7970725453124999 0.37495269531250003 0.812735996875 0.384530215625 0.8181595578125 0.3924225203125 0.8134161562500001 0.41250541093750004 0.810166778125 0.4063570203125 0.8023745546875001 0.4029837890625 0.7969145296875 0.393733253125 0.7891405390624999 0.38110668593749997 0.7907804234375 0.3760985390625 0.7970725453124999
0 0.36875 0.9043024734374999 0.36932968437499997 0.9051436781250001 0.381900353125 0.9113324828125 0.3912067875 0.911277784375 0.404434221875 0.8978918328125001 0.4044901171875 0.89006314375 0.402858 0.8869413937499999 0.39649161875 0.880716125 0.3831579890625 0.8800116562500001 0.37259951875 0.8816393843749999 0.36875 0.8855908781250001 0.36875 0.9043024734374999