0 0.397814609375 0.0815478234375 0.3961866265625 0.076054703125 0.3875107 0.0642758578125 0.3766707859375 0.0626906390625 0.37146922656250003 0.0661340015625 0.3683125625 0.0719784265625 0.367061828125 0.0812545984375 0.3695435171875 0.09212760625000001 0.37645248750000004 0.099444021875 0.3849695609375 0.10068954999999999 0.3900321515625 0.098276871875 0.397814609375 0.0815478234375
1 0 0.609375 0.41875 0.609375 0.41875 0.1811690734375 0.4176880140625 0.180095890625 0.41625854375 0.167274740625 0.40400904375 0.1644323765625 0.398767721875 0.1447477328125 0.3969213390625 0.135018640625 0.4035920328125 0.12653507656250002 0.388801296875 0.1191170484375 0.3833813390625 0.11832443749999999 0.37238257343750003 0.106205903125 0.36182060312500003 0.1025593109375 0.359477884375 0.09065561718750001 0.3504644703125 0.0872354875 0.347387234375 0.098346571875 0.3435952625 0.1030470796875 0.33444287968749997 0.10065763593749999 0.34264225000000004 0.080836528125 0.3362097375 0.0641307109375 0.3214984265625 0.061979343750000006 0.31143279375 0.0605073546875 0.3016649828125 0.06853799687499999 0.3000568796875 0.0746088828125 0.2930883625 0.07358981249999999 0.2891375390625 0.0677570046875 0.2904478203125 0.0521834875 0.293664028125 0.04004171875 0.274684290625 0.051980259375000004 0.2549103890625 0.0522415703125 0.2413307265625 0.053408717187499996 0.227532665625 0.050339893749999996 0.23060990312500002 0.039228809375 0.2174471515625 0.037303901562500005 0.21516397656250003 0.0191028625 0.200869578125 0.013859435937500001 0.1861781484375 0.0232720703125 0.1768272515625 0.02821065625 0.157768084375 0.034882540625 0.14031702343750002 0.0354835390625 0.134698553125 0.0420189609375 0.12111888906249998 0.043186109375 0.11002091562500001 0.0552262671875 0.0977912953125 0.0639479046875 0.08246455781249999 0.072216625 0.066701025 0.072013396875 0.0453190234375 0.07834559062499999 0.026120885937499998 0.08604816093749999 0.00952353125 0.09202904843750001 0 0.1015964375 0 0.609375
0 0.05345875 0.023832471875 0.046410807812499996 0.0175467453125 0.0367620875 0.0129826984375 0.02637885 0.0314334296875 0.030349553125 0.0488302421875 0.03690115625 0.052941368749999995 0.0507587625 0.0497128484375 0.055245587500000005 0.0398589109375 0.05345875 0.023832471875
0 0.8073724859375 0.33164660625 0.801766878125 0.3456646171875 0.8095680906249999 0.3566973046875 0.819494734375 0.351966565625 0.8245398046875 0.348994909375 0.8257543218750001 0.333098265625 0.8185370375 0.3246239328125 0.8073724859375 0.33164660625
0 0.7462477171874999 0.3647481265625 0.7497045 0.3528888328125 0.7489336890625 0.33793833906250004 0.7389136000000001 0.3364730109375 0.73171970625 0.3416033875 0.7300847562499999 0.3537291 0.734732784375 0.36059123125000003 0.7462477171874999 0.3647481265625
0 0.7344524578125 0.342003021875 0.7344290703125 0.328398309375 0.7220966625 0.330304275 0.713758303125 0.3439226515625 0.7174253625 0.358060209375 0.72702501875 0.35575460937500003 0.7323970765625 0.35035781093749996 0.7344524578125 0.342003021875
0 0.60680654375 0.014215973437500001 0.594404084375 0.0235305765625 0.5968332359375 0.0399600640625 0.6072737546875 0.045196320312499996 0.6142107125 0.035082446875 0.6150281875 0.0290195890625 0.60680654375 0.014215973437500001
0 0.5750425546875 0 0.56887501875 0.0061959375 0.5602797203125001 0.014830818749999999 0.557406865625 0.029248465624999997 0.5666795312499999 0.0293680109375 0.57891849375 0.021265978125 0.590970575 0.0007718046874999999 0.591822903125 0 0.5750425546875 0
0 0.6495732140625 0.1379358171875 0.6431267421875 0.144411978125 0.6408378125 0.16138797968750002 0.6491995609375 0.1613743140625 0.660948040625 0.1569099953125 0.6671375765625001 0.1454503375 0.6595933015625001 0.139401146875 0.6495732140625 0.1379358171875
0 0.72165249375 0.1682603203125 0.7226334624999999 0.1609848921875 0.72195609375 0.15223046875 0.71574316875 0.1500854140625 0.6998605359375001 0.1576546 0.6932505703125 0.16534333125 0.6902842703125 0.1735649078125 0.7042049640625001 0.18054657968750001 0.714131609375 0.1758158390625 0.72165249375 0.1682603203125
0 0.6835108078125 0.1824662078125 0.6903543234375 0.1661562671875 0.69133529375 0.1588808359375 0.67701755625 0.1617329484375 0.6620458421875 0.16943534531249999 0.6560198015625 0.17968243281250001 0.652072534375 0.1951794359375 0.6667406484375 0.20350689375000003 0.6785591796875 0.1916339359375 0.6835108078125 0.1824662078125
0 0.6840246828125001 0.19243320625 0.6750089546875 0.19729715781249998 0.6700573265624999 0.20646488437500002 0.676200196875 0.216018578125 0.68423495625 0.21843005624999998 0.687131203125 0.21761711875 0.692830253125 0.2097951765625 0.6909850296875 0.195924040625 0.6840246828125001 0.19243320625
0 0.6924574109374999 0.570793075 0.6982499046875 0.569167203125 0.7025475515625 0.5648497640625 0.7048598687500001 0.561478471875 0.7054204093750001 0.5504321156249999 0.6956338671875001 0.5403455734375 0.6895844390625 0.5369879484375 0.6797278453125 0.53431005 0.675780578125 0.5498070578124999 0.6850766328125 0.5635313125 0.6924574109374999 0.570793075
1 0.41875 0 0.41875 0.609375 0.6481163656250001 0.609375 0.646724790625 0.599963125 0.6416563296875 0.589330071875 0.6541054531249999 0.559002115625 0.6708990015625 0.55156614375 0.67919058125 0.5107383453125001 0.6885099109375 0.48984453749999995 0.6810356890625 0.47638670625 0.6741453953125001 0.46548722812500004 0.6843990296875 0.45833134375 0.6982963359375 0.45170830625 0.7065412515625 0.43189386093750004 0.7056769968750001 0.41074729843749996 0.69993116875 0.39135981875 0.7113526578125 0.389320646875 0.7296410515625 0.38457623750000003 0.7177757390625 0.3692397765625 0.7042754812500001 0.366029028125 0.694652434375 0.3547299171875 0.7017528859375 0.3434034703125 0.689583975 0.3440968625 0.6814791640625 0.349094025 0.6717860671875 0.345203553125 0.6711787499999999 0.3290404890625 0.678793075 0.3276810390625 0.6817593750000001 0.3194594625 0.6818994796875 0.30464217968749996 0.6761770406250001 0.2988594109375 0.6797038765625001 0.2795914796875 0.677438221875 0.26194941875 0.668959640625 0.24216230468750002 0.66629694375 0.23435402968750002 0.6552491078125 0.212954709375 0.6486858015625 0.1996300890625 0.6404875484375 0.198431184375 0.636493503125 0.1867187703125 0.6241610953125 0.1886247328125 0.614211059375 0.1797507625 0.615425578125 0.1638541203125 0.602999728125 0.159564015625 0.6027194031249999 0.14097580625 0.6124591625 0.1238529265625 0.62047053125 0.11265969375 0.6245112421875 0.10335875624999999 0.618368371875 0.09380506250000001 0.6080913453125 0.087356234375 0.6009675046874999 0.08507796875 0.5920452203125001 0.0961379921875 0.5845243359375 0.10369351093750001 0.58176819375 0.089689165625 0.5798529171875 0.083226671875 0.56875841875 0.0828407046875 0.5613776390625 0.07557894062500001 0.568968575 0.060614779687499995 0.5558887484375 0.061174959375000004 0.5394922390625 0.0587771484375 0.535077759375 0.0432938078125 0.5232358406250001 0.0415620578125 0.5172564625 0.030795792187499997 0.5067458890625 0.032968178125 0.49803376093749996 0.021802278124999998 0.4837860796875 0.017245746875000002 0.47631185781249996 0.0037879140625000003 0.46372251406250004 0.0007103796875 0.45578119843750003 0.0044949734375 0.45170156875 0 0.44696890468749995 0 0.4405525453125 0.007213871875 0.429621540625 0.0056153296875 0.42899547031249996 0 0.41875 0
0 0.0845831015625 0.6382884734375 0.0730879984375 0.623995334375 0.0628238484375 0.629851375 0.060242949999999997 0.6431370609375 0.063558465625 0.6478259546875 0.074815290625 0.6463191171875 0.0845831015625 0.6382884734375
0 0.21114861718750003 0.9058863781250001 0.20572866093750003 0.9050937687499999 0.20003076250000001 0.9063625296875 0.19850208593750002 0.9177000734374999 0.20070583281249998 0.9306344531249999 0.2053515109375 0.93131383125 0.2136501890625 0.9283233890625 0.21609211718750002 0.9160683890625 0.21114861718750003 0.9058863781250001
0 0.2780143 0.790594709375 0.2707877234375 0.8032010171875001 0.2759496203125 0.8176190015625 0.29608088593750004 0.8205629812499999 0.30330746406250003 0.8079566734375 0.30616630312500004 0.7926096171875 0.29552490625 0.783696365625 0.2780143 0.790594709375
0 0.6706120515625 0.6648090765625 0.686018215625 0.6618070171875 0.6842909234375 0.6394832359375 0.6763297328125001 0.6341149625 0.6667803187500001 0.6463815796875 0.6608243609375 0.6612757171875 0.6643582703125 0.67020058125 0.6706120515625 0.6648090765625
0 0.6745234078125 0.770481946875 0.6799234843749999 0.7597105531249999 0.6790498968750001 0.742766659375 0.6715254984375 0.7458703343749999 0.6642790421875 0.7469126359375 0.6618371140624999 0.7591676359375 0.667832834375 0.76740150625 0.6745234078125 0.770481946875
0 0.6370407796875 0.9489270578125 0.645418884375 0.9512032703125 0.6554845171875 0.9526752593750001 0.662075784375 0.9389250390624999 0.6614205953125 0.92621711875 0.6536778 0.9250848203125 0.64784093125 0.9273842671875 0.6398996218749999 0.9335799999999999 0.635055428125 0.9402286484375001 0.6370407796875 0.9489270578125
0 0.69436326875 1 0.6942581359375 0.9930287671875 0.6891161218749999 0.9901747859375 0.681512296875 0.9880118015624999 0.6689848546875 0.987230809375 0.6727967078124999 0.9940943046875 0.6746912171874999 1 0.69436326875 1
0 0.461695853125 0.7561743796875 0.466222440625 0.7694484484374999 0.47916679687499997 0.767137384375 0.4857580625 0.7533871624999999 0.4862146390625 0.7324337562500001 0.4846660796875 0.7322072953125 0.47803505 0.7228295109375 0.46989522499999997 0.736353271875 0.46912094531250004 0.736240040625 0.461695853125 0.7561743796875
0 0.5717032843750001 0.8479343984375 0.578115915625 0.853076209375 0.5876057859375 0.8471069390625001 0.59215215625 0.8309556546875001 0.5870696843750001 0.8218043296875 0.5781357 0.8236508578125001 0.5697774765625 0.8329386453125001 0.56838776875 0.8432455046874999 0.5717032843750001 0.8479343984375