0 0.145159075 0.5045495578125 0.14039058437500002 0.49408787343749994 0.133883059375 0.49346387968750005 0.1248791359375 0.497602734375 0.11848666875 0.5084948828125 0.12573335000000002 0.5194443078125001 0.1292900578125 0.5217862421875 0.13812429843750001 0.5218830062500001 0.1435715140625 0.51540221875 0.145159075 0.5045495578125
0 0.315827225 0.49840458749999994 0.30464805781250004 0.5040856390624999 0.3038178609375 0.52001314375 0.320541090625 0.5246180328125 0.3234919078125 0.5229000921875 0.3303387953125 0.5150528484375 0.32729112968749996 0.5000040593749999 0.315827225 0.49840458749999994
0 0.128569896875 0.37190063906250004 0.133998903125 0.3706704390625 0.14623838125 0.37209416875 0.1459718515625 0.35956305781250003 0.1410518890625 0.348086403125 0.1334658453125 0.3456082140625 0.125388965625 0.35058629375 0.12380140625 0.3614389546875 0.128569896875 0.37190063906250004
0 0.41475532187499997 0.44136105312499996 0.4225896859375 0.46162094062500003 0.4288729046875 0.48223231406249994 0.43785861875 0.483344046875 0.44175468906250004 0.47721474375 0.4430575125 0.45908155937500006 0.429321515625 0.442257553125 0.41475532187499997 0.44136105312499996
0 0.31247159375 0.30399661093749997 0.322554034375 0.3017119515625 0.326147159375 0.29355271250000003 0.32215424062500003 0.282915284375 0.3144531421875 0.268920953125 0.3059218453125 0.2708541265625 0.3048251203125 0.27425051875 0.302613459375 0.286293890625 0.307818159375 0.30505106875 0.31247159375 0.30399661093749997
0 0.40520091875 0.2913786859375 0.41358074218749996 0.28843054375 0.42180909218749996 0.2844674328125 0.4232451796875 0.2725998046875 0.420027834375 0.2617866328125 0.4107573828125 0.253394375 0.40408017812499997 0.25700599999999996 0.40360755 0.25921167968750003 0.3987662265625 0.26975234375 0.39903275625 0.2822834546875 0.40520091875 0.2913786859375
0 0.12245133906250001 0.1697243984375 0.11993673281249999 0.1797378328125 0.1141501546875 0.194689859375 0.1175189734375 0.2065179984375 0.12230567187500001 0.211729096875 0.13751417500000002 0.206184296875 0.134636190625 0.186899890625 0.13062506406250002 0.18151305 0.12245133906250001 0.1697243984375
1 0.5 0 0 0 0 0.01652819375 0.004880467187499999 0.0158874375 0.00807960625 0.0319511953125 0.020676653125 0.0196531015625 0.0227790640625 0.039113253125000004 0.038254096875 0.046099565625 0.053086820312500005 0.0595271796875 0.0694524796875 0.07785389375 0.076796009375 0.1055700484375 0.08933843281250001 0.1090237171875 0.10123854843749999 0.1189186828125 0.11618632656250001 0.1438624390625 0.12587478125 0.165800778125 0.13264883593750001 0.1789558828125 0.1448701046875 0.1856302 0.157600415625 0.1795976625 0.16834918125 0.2086407828125 0.169070128125 0.2242168 0.1872294484375 0.2169540625 0.1888956484375 0.2281187203125 0.18292118125 0.2525569484375 0.1872170453125 0.265224315625 0.20505521093749998 0.2611822265625 0.21407734218750002 0.25179278437499997 0.21706457499999998 0.2395736703125 0.22964341406250002 0.2325261625 0.23200654843750002 0.2214977609375 0.2437369828125 0.23562834531250001 0.2569217125 0.23264071406250003 0.27553545 0.22842288125 0.2953609703125 0.2323248 0.2988812625 0.24516790781250003 0.307430765625 0.2379841484375 0.3189128796875 0.234333034375 0.33489695468749997 0.22861249374999998 0.3488572578125 0.22544911875 0.35827918125 0.23485634531250002 0.367604259375 0.22749684218750002 0.373202946875 0.22203102343749997 0.37354811718750003 0.2565794515625 0.39291921875 0.257436465625 0.40910938906250005 0.23697913124999997 0.42110054531249996 0.2206211625 0.4316920296875 0.20562964843749998 0.4548259375 0.1940918015625 0.465472046875 0.1633485265625 0.47978992031249995 0.1464633296875 0.49452579375 0.14312421250000001 0.5 0.141228625 0.5 0
0 0.235981259375 0.237385775 0.229304053125 0.2409974 0.23386644531249998 0.2661958765625 0.2538252296875 0.2763633515625 0.2633017796875 0.2700188171875 0.26136905 0.2463230484375 0.24510023749999998 0.24476306406249998 0.235981259375 0.237385775
1 0.5 0 0.5 0.44594785625 0.5086133328125 0.45730940625 0.5195864015625 0.466365146875 0.5288386468749999 0.48000799218749995 0.5351218656250001 0.500619365625 0.5491425999999999 0.524723896875 0.5425622421874999 0.5451022515624999 0.53953859375 0.567822540625 0.5404144578125 0.56875 0.5595936078125 0.56875 0.563732809375 0.5633894749999999 0.5645630078125 0.5474619703125 0.573869875 0.5453530546875001 0.5792442578125 0.5598746140624999 0.5860404531250001 0.56875 0.8425167828125 0.56875 0.8559051015625 0.5601414046875 0.8678598421875 0.554284609375 0.8766154437499999 0.5323640578125 0.8906121640624999 0.518699509375 0.9038333109375 0.505210703125 0.9176603484375001 0.4957817734375 0.9305603421875001 0.48551361875000004 0.9428544437500002 0.47118558593750004 0.9612016515625001 0.4544366421875 0.9666488671875001 0.44795585468750004 0.9749318421875 0.4282409828125 0.9852203812500001 0.4112195296875 0.9995382546875 0.3943343328125 1 0.393949975 1 0.17295894843749998 0.9733184078124999 0 0.5 0
1 0.5 1 0.5 0.56875 0 0.56875 0 0.9835630656250001 0.0049241953125 0.9845322109375001 0.006138971875 1 0.5 1
0 0.6201614859375 0.9780106859375 0.6288624625 0.9718418953124999 0.634024940625 0.95808058125 0.6325102125 0.9479308937500001 0.623070078125 0.9437742531250001 0.6188710625 0.9478736171875 0.612951221875 0.9565600875 0.6084310515625 0.9638801015624999 0.6104184078125 0.9718241078125001 0.6201614859375 0.9780106859375
0 0.5850065984375 0.9251177578125 0.5841159703125001 0.9137773578124999 0.58072894375 0.9071998046875 0.5706647109375 0.9042338765625001 0.5650478156250001 0.9149502828125 0.5648599265625001 0.9244364890625001 0.5701192515625 0.9274419046875 0.58220725625 0.9278506656250001 0.5850065984375 0.9251177578125
1 1 0.56875 0.50009958125 0.56875 0.5008167375 0.575893421875 0.5 0.5762537562500001 0.5 0.6647397984375 0.50593620625 0.663923203125 0.512219425 0.684534575 0.5 0.6976057250000001 0.5 0.7682812562500001 0.51255219375 0.7673532562500001 0.5239796812499999 0.7794539046875 0.511400840625 0.7865014109375 0.5076380359375 0.79889626875 0.5229615953125 0.8048676140625 0.5378671515625 0.7972928781249999 0.550445990625 0.790245371875 0.553190709375 0.8032642234375 0.5381336812499999 0.8098239906250001 0.547991815625 0.8275267109375001 0.5577166859375 0.8389638749999999 0.559685834375 0.8521584703125 0.5701498609375 0.873921065625 0.5854187937499999 0.895644171875 0.6035052796875 0.9093837828125 0.593386421875 0.9221696140625 0.572561025 0.9384308203125 0.538781009375 0.9807119421875001 0.5684042328125 0.975048675 0.58798143125 0.96116889375 0.6016752046875 0.9454744078124999 0.6195679953125 0.9256805578125 0.6298201171875 0.9191602812500002 0.64650693125 0.9342663453125001 0.6578011546875 0.9401014359375001 0.6680168609375 0.9440823328124999 0.6578980031249999 0.9568681671875 0.660473040625 0.9741226359375 0.6614969359375 0.9917285921874999 0.6714444859375 1 0.68906520625 1 0.6940527671875 0.9895979734375 0.697645890625 0.9814387328125 0.7058378265625 0.9879767968750001 0.715277959375 0.9921334359374999 0.7264389171875 0.9917029718750001 0.7260181937500001 1 0.7373039203125 1 0.7385087140625 0.9973623203125002 0.741422409375 1 0.9772706437500001 1 0.9775058734375002 0.9977692828125001 0.9777483874999999 0.972531315625 0.98351675625 0.9628298765625001 0.9973437953125 0.953400946875 1 0.9530714 1 0.56875