0 0.051646378125 0 0.051196684375 0.0016802125000000001 0.0485664875 0.0074746734375 0.0614711265625 0.0157187375 0.0725709046875 0.0145748796875 0.079843709375 0.00756553125 0.078389209375 0 0.051646378125 0
0 0.1451388828125 0.0781645015625 0.135665525 0.0691986109375 0.1241652046875 0.0678061515625 0.113060575 0.07300101249999999 0.11284817968750001 0.0818603609375 0.11909780156250001 0.0867397375 0.1297873359375 0.0911615703125 0.14048657343749998 0.0874813953125 0.1451388828125 0.0781645015625
0 0.055992435937499994 0.2096028 0.063868478125 0.2043724234375 0.0632700921875 0.1985424484375 0.0566247765625 0.187075753125 0.046736325 0.187726553125 0.037851653125 0.19269264375 0.0334020390625 0.20125219218749998 0.033802581250000005 0.20378850937499998 0.042272159375 0.20843911093749998 0.047315309374999996 0.2097605421875 0.055992435937499994 0.2096028
0 0.23054463125 0.037327446874999996 0.2275090375 0.0446365953125 0.22568477343749999 0.0514526859375 0.247464384375 0.0628326671875 0.257560384375 0.0573735203125 0.2608083734375 0.0412050234375 0.2565760078125 0.03685421875 0.241649259375 0.0321325859375 0.23054463125 0.037327446874999996
0 0.3092468546875 0.0336357328125 0.31974339375 0.030712903125000003 0.3225811390625 0.02011009375 0.31008189375 0.01035134375 0.30100422656250003 0.007972770312499999 0.29797348437500004 0.011230915625 0.2985621703125 0.025162898437499998 0.3092468546875 0.0336357328125
1 0.46602986875 0 0.46345181875 0.0019107734375000001 0.46908365312500006 0.017164184375 0.468065321875 0.0250019046875 0.45859681406249997 0.011985009375 0.45295042968750004 0.00888460625 0.43377676249999997 0.011965179687499999 0.43618486250000005 0.023132075 0.43152285 0.040550971875 0.4369616890625 0.048459721875 0.4391767921875 0.052281953125 0.4270780890625 0.04505951875 0.42043762500000004 0.0295418203125 0.408729759375 0.0329577078125 0.404087153125 0.0341725953125 0.3701942828125 0.027723189062499997 0.334467446875 0.0361918796875 0.3068193515625 0.0386728515625 0.28582141875 0.0485695140625 0.2650067796875 0.0739128484375 0.251276803125 0.08085116718749999 0.24661964374999998 0.09421906249999999 0.2274508265625 0.09324863125 0.2133300125 0.089548628125 0.198007571875 0.0782396765625 0.1806533203125 0.0785551625 0.1731729671875 0.09037285625 0.1828538703125 0.094530403125 0.1806145125 0.11096318593750001 0.171329296875 0.113392959375 0.16606890000000002 0.12498188125000001 0.149124890625 0.119731678125 0.15192868125 0.137485890625 0.153535696875 0.143580153125 0.119864928125 0.12016939062500001 0.07935585 0.077947271875 0.11078240937499999 0.12184182031249999 0.13677497968750002 0.1537766171875 0.1270746703125 0.16582308437499998 0.1200142640625 0.16397308125 0.1099182625 0.169432228125 0.1094934671875 0.187150928125 0.10201796562500001 0.19491761875 0.0973559546875 0.21233651718750002 0.0868497125 0.223361353125 0.08845187812500001 0.23350662031249997 0.0751224421875 0.2429812546875 0.07550843125 0.25767057968749996 0.0725431234375 0.26875 0.559375 0.26875 0.559375 0.05916084218749999 0.5582242046875 0.05916167812499999 0.538867246875 0.0467955828125 0.5330084625 0.052554528125 0.5243313359374999 0.05271227187500001 0.536256453125 0.03638603125 0.5362661531249999 0.028284025 0.518506509375 0.030114196875 0.5118611953125 0.018647503125 0.5037873078125 0.02058421875 0.5040096328125 0 0.46602986875 0
0 0.2504019296875 0 0.250162496875 0.0003241625 0.25618516874999997 0.026215896875 0.265653675 0.0392327921875 0.27028173125 0.050170915625 0.28157935312500004 0.0523207171875 0.29471094375 0.039552421875 0.28595346093749996 0 0.2504019296875 0
0 0.9875608734375 0.19642446875 0.9892358421874998 0.1854216375 0.9788004062500001 0.1769664359375 0.9657418437499998 0.17831215 0.95884915625 0.18508738281249998 0.9590819171875001 0.1889622765625 0.9621591484375 0.196442921875 0.9766313859375 0.20404891093750002 0.9875608734375 0.19642446875
0 0.8918927906249999 0.193287015625 0.8733837546875 0.1865302375 0.86458904375 0.195667521875 0.8698010546875 0.20466100625 0.8823826859375 0.2050972765625 0.8918927906249999 0.193287015625
0 0.133098159375 0.69045306875 0.1353229671875 0.6861732953125 0.1357380625 0.676556603125 0.1294884375 0.6716772265625 0.1141562953125 0.66847028125 0.11294011875000001 0.673014340625 0.1099093796875 0.6762724859375 0.10949428593749999 0.6858891781249999 0.1193778875 0.6892893828125 0.133098159375 0.69045306875
0 0.0907152640625 0.8649418593749999 0.0836645578125 0.8549898500000002 0.067724328125 0.8540549343750001 0.063279565625 0.8585634796875 0.060847212500000004 0.8676516015625001 0.06608820625 0.8722666921875 0.0743550890625 0.8776746390625 0.081415496875 0.8795246406250001 0.0925249765625 0.8702787765625001 0.0907152640625 0.8649418593749999
0 0.0504272421875 0.9751431687500001 0.060117849999999994 0.9711987093750001 0.0657787890625 0.9621461015625 0.059336171874999996 0.9499220656249999 0.0563102828125 0.9491292078125 0.036943621875 0.9448651156250001 0.033705334375 0.9529316093750001 0.0322864609375 0.9582330125 0.0326821515625 0.9648203328125 0.0395350125 0.9714786796875 0.0504272421875 0.9751431687500001
0 0.41918830937499996 0.5611811546875 0.40869661874999996 0.5600529812499999 0.402832984375 0.5698629328125 0.4161333140625 0.584694315625 0.4242023515625 0.5868086031249999 0.42925520156249997 0.5800280265625 0.4284589703125 0.5709043921875001 0.42201150312499996 0.5627313562499999 0.41918830937499996 0.5611811546875
0 0.4935330875 0.48907993125000004 0.49960426875 0.474461634375 0.5044689765625 0.45628539218749997 0.5075142687499999 0.4408742375 0.49581610468750004 0.43618811874999996 0.4853195640625 0.4391109484375 0.47683543281249996 0.44661335468749996 0.477028428125 0.45395801875 0.48174476562499996 0.4559834875 0.4810532453125 0.46311716875000003 0.48183977499999997 0.480342809375 0.489093175 0.48953747343750004 0.4935330875 0.48907993125000004
0 0.5311171 0.614822915625 0.5389882921875 0.6136435421875 0.5430373640624999 0.6025476765625 0.5416378953125001 0.5916450703125 0.5390319515625001 0.5771845156250001 0.53460659375 0.5654890484375 0.5303887828125 0.5489852359375 0.521890096875 0.5686406515625 0.5174356343750001 0.581251203125 0.509757434375 0.5897752374999999 0.5073250812500001 0.598863359375 0.5157946609375 0.6035139624999999 0.5161903515625 0.6101012828125001 0.5311171 0.614822915625
0 0.38890620781249996 0.4041228046875 0.405850215625 0.40937300937500004 0.419985584375 0.400920003125 0.4020475 0.38325250312500003 0.391555809375 0.38212433125 0.3877142859375 0.3884118484375 0.38890620781249996 0.4041228046875
1 0.559375 1 0.559375 0.6980039453125 0.5550341999999999 0.6948411765625 0.5342632187499999 0.68372548125 0.52053324375 0.6906638015625 0.5114410234375 0.7004382375 0.5005245375 0.7170287625 0.4678429921875 0.7100862984375 0.43231885468750003 0.717797646875 0.396389321875 0.72702368125 0.373789225 0.7267750796875 0.37719625 0.746308265625 0.3622598 0.7496886390624999 0.342893140625 0.7454245484375 0.3344090078125 0.7529269546874999 0.3241200140625 0.7510414375 0.3029581953125 0.729287421875 0.285401246875 0.73036025 0.2797403078125 0.73941285625 0.294049265625 0.7545085265625 0.287978084375 0.769126821875 0.27283893593749997 0.7732645390624999 0.257299246875 0.774865940625 0.24276818906250003 0.7767316265625 0.2282371296875 0.7785973125 0.21653411406249998 0.777962196875 0.1860773796875 0.766739959375 0.1763770703125 0.7787864250000001 0.183220228125 0.7935467796875 0.1896579953125 0.8098218203125 0.19670870000000001 0.819773828125 0.1870180953125 0.8237182890625 0.17692209375 0.8291774343749999 0.173278415625 0.8387586140625001 0.17407464687500002 0.8478822484374999 0.171627740625 0.8691233796875 0.1685873 0.88048353125 0.14677373124999998 0.8974605703125 0.145132759375 0.9197233312499999 0.133415190625 0.9312412250000002 0.13037474843750002 0.942601375 0.11382642968750001 0.943938490625 0.11037574375 0.9608643328124999 0.1156021859375 0.97763243125 0.11694577187499999 1 0.559375 1
0 0.559375 0.466337965625 0.5720406437500001 0.4784590265625 0.5758724671875 0.4802735125 0.580519925 0.4750076234374999 0.5744826984375 0.46126889843749996 0.573681615625 0.45619626562499993 0.5629969328125 0.4477234296875 0.559375 0.447090696875 0.559375 0.466337965625
0 0.6805516640625 0.6900543921875 0.6650022718749999 0.6997577984375 0.669630325 0.710695921875 0.682539815625 0.7148889828125 0.6875878171875 0.712159409375 0.687399671875 0.7007637453125 0.6805516640625 0.6900543921875
0 0.62639888125 0.7512373218749999 0.6268139749999999 0.7416206296875 0.6181465515625 0.7336763656249999 0.5983745 0.7309269625 0.5951362109375 0.7389934546875 0.59472596875 0.74455914375 0.603798784375 0.7509887203125001 0.6159023421875001 0.7541601515624999 0.62639888125 0.7512373218749999
0 0.6455531437500001 0.7643607625 0.631837721875 0.7591460718749999 0.6243573671875 0.770963765625 0.6267703171875001 0.7780796578125 0.6340285703124999 0.78322331875 0.641088978125 0.7850733203125 0.6475558515625 0.77704234375 0.6455531437500001 0.7643607625
0 0.62314158125 1 0.6232797796875 0.9967983109375 0.6025087984375 0.9856826156250001 0.598464578125 0.9927274781250001 0.5970457062500001 0.99802888125 0.596900415625 1 0.62314158125 1
0 0.6593210171875 1 0.663446525 0.9878720765625001 0.660024946875 0.9804919 0.6503391921875 0.9803853562499999 0.6456868828125 0.9897022484375 0.645474484375 0.9985615984375 0.646823425 1 0.6593210171875 1
0 0.9613523078124999 0.59667741875 0.959933434375 0.6019788234375 0.9605318203125 0.6078088 0.9716267468750001 0.6107159453125 0.9847437843750001 0.610100659375 0.9859599609374999 0.6055565984375 0.9839524046874999 0.5969260203125 0.9720515437499999 0.592997246875 0.9613523078124999 0.59667741875
1 1 1 1 0.7453030359375 0.989414453125 0.7539645421875 0.9766979578124999 0.7571161421875 0.922810934375 0.764878690625 0.9227963828125001 0.7770316984375001 0.9016054578125001 0.7795836984375 0.8763897125 0.77297655 0.86164625625 0.7837015859375 0.8439060171874999 0.7693277453125 0.8318218640625 0.7499523015625 0.8126384953125001 0.7611348812500001 0.815032040625 0.7844547859375 0.8053317312499999 0.79650125 0.7823262421875 0.7977673375000001 0.7605417828125 0.7904383593750001 0.7435977734375 0.785188153125 0.736508259375 0.8076441703124999 0.7441573515625001 0.8234261546875 0.7294090437499999 0.8382021921875001 0.7392829421875 0.8497044031249998 0.7360398046875 0.861821896875 0.7176817718749999 0.85782209375 0.705978759375 0.8571869781250001 0.70575180625 0.8781993374999999 0.7065480390625 0.8873229734375 0.69240781875 0.8998269828125001 0.69158733125 0.9109583625 0.6889474328125 0.9248548296875001 0.693372790625 0.9365502953124999 0.698208390625 0.942680071875 0.694559859375 0.956312253125 0.6828568453124999 0.9556771375 0.6824369015625 0.969344834375 0.692112953125 0.9775533843750001 0.682822890625 0.9840341609374998 0.675337684375 0.9999028578125 0.67536553125 1 1 1
0 0.8545006203125001 0.5160000671875 0.8661939343749999 0.5247371875 0.8811303859375 0.521356815625 0.8864004859375001 0.5016658859375001 0.874707171875 0.49292876562500004 0.8597804218749999 0.48820713125 0.8496795718750001 0.49771728125000003 0.8545006203125001 0.5160000671875