0 0.17340626406249998 0 0.1699357984375 0.00778854375 0.17103598125 0.024755123437500002 0.17536041093750002 0.0296268125 0.19434922187499998 0.033980896875 0.19247409375 0.013894565624999999 0.183607909375 0 0.17340626406249998 0
0 0.0781477859375 0.29962345 0.0792479671875 0.316590028125 0.08863831093749999 0.32304970312500003 0.09622045 0.3222299546875 0.0992031125 0.31229687500000003 0.091829096875 0.3045513578125 0.0877629828125 0.3007195875 0.0781477859375 0.29962345
0 0.0769920765625 0.4172113921875 0.09115655781250001 0.4178156796875 0.093172884375 0.41652983906249996 0.0966889078125 0.4118783203125 0.1006713703125 0.3997014546875 0.0912642953125 0.390040053125 0.091247565625 0.386838325 0.08544016875 0.388534040625 0.07511695 0.3971250609375 0.0769920765625 0.4172113921875
0 0.20644055625000002 0.508932678125 0.20163295625000002 0.508384609375 0.195067346875 0.5101623 0.19563416875 0.521847315625 0.20023364375 0.53096065 0.20934894218750003 0.5331786796875 0.21789741875000002 0.5237116921875 0.214797640625 0.5112326828125 0.20644055625000002 0.508932678125
1 0.3796875 0.559375 0.3796875 0.062000181249999994 0.3778296359375 0.061128987499999995 0.3766886390625 0.084744946875 0.3730722296875 0.0701861 0.35461678124999996 0.071113578125 0.3445518765625 0.080744515625 0.3378116046875 0.09749092499999999 0.337861796875 0.10709610624999999 0.3315545015625 0.10991371406249999 0.31993970781250003 0.113305146875 0.31458201875 0.1042737890625 0.305791959375 0.115902584375 0.3016589203125 0.09926390625 0.28873582343750004 0.0942540234375 0.276362815625 0.0977274296875 0.27010571250000004 0.11015021875 0.28235425 0.1312507125 0.2689814453125 0.1369679046875 0.273681303125 0.1652916015625 0.2693401421875 0.1572181875 0.255883684375 0.146926740625 0.243027509375 0.1547237671875 0.25046845 0.17527619375 0.24448639062500002 0.19194062812499998 0.26055945937499997 0.219034703125 0.24697853125 0.233317159375 0.2420464625 0.257342990625 0.24040556406250002 0.28208084218749996 0.23976446718750002 0.304574909375 0.2289078875 0.307884365625 0.22215088437500002 0.32142904687499996 0.21179420468750002 0.3236166125 0.220093740625 0.363297428125 0.22271035 0.3801000578125 0.21566157343749998 0.38620136718750003 0.2269103125 0.409545646875 0.21450384374999998 0.40661559843750006 0.1938072140625 0.4141924546875 0.194890665625 0.42795730781249997 0.212671553125 0.443120440625 0.22840265468749998 0.45316596093749995 0.23561873906250003 0.4790819234375 0.2318444 0.4826935265625 0.2303948953125 0.49566438437500004 0.2246711515625 0.5133687375 0.23543672343750002 0.5410366359375 0.244692046875 0.559375 0.3796875 0.559375
0 0.4545775640625 0.0045502984375 0.44927006562500005 0.005124121875 0.43839675624999996 0.0052318515625 0.4394802078125 0.018996704687499998 0.44509621250000003 0.029067979687500002 0.4602772203125 0.030630210937500003 0.465792840625 0.021491123437500002 0.4609183203125 0.008136145312499999 0.4545775640625 0.0045502984375
0 0.3796875 0.420144315625 0.3914959609375 0.4182195015625 0.3929789265625 0.411652096875 0.3928952734375 0.3956434609375 0.3834882 0.38598205937499996 0.3796875 0.3841061296875 0.3796875 0.420144315625
0 0.47078520625 0.49293903281249996 0.46342792031249996 0.48839524375 0.45582905 0.4860132640625 0.44423098593750004 0.49260642343749994 0.450813328125 0.49403046093749997 0.45391310625000003 0.5065094703125 0.45951237968749997 0.5133790171875 0.47241874843750004 0.515187175 0.47591804218749995 0.5073339296875 0.47078520625 0.49293903281249996
0 0.731895609375 0 0.729976525 0.00681071875 0.73535094375 0.0190438046875 0.7442581203125 0.029827098437499998 0.7470995828125 0.041266190625 0.751682328125 0.047177796875 0.75750645625 0.0486838078125 0.7635554359375 0.0448262828125 0.7607139734375 0.0333871890625 0.7581140937499999 0.0197862875 0.7544976859375 0.00522744375 0.7497084359375 0 0.731895609375 0
0 0.8903946609375 0.072758946875 0.896443640625 0.06890142031249999 0.8946019765625 0.05521854375 0.8910190281249999 0.0470631515625 0.8877111281250001 0.0431494078125 0.8818870000000001 0.0416433953125 0.873529915625 0.039343390625 0.8690308250000001 0.049440421875 0.8680979499999999 0.0644911171875 0.8764717640625002 0.0699928484375 0.8903946609375 0.072758946875
1 1 0.559375 1 0.19609561250000002 0.9883233921875 0.18177000000000001 0.9766918687499999 0.1819597046875 0.9556867328124999 0.17889146250000001 0.9389056421875001 0.16148454375000001 0.9127509390625 0.14081967812500001 0.896003309375 0.1298162140625 0.8711234515624999 0.1111492109375 0.8549259124999999 0.1086290359375 0.8365206562499999 0.11916169531250001 0.8298379312499999 0.0985272953125 0.8191727421875001 0.090069759375 0.8029417437500002 0.08114613125 0.7780953453125 0.0688825796875 0.752490734375 0.0567010046875 0.7280197656249999 0.0678894625 0.7153549828125 0.06391949687500001 0.6963829031250001 0.062767140625 0.6809603109375 0.0633667171875 0.6726199578125 0.064268440625 0.6586636 0.0550988890625 0.6378665874999999 0.043465381250000004 0.634092246875 0.0470769828125 0.64055011875 0.0730749203125 0.6357927125 0.0821320328125 0.6291601796874999 0.07110281562500001 0.601089534375 0.0709341546875 0.5973821171875 0.087352665625 0.592158271875 0.1039351265625 0.585059303125 0.1004312546875 0.569328203125 0.0903857328125 0.5750111296875 0.1132639171875 0.5661541453125001 0.11208580625 0.5571800484375 0.088495603125 0.542723790625 0.0804479421875 0.5288510875 0.08728702656250001 0.533067778125 0.11993434218750001 0.5422667296875 0.13816100781250001 0.5400924734375 0.15761729687499998 0.5351102125 0.1720379453125 0.51713793125 0.1686418046875 0.502939990625 0.1616340625 0.49924930468749995 0.1812543 0.511514571875 0.205556521875 0.5180226359375 0.241159640625 0.5068910109375 0.240227453125 0.502200528125 0.2620914765625 0.50052616875 0.280425871875 0.4909611640625 0.288934915625 0.49641923749999994 0.31717663749999997 0.4883539296875 0.32232000625 0.48543818749999995 0.345059996875 0.4801474203125 0.3488355484375 0.47309864218750003 0.3549368578125 0.449318965625 0.3532364328125 0.4522273515625 0.377482434375 0.46083539531250006 0.42780834843750004 0.4752173734375 0.470035090625 0.48467464062500004 0.4893016765625 0.49495704375000005 0.5212931953125 0.4919241875 0.5216210953125 0.47524347968749997 0.523424540625 0.48113453125000005 0.5377374609375 0.49210822499999995 0.5568400953125 0.5001949515625 0.559375 1 0.559375
0 0.46436208749999996 0.134837421875 0.464187425 0.1498061421875 0.47259470312499996 0.1617113265625 0.47790220000000005 0.161137503125 0.48398464218750004 0.1636834328125 0.4877087890625 0.15046664999999998 0.4830925828125 0.1381515875 0.4777516234375 0.1323219578125 0.47041106875 0.1309798953125 0.46436208749999996 0.134837421875
0 0.5095297171875 0 0.5158182296875 0.012879059374999998 0.5259667859375 0.0192567578125 0.538098209375 0.0179451609375 0.5449221343749999 0.017207387499999997 0.5385311859375 0.0040163609375 0.5342691921875 0 0.5095297171875 0
0 0.7366927125 0.033848575 0.72985205625 0.031384621875000004 0.722769815625 0.0310824765625 0.716737565625 0.038141728125 0.7269363140625 0.0541246109375 0.7393427828125001 0.0570546578125 0.743100390625 0.0502413296875 0.7412921859375 0.0429619078125 0.7366927125 0.033848575
0 0 0.559375 0 0.5875896546875 0.0070663375 0.593733490625 0.0193483359375 0.6212374390625 0.0088076203125 0.588206003125 0.0089990109375 0.5764390125000001 0.0001619703125 0.559375 0 0.559375
0 0 0.6752141953125 0.0014356234375 0.6776341984375 0.0090512234375 0.68321790625 0.01585841875 0.67927840625 0.01808286875 0.6694273 0.012983495312500001 0.6614358578124999 0.0061428375 0.6589719031250001 0 0.6604476671875 0 0.6752141953125
0 0.217902021875 0.677723390625 0.2125276015625 0.6654903046875 0.20694505937500002 0.6618224828125 0.202395775 0.6623143312499999 0.194055421875 0.6632160546875 0.196913615625 0.677856875 0.200271709375 0.6913758015625 0.2104035359375 0.6945517750000001 0.2166941 0.6885324390625 0.217902021875 0.677723390625
0 0.281907853125 0.6344966140625 0.27995844999999997 0.648589365625 0.2893655234375 0.6582507671875 0.2964477625 0.6585529109375 0.297638953125 0.644542134375 0.2915063203125 0.632391025 0.28568219375 0.6308850109375 0.281907853125 0.6344966140625
0 0.3112125265625 0.6772456703125 0.3093875921875 0.6667645203125 0.30328841875 0.6610168640625 0.3007554640625 0.6602228718750001 0.288365725 0.6604945515625 0.2853830609375 0.6704276328125001 0.2897744140625 0.6881062296875 0.29661506875 0.6905701843750001 0.3062135359375 0.6884645953125 0.3112125265625 0.6772456703125
0 0.12404344687499999 0.76689153125 0.12052742187500001 0.77154305 0.1198194015625 0.7812302062500001 0.128968159375 0.789851690625 0.1282266765625 0.79313539375 0.142649471875 0.7947795984375 0.14385739375 0.78397055 0.13746644375 0.770779521875 0.13110895625000002 0.7639919484375 0.12404344687499999 0.76689153125
0 0.101222753125 0.803529859375 0.1040642140625 0.8149689515624999 0.106613903125 0.818964671875 0.11219644531249999 0.822632490625 0.121053428125 0.8238106046875 0.12355292343749999 0.8182011421875 0.1204531453125 0.8057221328124999 0.11385407343750001 0.80109636875 0.105496990625 0.7987963640625 0.101222753125 0.803529859375
0 0.0561053453125 0.8319003546874999 0.047523409375 0.8349638875000001 0.04324916875 0.8396973796874999 0.043057778125 0.8514643734374999 0.047640521875 0.8573759796875 0.057547495312499995 0.8659154890625 0.07221187500000001 0.865397884375 0.072919896875 0.8557107265624999 0.070078434375 0.844271634375 0.0644624296875 0.8342003578125 0.06015473125 0.8325303984375001 0.0561053453125 0.8319003546874999
0 0.0146137234375 0.9250174171874999 0.019454782812499998 0.9319689390624999 0.0277951359375 0.9310672156249999 0.0340857015625 0.9250478812499999 0.034293823437499996 0.9164826187500001 0.028419504687500003 0.9053714234375001 0.0213539953125 0.90827100625 0.0160464984375 0.90884483125 0.012547203125 0.9166980765625 0.0146137234375 0.9250174171874999
1 0.3796875 1 0.3796875 0.755128596875 0.3776121359375 0.7533587734375 0.3636390484375 0.7409874921874999 0.35507384062499997 0.747252753125 0.3471831953125 0.7374274015625 0.3380344359375 0.72880591875 0.3366759390625 0.710799421875 0.3313015171875 0.6985663359375 0.314362496875 0.6993298625 0.3111549796875 0.7146264812500001 0.31223843125 0.728391334375 0.3046562921875 0.7292110828125 0.2955911859375 0.7365982343749999 0.280910075 0.7339141093749999 0.270053496875 0.73722356875 0.25211467656250003 0.7402308796875 0.23645049999999998 0.7429922687499999 0.2210446375 0.7467935734375 0.20663857187499998 0.7483510953125 0.18945796875 0.751276434375 0.1820672203125 0.740329190625 0.1719855859375 0.7467584 0.17818514218749998 0.77171641875 0.1639537390625 0.7583052218749999 0.16217899687499998 0.7574292546875 0.155438725 0.7741756625 0.1661039125 0.7826331984375 0.1472154875 0.797489478125 0.1436994625 0.802140996875 0.1321348609375 0.815137609375 0.1200536296875 0.8260543890625 0.1135549421875 0.8406389890625 0.1267530859375 0.8498905171875 0.12251230937499999 0.8610274656250001 0.111380684375 0.8600952781250001 0.1012488578125 0.8569193046875 0.0881176375 0.8604746859375 0.079602621875 0.8763451281249999 0.068038021875 0.8893417421875001 0.0642469515625 0.8897516156249999 0.03535116875 0.876858021875 0.0082301296875 0.8648403968749999 0 0.8633356953125 0 0.877448296875 0.004006082812500001 0.8791790718750001 0.0204953984375 0.88914261875 0.038001240625 0.9000641078125 0.04285903125 0.9102173562499999 0.0391348828125 0.923434140625 0.031995096875000004 0.96051280625 0.036436640625 0.9877965859375 0.038262421875 1 0.3796875 1
0 0.464370209375 0.588051409375 0.4654369296875 0.598614534375 0.47079461875 0.6076458921875 0.47789359062500003 0.6111497640625 0.48799195468749995 0.6079222828125 0.48539207656250005 0.5943213796875 0.481067646875 0.5894496921875 0.4762433171875 0.5856998953125 0.469419390625 0.5864376671875 0.464370209375 0.588051409375
0 0.3995486171875 0.6687409718749999 0.408180746875 0.6752826203125 0.416279515625 0.6765427078125 0.4238616546875 0.6757229609375 0.43120220937500003 0.6770650203125 0.4283105546875 0.6560207484375 0.41462924062499995 0.6510928390624999 0.40628888906250005 0.6519945609375 0.395932209375 0.6541821265625 0.3995486171875 0.6687409718749999
0 0.47491294687499996 0.7182565578125 0.4796703546875 0.70919944375 0.47608740781250003 0.7010440546875 0.4575984953125 0.695568075 0.45104961718750003 0.7005474953124999 0.440451353125 0.7048968703125 0.43514385625 0.7054706921875 0.46024856718749996 0.7187741609375 0.47491294687499996 0.7182565578125
0 0.5102237656249999 0.700556915625 0.5046579515625 0.7000908203125 0.4970758125 0.70091056875 0.49460977812499995 0.7129234859375 0.494951746875 0.7299720390625 0.5075998 0.730740278125 0.5159401515625 0.72983855625 0.5194059859375 0.715581853125 0.5102237656249999 0.700556915625
0 0.658956696875 1 0.655115609375 0.9892277734375 0.6510327625000001 0.9821942734375 0.6373849125 0.9836698203124999 0.633110675 0.9884033156250001 0.6349792187500001 1 0.658956696875 1
0 0.6778894624999999 1 0.674329271875 0.988218321875 0.6661803109375001 0.9773530515625 0.6570650125 0.975135021875 0.6545989796875 0.9871479390625 0.657682028125 0.9964252218749999 0.6604532359374999 1 0.6778894624999999 1
1 1 1 1 0.559375 0.664682775 0.559375 0.663314034375 0.5740173828125 0.65271576875 0.5783667578125 0.6408426625000001 0.580718271875 0.637893459375 0.597054809375 0.632994853125 0.6274840953125 0.6290625828125 0.64926614375 0.6370034203125 0.6686966765625 0.62942128125 0.669516425 0.634604309375 0.6935165015625 0.626039103125 0.6997817625 0.6113579921875 0.6970976390625 0.5934860953125 0.7129118609375 0.5913453000000001 0.738771603125 0.6020606781250001 0.7568343203125 0.6069017375 0.76378584375 0.6193583984375 0.776321075 0.62121679375 0.7932056765625 0.6058276625 0.8002087124999999 0.6178513453125 0.82667274375 0.6304826671875 0.8242392531250001 0.637682021875 0.8469534890624999 0.62301764375 0.8474710921874999 0.620410409375 0.8808561828125001 0.648464325 0.8778231156249999 0.657113184375 0.8875664921875 0.6464981890624999 0.8887141390625001 0.6328336078125 0.8869879578125 0.62475156875 0.8889295984375 0.629642821875 0.9054863031250001 0.6284683624999999 0.9226988078125 0.624744215625 0.9359155921875001 0.6276526015625 0.9601615921875 0.6388009562500001 0.9642955078125001 0.6498991203125 0.958824240625 0.6525732765625 0.9382460609375001 0.6607222375 0.949111328125 0.6716624703124999 0.961810509375 0.6691629750000001 0.9674199703124999 0.6832029859375 0.9925981593750001 0.6786871624999999 0.9994934640625001 0.6789812 1 1 1