0 0.3937261921875 0.1076469390625 0.393624371875 0.0998309203125 0.392603228125 0.0930555453125 0.368055009375 0.094405746875 0.360927353125 0.10423652812499999 0.3643428015625 0.1197579140625 0.3699605546875 0.12133007656250001 0.38556575312499997 0.11776554531250001 0.3937261921875 0.1076469390625
0 0.2356231109375 0.34389593125 0.24572401406250002 0.339512059375 0.2500937046875 0.3328032046875 0.25218255 0.3181011609375 0.2404815609375 0.319008759375 0.22797471093750002 0.3217098203125 0.22153945625000002 0.3289943203125 0.22508000468749997 0.3382053265625 0.2356231109375 0.34389593125
0 0.25101596718749997 0.2603777515625 0.2421631265625 0.2730426390625 0.25430631406250004 0.2822095171875 0.2745866640625 0.2953841890625 0.2767773296875 0.2884981625 0.2943346328125 0.2836051640625 0.274961965625 0.27645305 0.26293223593750004 0.268038990625 0.25101596718749997 0.2603777515625
0 0 0.350930825 0.006211596875 0.3497814875 0.015847020312499998 0.34944953437500004 0.02753636875 0.3556051359375 0.02022835 0.3356774828125 0.016347421875 0.324208015625 0.017368565625 0.33098339375 0.0075178609375 0.32274650625 0 0.3223068703125 0 0.350930825
0 0.32276966093750004 0.15095480781249998 0.314268840625 0.1588149546875 0.31585728281250003 0.16935442812499998 0.331223921875 0.1713474578125 0.3405189625 0.1687570484375 0.3420172265625 0.164417303125 0.335957271875 0.152770665625 0.32276966093750004 0.15095480781249998
1 0 0 0 0.2843704953125 0.00058514375 0.2838877140625 0.0079164421875 0.28968896875 0.011922471875 0.29484805468749997 0.03038745625 0.2959776140625 0.045311890625000004 0.287896165625 0.0477294765625 0.282515778125 0.060111228125000006 0.286125096875 0.06746580468749999 0.27779995468749996 0.06369833750000001 0.2670833078125 0.0835597640625 0.2560571046875 0.1062693390625 0.2567881875 0.1093793265625 0.24886152031250003 0.11730120625 0.2443004734375 0.11279477499999999 0.26438290625 0.11599494375 0.27133545468750003 0.13161177968749999 0.260707725 0.14226834531250002 0.26715115 0.148930521875 0.2613722875 0.1570444015625 0.27950647812499996 0.172422678125 0.2744363078125 0.188379896875 0.2660670375 0.1934419890625 0.2568119015625 0.1822181234375 0.2466043796875 0.1800507359375 0.23936400781249997 0.193919109375 0.24569678125 0.200342725 0.2454754796875 0.216765425 0.23305428749999998 0.21012652968749998 0.22470675 0.2075169421875 0.2073919015625 0.19937978437499998 0.203384109375 0.1958275953125 0.2012363 0.2098210671875 0.2012586953125 0.2220777171875 0.21117839218749998 0.2314978625 0.20227760312499998 0.235288609375 0.19886785 0.26903005156250004 0.187111221875 0.2985501828125 0.16162666718750002 0.323008221875 0.1453972484375 0.33840977968749997 0.12620067968749998 0.3475244609375 0.093851834375 0.357410084375 0.08089912187500001 0.3564005828125 0.067060546875 0.3744233671875 0.0581156296875 0.3888823203125 0.05408610312499999 0.4074607640625 0.05596848125 0.4233045234375 0.046846390625 0.42550682812499996 0.0328971640625 0.41495208281249996 0.034269759375 0.410503853125 0.0190361953125 0.41808535156250004 0.012216690625 0.418327540625 0 0 0
0 0.3745338859375 0.1302532609375 0.3606655125 0.1239204875 0.3520745109375 0.1169014171875 0.340827365625 0.12082029218749998 0.333801528125 0.13846709375 0.3642496796875 0.1762635078125 0.3750080671875 0.19052295 0.3959808171875 0.201151340625 0.3851322515625 0.1720126796875 0.3903310828125 0.149383965625 0.3745338859375 0.1302532609375
0 1 0.061642078125 0.9920188828125 0.0653016203125 0.9885568734374999 0.07803303125 1 0.0781742390625 1 0.061642078125
0 0.9533142296874999 0.165514215625 0.9473560953125 0.1616835953125 0.9294584125 0.164318134375 0.9245097796875001 0.1743260890625 0.9302293531250001 0.1837142703125 0.9380261328125 0.18546360312500001 0.9538698906249999 0.17634151250000002 0.9533142296874999 0.165514215625
0 0.9015034453125 0.21446856093750002 0.9140102953125 0.21176750000000003 0.9205706515625 0.1981726203125 0.9174839437500001 0.191972890625 0.9073946796874999 0.1892935625 0.9002786624999999 0.192061146875 0.889144975 0.19673284375 0.8901661187500001 0.20350821875 0.893706665625 0.21271922656250003 0.9015034453125 0.21446856093750002
0 0.8614861109374999 0.56875 0.8611316859375 0.560675309375 0.8581700796874999 0.5481652015625 0.8399320140625001 0.54854128125 0.8371624078125001 0.5587264078125 0.8405894968750001 0.5671845953125 0.840669834375 0.56875 0.8614861109374999 0.56875
0 0.7269630874999999 0.56875 0.732545915625 0.5643485125 0.7219359109375001 0.5296522921875 0.707715515625 0.528124259375 0.6973760515625 0.5380656921875 0.710892403125 0.54920320625 0.723755175 0.56875 0.7269630874999999 0.56875
0 0.7294155890624999 0.5150167703124999 0.7280540656250001 0.505982934375 0.71680691875 0.5099018125 0.707261675 0.52511298125 0.72514771875 0.5295416421875 0.7294155890624999 0.5150167703124999
0 0.7027232640625 0.49500019999999995 0.6934398640625 0.4905274109375 0.6826465578125 0.497457565625 0.6892738109375001 0.512868303125 0.7032789265625 0.5058274968750001 0.7027232640625 0.49500019999999995
1 0.459375 0 0.459375 0.5025030640625 0.46390325 0.5027233468750001 0.5096744203125 0.4993807765625 0.52161396875 0.49291561718750004 0.5677371609375 0.48476830625 0.5580115578125 0.470221040625 0.58015383125 0.4671880265625 0.5996515984374999 0.46802976249999995 0.6107969234375 0.45629486874999997 0.6300561296875 0.46269416406249997 0.6501095578125 0.474363196875 0.66721301875 0.46645892031249997 0.674465778125 0.45031775781250005 0.6924885609375 0.441372840625 0.6905597359375 0.428574909375 0.7014665015625 0.4223975734375 0.7346842625 0.45000886093750003 0.7405522171875 0.43896026250000003 0.7312920937499999 0.4203610765625 0.725697621875 0.4046625171875 0.7751926390625 0.368904578125 0.7826606765624999 0.3613322546875 0.798367696875 0.365583740625 0.8077994796875 0.3496197515625 0.8025337453125001 0.34324285 0.8057688328125 0.32900580156250003 0.8126695703125 0.31766938125 0.823372696875 0.2958600078125 0.8401008578125 0.3068868703125 0.8511327234374999 0.29439915625 0.8377298312499999 0.2840144609375 0.85838548125 0.27825799375 0.8854531062500002 0.279343425 0.8843417828125 0.25768883125 0.8701213890624999 0.2561607984375 0.85327976875 0.24438111562499998 0.8609863671875001 0.23125123125 0.8787705906250001 0.22786387343749998 0.8887696734375 0.2156639828125 0.9218187140625 0.206453634375 0.9154300187499999 0.1854853390625 0.8958071499999999 0.1909539828125 0.88146165625 0.19573632968750002 0.8828581 0.183580565625 0.897125053125 0.156855803125 0.9178825249999999 0.158915353125 0.9333742624999999 0.1545980015625 0.939605878125 0.131681465625 0.922173675 0.1302640828125 0.9424889437499999 0.12224915781250001 0.9420583828125 0.10511148125 0.9271455875000001 0.10612972812499999 0.9225955359375 0.08308014687500001 0.92605754375 0.0703487390625 0.9188629890625 0.051173903124999996 0.9338107046874999 0.0289660578125 0.9177865859375001 0.0083297125 0.92128021875 0 0.459375 0
1 0.459375 0.56875 0 0.56875 0 0.7360708640625 0.00484675625 0.73711303125 0.013664678125 0.7456377390625 0.0316641796875 0.7508192203124999 0.0590721859375 0.7541631093750001 0.08175848125 0.7690205921875 0.0965345359375 0.781375921875 0.096103975 0.7642382453125001 0.117111646875 0.7536770390624999 0.13235318437500002 0.761980446875 0.1445080125 0.7640841265625 0.157366884375 0.756578325 0.16424434062499998 0.7593683015625 0.1702024734375 0.763198921875 0.1766260890625 0.7629776203125 0.1847748890625 0.7599222140624999 0.1944103109375 0.7595902625 0.20209363125 0.7605867765625 0.2244628234375 0.759059403125 0.2306595203125 0.7573324625 0.2599178109375 0.7515318671875 0.26841863125 0.7436717203125001 0.2620066546875 0.736829821875 0.2676360484375 0.731338784375 0.27899665625000003 0.7281727265625 0.29137840625 0.731782046875 0.3045776578125 0.726534703125 0.31316865781250003 0.7335537734375001 0.331406721875 0.73317769375 0.346671540625 0.7273547046875001 0.35640878125 0.734838771875 0.369733134375 0.72328105 0.3745683046875 0.7125202734375 0.3654100046875 0.7017371046875 0.37116449687499997 0.6899356875 0.3865427734375 0.68486551875 0.3984939640625 0.6713371609375 0.44209774843750005 0.6607542171875 0.459375 0.6534586609375 0.459375 0.56875
0 0.109754128125 0.8333869921874999 0.1138852578125 0.8322356984375 0.1264037484375 0.8224714375 0.126869228125 0.8184195187500001 0.12596154843750001 0.8123969609374999 0.11885717031250001 0.8081013453124999 0.10831406562499998 0.802410740625 0.093628190625 0.8049346281249999 0.085013909375 0.8120419562500001 0.0865907125 0.8296446296875001 0.091516065625 0.8337630718749999 0.109754128125 0.8333869921874999
0 0.19519289374999998 0.7719231984375 0.18887110000000001 0.77996051875 0.1877015765625 0.7936219203125 0.2010026484375 0.796190596875 0.2112170125 0.7925595421875 0.21478084062499997 0.7876441515625 0.2144521 0.77832249375 0.2091863671875 0.7719455921874999 0.19519289374999998 0.7719231984375
0 0.43705305625 0.798652578125 0.4406168859375 0.7937371859375 0.43765527656250003 0.7812270781249999 0.427804575 0.7729901921875 0.41517262343750005 0.7820016328125 0.4130954171875 0.7896404765625 0.417101446875 0.7947995640625 0.4198477734375 0.798740834375 0.4278714734375 0.8019958062500001 0.43705305625 0.798652578125
0 0.397525140625 0.7720154109375 0.390534225 0.7684726140625 0.3833396671875 0.7492977812499999 0.370378975 0.7489875640625 0.372421259375 0.762538315625 0.3830661875 0.7760449375 0.3839738703125 0.7820674953125 0.38267924531249997 0.8020392765625001 0.3862314328125 0.8041870843750001 0.39426677187500003 0.8003788578125001 0.398523003125 0.792917184375 0.40164463125000005 0.7779273171875 0.397525140625 0.7720154109375
0 0.6681392046875001 0.769110384375 0.6671180609375 0.7623350078125 0.6624196296875 0.7597222046875001 0.6568018765625 0.75815004375 0.6434891640625 0.762644565625 0.64301204375 0.7737596859375 0.6480508546875 0.7786309499999999 0.6577997390625 0.7790518171875 0.6679006421875 0.77466794375 0.6681392046875001 0.769110384375
0 0.6234647765625 0.8725555578125 0.6229091140625 0.8617282609375 0.6216610499999999 0.8534472453124999 0.6136489921875 0.8431290734375001 0.5933337234375 0.851144 0.5964204296875 0.8573437281249999 0.5975550328125 0.8648719234375001 0.6007552015625001 0.871824471875 0.6090058218750001 0.876585084375 0.6234647765625 0.8725555578125
0 0.565108215625 0.8566567734374999 0.566504659375 0.844501009375 0.5695011875 0.8358215203124999 0.5597755828125 0.8212742546874999 0.551286403125 0.822071203125 0.5440452859375 0.8311491640625001 0.5472338125 0.8451649124999999 0.5659024374999999 0.861926509375 0.565108215625 0.8566567734374999
0 0.52424205625 0.8068593734375 0.5281229875 0.8183288390625 0.5440802046875 0.8099595671875001 0.554646590625 0.8015237734374999 0.5535119890625 0.793995578125 0.551684984375 0.789013665625 0.535399025 0.788061278125 0.52299399375 0.798578359375 0.52424205625 0.8068593734375