0 0.6010404328125001 0.3751323890625 0.606970984375 0.37869063125 0.622958334375 0.37587998906250003 0.6225374953125 0.3695638953125 0.62346626875 0.360198896875 0.618343546875 0.35905466875 0.6056310640625 0.3605227640625 0.5988491359375 0.365549103125 0.6010404328125001 0.3751323890625
0 0.4214258671875 0.35942277499999997 0.4188040359375 0.3647401640625 0.4202649 0.3711290203125 0.4305103453125 0.3734174796875 0.44114277812499997 0.37180385781249997 0.4445724421875 0.36890048124999997 0.447116878125 0.36436350625 0.44550121562499995 0.35953548281250003 0.4446933859375 0.357121471875 0.43587495625 0.3510036921875 0.43876283281250006 0.3535632296875 0.4252425203125 0.3526173140625 0.4214258671875 0.35942277499999997
0 0.491223496875 0.447604121875 0.4844851140625 0.44163186562499995 0.47728234374999995 0.44034211093750003 0.4738526796875 0.44324548750000003 0.46780118281250005 0.45146625625 0.469837684375 0.462610375 0.47592303437499994 0.46460778437499994 0.4898303359375 0.46165161718750003 0.49349219375000003 0.456406990625 0.491223496875 0.447604121875
0 0.5116611453125001 0.484396403125 0.5018026921875001 0.47820586093750006 0.491325053125 0.47825865156249997 0.4859701375 0.4794556703125 0.48022823125 0.48455477187499996 0.4886596734375 0.49457463281249997 0.4989051171875 0.49686309375000004 0.508574925 0.49439629218750003 0.5113515546875 0.48751806875000003 0.5116611453125001 0.484396403125
0 0.3846671203125 0.297127853125 0.3776965421875 0.2934968484375 0.368413725 0.29206156562499996 0.3619413875 0.2939662390625 0.362130034375 0.302623584375 0.365670946875 0.309157965625 0.37264152500000003 0.3127889703125 0.38535400625 0.311320875 0.3870132140625 0.30515030468750004 0.3846671203125 0.297127853125
0 0.3788382765625 0.1552704 0.37174675625 0.1634184046875 0.3673544671875 0.165468603125 0.3626525875 0.17064046718749998 0.35251839218750003 0.1777897671875 0.34893393281249996 0.182253978125 0.3471973265625 0.1892049640625 0.3561705546875 0.1937619109375 0.3668803859375 0.19136787187499998 0.37054224375 0.1861232453125 0.37851899218749996 0.179608834375 0.3808312359375 0.1774131125 0.38137301875 0.171950196875 0.384459240625 0.161950309375 0.3894707125 0.153656778125 0.38608459375000004 0.14556156250000002 0.3862393890625 0.1440007296875 0.3788382765625 0.1552704
0 0.322546496875 0.015383253125 0.3230447359375 0.02091893125 0.32484904375 0.0344042984375 0.3189861953125 0.051282409375000004 0.31605477187500003 0.059721465625000004 0.3199052765625 0.06313418125 0.3314229375 0.06315415468749999 0.3370100484375 0.0596158859375 0.33736318593750003 0.045495628125 0.3346301015625 0.041375257812499996 0.333711021875 0.029523484375 0.33425280625 0.024060570312499998 0.3351041828125 0.0154759890625 0.3360329578125 0.0061109921875 0.33611035624999996 0.005330575 0.322546496875 0.015383253125
0 0.27235914375000003 0.17296745625 0.277602809375 0.1623326765625 0.2762193421875 0.15516340312500002 0.2673235140625 0.149826040625 0.263240815625 0.14875457187500002 0.258925921875 0.1500243546875 0.2544562359375 0.1528549703125 0.2542240421875 0.15519621875 0.2511378203125 0.16519610625 0.2531743234375 0.176340225 0.2656546125 0.177213378125 0.27235914375000003 0.17296745625
0 0.2156560609375 0.174501184375 0.21815695000000002 0.18096280468749998 0.2139436140625 0.21288711562499998 0.22299423906250002 0.21666364531250001 0.22812665625 0.19659110625 0.2316772625 0.1819087203125 0.24350451562500003 0.1788070265625 0.2414680125 0.16766290781249998 0.2399297515625 0.1620544671875 0.24355775624999998 0.1465916640625 0.22567900624999998 0.157914125 0.21839883750000003 0.157404784375 0.22193975156249998 0.16393916718749998 0.2156560609375 0.174501184375
0 0.0248478890625 0.2083016453125 0.0249591390625 0.21773940625 0.035780218749999995 0.2247831265625 0.0461030625 0.22629117031249998 0.05457805 0.2253124390625 0.057122484375000004 0.220775465625 0.060053909375000006 0.21233641093750003 0.059478271875 0.20758115 0.0513128765625 0.2054382140625 0.0442649015625 0.2025876265625 0.0297819640625 0.20078853125 0.0248478890625 0.2083016453125
1 0 0.509375 0.50038761875 0.509375 0.49196839375 0.503450265625 0.476987215625 0.49611549374999997 0.4735236984375 0.48880069375 0.467327103125 0.477365525 0.460511321875 0.47217368593750003 0.456162578125 0.46322529218749997 0.452776459375 0.45513007656250004 0.45312959687500004 0.44100981875 0.4579088765625 0.4350575375 0.46450215781250004 0.4213738546875 0.4546437015625 0.41518331249999996 0.4380371703125 0.4242372859375 0.4292961359375 0.41733909062499996 0.42147418437499995 0.422292665625 0.4098791234375 0.4230531078125 0.4039921171875 0.40849627499999996 0.407387928125 0.3953747203125 0.421372628125 0.39163813593749996 0.4206857421875 0.377445115625 0.4065123921875 0.3725243546875 0.39985140937499997 0.36577168437499996 0.398467940625 0.3586024109375 0.38837729374999996 0.35475311718749997 0.4028699265625 0.3353354421875 0.42866741406250003 0.2758454515625 0.40812328593749997 0.30348389375 0.375640653125 0.32478626875 0.3607368734375 0.31667107968749997 0.34286781718750003 0.3067767703125 0.32268651875 0.299078184375 0.3111350046875 0.288840034375 0.28328655 0.2845341921875 0.259133803125 0.2852018984375 0.24561349062499999 0.284255984375 0.23837686875 0.2727480515625 0.2260513765625 0.270314065625 0.2109928015625 0.26375970937500004 0.21407902031249998 0.253759821875 0.22163492968749998 0.2409293171875 0.21089124531249998 0.23310517968750002 0.19209341562499999 0.2325758671875 0.177876521875 0.23865370156250001 0.163316184375 0.23763502343749998 0.149907121875 0.24612686875 0.12775702656250001 0.24772051562500003 0.1140045203125 0.2491158515625 0.10375907656250001 0.24682739062499998 0.10430086093749999 0.24136447656249999 0.10915753749999998 0.23463177812499997 0.0891648890625 0.23559053749999997 0.0756445765625 0.23464462031250002 0.059004190624999994 0.2334804171875 0.042286410937500005 0.23309662968749997 0.032882646875 0.243440359375 0.02799211875 0.23995488125 0.0147813953125 0.2358872984375 0.0059194203125 0.2407681109375 0.0022914156250000003 0.256230915625 0 0.2536844171875 0 0.509375
0 0.9130859203125 0.34481191093749997 0.9145903296875 0.340202175 0.9115138046875 0.3289852953125 0.8904037328125 0.3306517046875 0.8831574156249999 0.34036054375 0.8856583046875001 0.3468221625 0.89567155625 0.35145187187500004 0.9082292437499999 0.3515446078125 0.9130859203125 0.34481191093749997
0 0.75199344375 0.34297145 0.7477898015625 0.3536789921875 0.7471706203124999 0.359922325 0.7547942296875 0.3675281734375 0.7670858734375 0.35974398281250003 0.7651267671875 0.3478194484375 0.75199344375 0.34297145
0 0.643045725 0.8901099484374999 0.6474050250000001 0.8710002781250001 0.6384758953125 0.874073603125 0.634845046875 0.885838178125 0.6393750500000001 0.8898531375000001 0.643045725 0.8901099484374999
0 0.545212340625 0.870322171875 0.5330165906250001 0.881487525 0.5436643828125 0.8859305015625001 0.5583470765625 0.8869577390625001 0.574799665625 0.8825617593749999 0.582869459375 0.8757302812500001 0.58962464375 0.8697313390625 0.5972391578125 0.8674905468749999 0.5865003078125001 0.8639657062499999 0.5729501171875 0.8639422109374999 0.5605324281249999 0.8649224515625 0.545212340625 0.870322171875
0 0.44577977031250005 0.8790822453124999 0.458066575 0.8669987578124999 0.4515447390625 0.8582219046875 0.4417562765625 0.8575370781250001 0.4310572515625 0.8660336234375 0.43250274843750003 0.8763043375 0.44577977031250005 0.8790822453124999
0 0.3291717703125 0.9864874968749999 0.3365131171875 0.9870011156250001 0.3466658046875 0.98401339375 0.3489820375 0.9730813515625 0.3459487578125 0.966397584375 0.3377480796875 0.9621258140624999 0.3248751078125 0.967696740625 0.3202938734375 0.9766213015625 0.3291717703125 0.9864874968749999
0 0.28922122968749997 0.9420896171875001 0.30213402500000003 0.9485400734375 0.3105168140625 0.9509755703125 0.3182223875 0.9478166421874998 0.31971911249999996 0.9451478328124999 0.322439396875 0.9425646296875 0.32230851562499996 0.9314613828125001 0.3156045640625 0.9245208046875 0.3018722625 0.926333578125 0.2901317921875 0.9329082468750001 0.28922122968749997 0.9420896171875001
0 0.2770084609375 0.8913117749999999 0.2811344171875 0.8869778984375 0.2832685359375 0.87788213125 0.278152365625 0.867354609375 0.270811021875 0.8668409890625 0.26047622187499997 0.8716649859375 0.2580689328125 0.8835151640625 0.26214365625 0.8921208093749999 0.2770084609375 0.8913117749999999
0 0.11174870625 0.65694346875 0.1073097578125 0.6520103734375 0.103821196875 0.6499172875 0.09611562500000001 0.6530762171875 0.0911701625 0.665673325 0.09873344843750001 0.6763720546875 0.10897718906250001 0.6724661953125001 0.1118795859375 0.6680467171875 0.11383159375 0.6607872234375 0.11174870625 0.65694346875
0 0.0743647546875 0.6487809484375 0.0732720796875 0.6597985937499999 0.075446025 0.6627242093750001 0.082969484375 0.6614015546875 0.09543840625 0.647481790625 0.1010212609375 0.6284577234375 0.11394546093749999 0.6099472765625 0.119477084375 0.6038627296875 0.08728895625000001 0.6302705015625 0.0743647546875 0.6487809484375
0 0.05593735 0.7103582328125 0.05610805625 0.733482865625 0.0690834890625 0.7020328953125 0.07198588593750001 0.6976134171874999 0.0745240578125 0.6968664859375 0.075798846875 0.6840125671875 0.0592153765625 0.6773053015625 0.050599242187500004 0.6896456 0.049597621875 0.6997451078125 0.05593735 0.7103582328125
0 0.2076641109375 0.8078771296875 0.1985130453125 0.8007653453125 0.1867327515625 0.7953186265625 0.18092795781249998 0.8041575828124999 0.18001739375 0.8133389531249999 0.1856799 0.8183576546874999 0.1980065328125 0.8182955484375001 0.2076641109375 0.8078771296875
0 1 0.8381006109375001 0.9937753515625 0.8458530046874999 0.9909213265625001 0.8535116437500001 0.9970066750000001 0.855509053125 0.99831274375 0.8634587437500001 1 0.8631332640625 1 0.8381006109375001
0 0.951850334375 0.7934124468749999 0.939945684375 0.79729455625 0.9407535140625001 0.7997085671875 0.9491075578124999 0.8105088468750001 0.959120809375 0.8151385546875 0.9667879671874999 0.8117458109375001 0.969796790625 0.802526340625 0.9548930109375 0.794411153125 0.951850334375 0.7934124468749999
0 0.85951085 0.6368583453125 0.854388128125 0.6357141171875 0.8431365124999999 0.6435710703125 0.8418981453125 0.6560577328124999 0.84751910625 0.6627376421875 0.8622342406250001 0.6621954859375 0.8690161703125 0.657169146875 0.8669796671875 0.646025028125 0.85951085 0.6368583453125
1 1 0.7810644921875 0.9960392765625 0.7807873890625 0.9821658265625001 0.7939617328125 0.9743003281250001 0.8099139031250001 0.9661687859375 0.81798914375 0.9427126171874999 0.811633103125 0.9617764937500001 0.8200393421874999 0.9497170484375002 0.825482284375 0.9429012671875 0.8202904468749999 0.9247226187500001 0.813517803125 0.9070857562500001 0.80128224375 0.8776990390625 0.7913679609375001 0.8580933765625 0.7884246359375 0.848389715625 0.7806732609375 0.8362528734375001 0.7868966187499999 0.8218473312500001 0.784317109375 0.8227761062500001 0.7749521093749999 0.8363835109375 0.753900840625 0.85134053125 0.729800665625 0.8837457640625 0.7092787078125 0.8672263234375001 0.6963354953125 0.839368175 0.713246421875 0.8209573328124999 0.708815028125 0.8164441 0.7226442343749999 0.826646 0.7359312875 0.818703103125 0.7526638734375 0.7998278734375 0.752914978125 0.8042637109375 0.7398661859375 0.7924026046874999 0.7327497015625 0.7756074234375 0.7331463312500001 0.743942315625 0.73564595 0.73130723125 0.7363336296874999 0.72070865 0.7481654296875 0.7092248390625 0.75836363125 0.69050440625 0.757053903125 0.688201859375 0.7380328578124999 0.6615385296875 0.7534557140625 0.65 0.7544873515624999 0.65 1 1 1 1 0.8957958749999999 0.9940994062499999 0.89538305625 0.9846279421874999 0.88529043125 0.9715381624999999 0.869443840625 0.9706964812500001 0.8568116515625 0.9780975921875001 0.84554198125 0.990510178125 0.8259787812500001 0.99525560625 0.8098083234375 1 0.8058910796875001 1 0.7810644921875