0 0.24311217499999999 0.126675978125 0.23967634218749997 0.11298599218750001 0.2174158140625 0.1114766125 0.21127889843749997 0.11735018906250001 0.2129657640625 0.13165294375 0.224191753125 0.13563210781249999 0.23446306093749997 0.1329643015625 0.24311217499999999 0.126675978125
0 0.1665145671875 0.2251890484375 0.133473053125 0.21768286875 0.1215485046875 0.2241879171875 0.11210510625 0.23773598125 0.1256207921875 0.2423092140625 0.16451204531250002 0.23426839843749997 0.1665145671875 0.2251890484375
0 0.12030664531249999 0.20786752968750002 0.11114785 0.20549125156249998 0.1034534203125 0.2184265453125 0.11092791875 0.232097828125 0.13566702656250001 0.215052465625 0.12030664531249999 0.20786752968750002
0 0.088411265625 0.2134572640625 0.08081255937500001 0.2296170328125 0.08676059375 0.24289226875 0.099639825 0.2430341890625 0.10405882343749999 0.23031561875 0.0990654734375 0.22368735156250003 0.088411265625 0.2134572640625
0 0.9407649046875001 0.009362339062499999 0.9286178515625 0.0168762046875 0.9248663624999999 0.026568324999999997 0.9331351453125001 0.03297986875 0.9416885359375 0.023467071875000002 0.9407649046875001 0.009362339062499999
0 0.9094515874999999 0.11109219687500001 0.9130763 0.105633365625 0.9149184250000001 0.0826473078125 0.9117697671875 0.078630740625 0.9054414031250001 0.07805537343749999 0.8989552078124999 0.0891710578125 0.8988931046874999 0.10408658281250001 0.9094515874999999 0.11109219687500001
0 0.88405268125 0.20795729375 0.8909528281250001 0.20228173906250002 0.891778165625 0.1875642375 0.8868805406250001 0.184160440625 0.8810929062499999 0.1847919125 0.8760374515624999 0.1930791703125 0.876324628125 0.20275258906250002 0.88405268125 0.20795729375
0 0.6832629171875 0.19639048750000002 0.6923570375000001 0.1880845296875 0.6998600171875 0.168700290625 0.6938809328125 0.162882815625 0.688538303125 0.161496653125 0.6808438718750001 0.1744319484375 0.6774106078125 0.186339725 0.6832629171875 0.19639048750000002
1 0 1 0.054244753125 1 0.0612017703125 0.99132773125 0.06441253125 0.980428771875 0.0896613171875 0.972048009375 0.09538427968749999 0.960734303125 0.1135414671875 0.9515801500000001 0.1153214875 0.9435096171874999 0.1383763015625 0.937759259375 0.1345265140625 0.918629146875 0.1383090578125 0.9014792640625 0.14142409218750002 0.8873558296875 0.15217145468749999 0.8752126312499999 0.151025321875 0.8621167156249999 0.1659070765625 0.8531792859374999 0.1750322484375 0.8374155640625001 0.1764940390625 0.8271293765625 0.18568388593750002 0.8220478906250002 0.1901339359375 0.8018715578125001 0.1910860484375 0.7829207671875 0.1933110734375 0.7728326 0.191148153125 0.768005240625 0.1881573234375 0.7522976234375001 0.1919398671875 0.735147740625 0.1920976953125 0.7234566874999999 0.1910472859375 0.7135852453125 0.204436196875 0.7223917703125 0.21340354062500003 0.7183191015625 0.2148653328125 0.7080329109375 0.21798036718749997 0.6939094796874999 0.23098637812499997 0.6898181109375 0.23251027343750003 0.6646163953124999 0.231110584375 0.6599870578125 0.2168006125 0.6626735640625 0.2095822359375 0.6661334625 0.20045449375 0.656299421875 0.21759489531249998 0.655413825 0.22659329062500003 0.6438833953125 0.23069406250000002 0.6289491671875 0.24252288593750002 0.619219646875 0.2403599640625 0.6143922875 0.22344206562500002 0.61426906875 0.20655521718749997 0.6066880859375 0.20089435937500003 0.6030862671875 0.20394472187499998 0.5782806 0.20569111874999998 0.5520700671875 0.203145296875 0.534344815625 0.19611580312500002 0.5186558984375 0.1926799703125 0.5049659140625 0.18879913125 0.4932935609375 0.187557271875 0.4769731734375 0.200785784375 0.4718729890625 0.215318259375 0.46817766562499996 0.22931000468749999 0.46327550468749995 0.2379591203125 0.456987178125 0.2426963453125 0.446484265625 0.22304374375 0.44778460937500003 0.20819304062500002 0.449264275 0.19585453749999998 0.45032919531250004 0.17674266562500002 0.4528363796875 0.163322703125 0.45148761875000004 0.1521277640625 0.4400506921874999 0.14366753125 0.42719019999999996 0.1284985984375 0.4264542109375 0.1262089015625 0.42586014062499994 0.1246798640625 0.399866334375 0.1208300796875 0.3807362203125 0.10731439062499999 0.37616298593749997 0.102256365625 0.35885248281250004 0.0956408265625 0.34860369375 0.0824123140625 0.35370387968749994 0.0865130828125 0.338769653125 0.07175810625 0.3434737921875 0.0719780390625 0.316867215625 0.0501314640625 0.32079796250000003 0.0453916671875 0.3057031140625 0.0267558515625 0.298734903125 0.0119362 0.2927568046875 0.02528891875 0.25782556875 0.012758965624999999 0.25244154218750003 0 0.2755005828125 0 1
0 0.19968591093750002 0.9195367734375001 0.188014915625 0.9175752421875 0.17958830312500002 0.9228547500000002 0.1741835703125 0.9363841125000001 0.1806723328125 0.9508661906250001 0.19014935625 0.955458125 0.19997565625 0.954807953125 0.205031109375 0.946520696875 0.207064684375 0.929983584375 0.19968591093750002 0.9195367734375001
0 0.2231133453125 0.8242932625 0.2177707171875 0.8229071015624999 0.20708545625000002 0.8201347765625 0.20028103437500003 0.829034803125 0.20002748124999997 0.8375013828124999 0.2032408109375 0.8522001843750001 0.20769342968750001 0.8576216140625 0.2181561875 0.8614027531249999 0.22651812656249998 0.8454410109375001 0.22677168124999997 0.83697443125 0.2231133453125 0.8242932625
0 0.2524164296875 0.654849471875 0.2474567015625 0.6663612015625 0.248952115625 0.6742150109375 0.2562351640625 0.68143735 0.26704720000000004 0.6799763828125001 0.27601454375 0.675903715625 0.281515003125 0.665598825 0.27804811875 0.659366603125 0.26847537187500004 0.6515501953125 0.25855334375 0.64897589375 0.2524164296875 0.654849471875
0 0.31668324531250003 0.634194603125 0.3104816578125 0.6293859453125 0.3041532921875 0.6288105765625 0.2984613828125 0.6326665203124999 0.2925159203125 0.6449890453125 0.2955378 0.6532389000000001 0.305110546875 0.6610553078125 0.31277392656249997 0.655577775 0.3152861265625 0.6551630296875001 0.317161871875 0.65031696875 0.31786043125 0.63983275625 0.31668324531250003 0.634194603125
0 0.2975636625 0.5599085046875001 0.28366764375 0.5680351406249999 0.27683217031249996 0.58439293125 0.2761336109375 0.5948771421875 0.2849741765625 0.5950377640625 0.2931782875 0.5907670734374999 0.3002362625 0.573400465625 0.3325740765625 0.540195334375 0.334480875 0.5278915140625 0.3079927984375 0.545549646875 0.3019826609375 0.547189934375 0.2975636625 0.5599085046875001
0 0.195668228125 0.49507577031249994 0.199008334375 0.5055412828125 0.2090260859375 0.5113400578125 0.22018740312500001 0.504636984375 0.2200270046875 0.49073027499999994 0.21656011875 0.484498053125 0.2000872265625 0.48235720000000004 0.195668228125 0.49507577031249994
0 0.1879660859375 0.43121778125 0.18745640624999999 0.422553178125 0.1835445171875 0.418338590625 0.17702469999999998 0.41131427656249997 0.163255459375 0.4152076203125 0.16328908125 0.43334762031250007 0.16281302343749998 0.442823015625 0.1766779921875 0.44215414218750004 0.187076075 0.4352530484375 0.1879660859375 0.43121778125
0 0.206334059375 0.25 0.20375348125 0.25720075625 0.21179976250000002 0.26462111718750003 0.21965459375 0.2655925328125 0.2232793078125 0.260133703125 0.224719428125 0.25 0.206334059375 0.25
0 0.110556203125 0.35780626406250005 0.111479834375 0.37191099687499996 0.11834892968749999 0.37369320312500004 0.128493459375 0.3752586875 0.13224495 0.36556656875 0.13160849375 0.36113525625 0.1243254453125 0.3539129171875 0.117774578125 0.354346365625 0.110556203125 0.35780626406250005
0 0.111823975 0.315473365625 0.10463665 0.31147550156250003 0.09961225 0.312304996875 0.08896061093749999 0.3276726703125 0.0917599890625 0.3369313421875 0.1053714015625 0.34472904843749996 0.1052756765625 0.3415045765625 0.113257284375 0.3382427 0.11599198749999999 0.3368191375 0.11767628125 0.32552413125 0.111823975 0.315473365625
0 0.6801271578125 0.2831133 0.67427485 0.27306253593749996 0.6636542640625 0.28097244843749997 0.6566920140625 0.30156352656249996 0.665405803125 0.3059574375 0.6760263890625 0.2980475265625 0.679873603125 0.2915798796875 0.6801271578125 0.2831133
0 0.7832229109375 0.5839640375 0.7723151484375 0.582200528125 0.7647164421875 0.598360296875 0.76630758125 0.609438578125 0.7716502125 0.6108247406249999 0.7809668328125 0.6015099656249999 0.7861490640625 0.58898941875 0.7832229109375 0.5839640375
0 0.787209753125 0.7012519046875 0.7876858109375 0.691776509375 0.7831374656250001 0.6831306078125 0.7761726437500001 0.6781239265625 0.765552059375 0.6860338375 0.7640902671875 0.6963200281249999 0.7654899562499999 0.7009493640625 0.7749669781249999 0.7055412984375 0.7812953421875 0.7061166671875 0.787209753125 0.7012519046875
0 0.6251778796874999 0.9742823390625001 0.62166228125 0.985917803125 0.6295944203125 0.9929948578125 0.6383483953125 0.9877375484375002 0.6432123843750001 0.9915090453125 0.646240978125 0.9734734312499999 0.6371491515625 0.9673502484375 0.6327721640625 0.9699789046875 0.6251778796874999 0.9742823390625001
0 0.6726550703124999 0.9828361671875001 0.67048484375 0.9797635781250001 0.662665321875 0.9764800203124999 0.65110496875 0.9772449265625 0.6451573765624999 0.9869946406250001 0.6453826109375 0.9945816359374999 0.6588514265625001 0.9980761640625001 0.666558328125 0.9975662249999999 0.6726550703124999 0.9828361671875001
1 0.3390625 1 0.5786013765625 1 0.5848109906250001 0.9851399359374999 0.5862689781249999 0.9742253812499999 0.6041513109375 0.9663174140624999 0.6172822703125 0.9584314468749999 0.638196221875 0.9626028765625 0.6515128625 0.94096273125 0.65570114375 0.9219732421875001 0.6433159328125 0.9049575031250001 0.6309702734375 0.9092829421874999 0.6181376125 0.9072082265624999 0.6160404500000001 0.8865879578125 0.6339227828125 0.878679990625 0.641739278125 0.8518485375000001 0.6223959359375 0.840556046875 0.6306994359375 0.8201247453124999 0.6533696734375 0.8034209390625 0.6476442921875 0.7906426343749999 0.6425915984375 0.7705103046875 0.6449444828124999 0.7297137046875 0.6490171234375 0.6768157031250001 0.65312931875 0.645258878125 0.6428017140625 0.627522234375 0.6325837078125 0.583464075 0.6250259546875 0.578993675 0.6232270890625 0.5484127234375 0.614917540625 0.5086139984375 0.6039537828125 0.48945754375000006 0.6174926375 0.44528937968750004 0.609822265625 0.4370254796875 0.6140470812500001 0.40926215312499997 0.593769284375 0.4065105328125 0.5870333640625001 0.389705765625 0.5893497171875 0.3576830015625 0.5667890765625 0.3480652921875 0.5530615171875001 0.3758726234375 0.5418359953125 0.3579030109375 0.5354013984375 0.36125257343749995 0.51938796875 0.3520788 0.514895340625 0.320798946875 0.4910258609375 0.3171154515625 0.47478719687500004 0.30035468593750003 0.460721784375 0.31678152187499997 0.43299885312499997 0.3133529984375 0.4084171328125 0.29568235625 0.385634278125 0.3085926671875 0.373212534375 0.30035076875 0.364793390625 0.2868735578125 0.3406256125 0.2931507484375 0.3390625 0.2933707953125 0.3390625 1
0 0.6797442109375 0.7914425031250001 0.670688915625 0.77654548125 0.66156055625 0.7791961390625 0.6533696734375 0.8034209390625 0.6663149515625 0.80928915 0.67379661875 0.80119221875 0.6797442109375 0.7914425031250001
0 0.7885115625 0.513501209375 0.777736509375 0.5107055890625001 0.7669249265625 0.51668380625 0.7636345671875 0.5359062640625 0.7846959546875001 0.53767246875 0.7862317390625 0.536750134375 0.7941243234375001 0.5224860171875 0.7885115625 0.513501209375