1 0.5 0.2796875 0.5 0 0 0 0 0.1558254921875 0.0067793546875 0.1590462265625 0.0202741953125 0.15920383124999998 0.0457168859375 0.17280298593750001 0.041601700000000005 0.18136211093750002 0.026522801562499997 0.1858808375 0.0203685578125 0.203023334375 0.0367045953125 0.205561534375 0.0655513328125 0.1988561859375 0.08359950000000001 0.20454426718750002 0.10598192343749999 0.20871802499999997 0.1374339328125 0.2153451171875 0.1491997859375 0.23034948593750001 0.1780835953125 0.2322517578125 0.181453934375 0.2479405484375 0.2006143125 0.270855990625 0.2046595234375 0.2796875 0.5 0.2796875
0 0 0.24222289843749997 0.007696078125 0.240433965625 0.015599525 0.2350489671875 0.018585646875 0.227259128125 0.01051705625 0.21621029531249997 0 0.2150179625 0 0.24222289843749997
1 0.5 0.2796875 1 0.2796875 1 0 0.574230746875 0 0.55494728125 0.0150544 0.5400874531250001 0.026617926562499998 0.5280688203125 0.04056205 0.5159591890625 0.055287581249999995 0.5065997531249999 0.07317511875 0.5030137109374999 0.0950424375 0.5 0.0983107109375 0.5 0.2796875
0 0.0651015625 0.7741789875 0.0581991078125 0.7709684890624999 0.049803590625 0.771652909375 0.0462344015625 0.7755235828125 0.045779404687500004 0.7794306265625 0.0454154078125 0.7825562609375 0.0477106078125 0.7896253109375 0.05912931875000001 0.789758665625 0.0635545734375 0.7874629343749999 0.06550263281249999 0.7796609703125 0.0651015625 0.7741789875
0 0.23306917343750003 0.7957024328125 0.2405176234375 0.7942244796875 0.24964113437500002 0.7872887890625 0.25271825625 0.7787175390625001 0.24816492812500002 0.7731870609375 0.2379662796875 0.7715030109375001 0.2306998265625 0.7714181484375 0.22401644375 0.7752524515625 0.2206292515625 0.77756030625 0.219318190625 0.779892409375 0.2192642625 0.7892814359375 0.2259847203125 0.794054753125 0.23306917343750003 0.7957024328125
0 0.1612539875 0.707226915625 0.1673913765625 0.7080810640624999 0.1738927609375 0.705809578125 0.1784090171875 0.7027324375 0.17846294375 0.6933434093749999 0.172598553125 0.690145034375 0.167681228125 0.6877401921875 0.161543840625 0.6868860421874999 0.155315453125 0.6868133015625 0.1519282609375 0.689121159375 0.15101826875 0.6969352468750001 0.155480596875 0.7032471328125001 0.1612539875 0.707226915625
0 0.10238428125000001 0.5789965421875 0.092859703125 0.5804502484375 0.0878884515625 0.5874344328125 0.0958289703125 0.5906570546875 0.10810374687499999 0.5923653515625 0.11866639062499999 0.59092376875 0.119576384375 0.5831096812500001 0.11276492656249999 0.5791177750000001 0.10238428125000001 0.5789965421875
0 0.331294334375 0.9251749031250001 0.32659608125 0.9298148625 0.3270881484375 0.9345154375 0.3331345375 0.9361509953125001 0.343606184375 0.9354908203125 0.3513276328125 0.931668640625 0.3568819515625 0.9286036218749999 0.359231078125 0.9262836421875 0.3609971375 0.9200444953125 0.35910300781250004 0.9184574328124999 0.352018553125 0.9168097515625 0.34371403749999996 0.9167127640625001 0.338250715625 0.9189963750000001 0.331294334375 0.9251749031250001
0 0.3819977203125 0.9539360296874999 0.3832548546875 0.9609929562499999 0.3827998578125 0.9649000000000001 0.3824358609375 0.9680256328125001 0.38442099218750003 0.9688312890624999 0.3862241234375 0.9711997609375 0.394437640625 0.97207815625 0.4029241578125 0.9706123265625 0.40649334687499994 0.9667416531249999 0.4081684046875 0.9612839171874998 0.40907839843750005 0.953469828125 0.4001908140625 0.949453675 0.3917952984375 0.9501380968750001 0.3819977203125 0.9539360296874999
0 0.274247978125 0.8259172671874999 0.2740659796875 0.8274800843750001 0.27617918124999996 0.83611195 0.285157765625 0.8393466953125 0.292879215625 0.835524515625 0.30114665937499996 0.8270138828124999 0.301874653125 0.8207626140625 0.2911839359375 0.8143779875 0.28053029218750003 0.8166009796874999 0.274247978125 0.8259172671874999
0 0.6371844640625 0.5885379859375 0.6586737515625 0.5825291828125 0.6661761265624999 0.5716622 0.6657750578125 0.5661802171874999 0.6526442140625 0.562896978125 0.6426646375 0.5682577296875 0.64120865 0.58076026875 0.6371844640625 0.5885379859375
0 0.5912838203125 0.4917579328125 0.5874584859375 0.479976184375 0.574054646875 0.47903717187500006 0.5637110734374999 0.4875235578125 0.562255084375 0.500026096875 0.5808492484375 0.5010257265625 0.5912838203125 0.4917579328125
0 0.5 0.3839356953125 0.5168633640625 0.3899499734375 0.5314501953125 0.380730671875 0.5326331859375 0.370572359375 0.5236546015625 0.3673376140625 0.5057345062499999 0.36947574375 0.5 0.37225961874999997 0.5 0.3839356953125
0 0.7635654421875 0.7261639953125 0.7726889515625001 0.7192283046875 0.7762210671875 0.7067500124999999 0.76498435625 0.7050538390625001 0.7467002640625 0.7103176015625 0.7449342046874999 0.7165567484375 0.751108665625 0.7260185156250001 0.7635654421875 0.7261639953125
0 0.73901249375 0.9191476953125001 0.738611425 0.9136657125 0.725881653125 0.9158644578124999 0.7169401390625 0.9212373312499998 0.711058896875 0.9360356031249999 0.7055416484375 0.9477082390625 0.7054877218750001 0.9570972671875001 0.7151403734375 0.9634697703124999 0.7230438203125 0.9580847734375 0.7302361265625 0.9409543984375001 0.7385945703125 0.9316623578125001 0.73901249375 0.9191476953125001
0 0.7993348515625 0.7492734109375 0.79765979375 0.75473115 0.7994999968750001 0.7657072421875 0.8145788968750001 0.761188515625 0.8179660890625 0.7588806609375001 0.823574334375 0.7464266140625 0.8208241390625 0.7432646093749999 0.8064732328125 0.7415320640624999 0.7993348515625 0.7492734109375
1 1 0.2796875 0.536216515625 0.2796875 0.5383088468749999 0.286131728125 0.556266015625 0.2926012171875 0.568230721875 0.288046121875 0.5840207609375 0.29527277343749997 0.581199784375 0.3194964421875 0.58010779375 0.32887334687499997 0.577468815625 0.3515341984375 0.5772868156250001 0.3530970171875 0.5806403 0.38678245312500004 0.580458303125 0.388345271875 0.5826995765625 0.40480334687499997 0.582773721875 0.4220185859375 0.58257486875 0.44157805000000006 0.58627213125 0.44553358593750003 0.601152178125 0.4605743234375 0.5982031296875 0.476971784375 0.603885521875 0.48173297656249997 0.61024198125 0.48963192656249993 0.6213337671875 0.5014985375000001 0.609460059375 0.5052722234375 0.602594678125 0.5106693437500001 0.6045258812500001 0.5208640265625 0.6266353078125 0.5273820109375 0.64797966875 0.53154364375 0.669415028125 0.5349238703125 0.668505034375 0.5427379562500001 0.676482628125 0.5545681968749999 0.681565096875 0.57340686875 0.67162259375 0.5873752375000001 0.6707496749999999 0.60379694375 0.6537597890625 0.624725253125 0.6254084875 0.6807320859375 0.649081753125 0.6559694765625 0.6640325828125 0.6436245390625001 0.6777633484375001 0.6328303 0.6864857875 0.6204126234375 0.689728053125 0.6282752046875 0.699653703125 0.6323034812499999 0.720286921875 0.6247197375 0.7126733265625 0.6097638625 0.69850441875 0.6064685 0.7049687312499999 0.5955893953125 0.7154774500000001 0.6035368390625 0.73212355625 0.6123384328125001 0.74696653125 0.6187715515625 0.7635216375 0.6283545531250001 0.7802587437499999 0.6363747375 0.808650484375 0.6335764328125 0.8186671328124999 0.6368233015625 0.8172650718749999 0.6399368125 0.806867571875 0.657812225 0.81191296875 0.668043278125 0.798947271875 0.68119386875 0.7922099625 0.6944172 0.8094559890624999 0.6891413140625 0.825080884375 0.6799341359375 0.8365535203124999 0.670678465625 0.843728975 0.6715447359375 0.8556566078125 0.6583820234375001 0.8545646171874999 0.667758928125 0.8467892421875 0.6809701359375 0.83996093125 0.6949748734375001 0.8298364296875 0.7105060609375 0.8372848812499999 0.7090281078125 0.8474296015625 0.7201011859374999 0.8594482343750001 0.7061570625 0.8728150031249999 0.69848845625 0.877385184375 0.6860222874999999 0.8754539796875 0.6758276046875 0.8859256249999999 0.6751674296875001 0.903171653125 0.6698915421875 0.9250990828125001 0.6779723421874999 0.911311025 0.6535546984374999 0.9194335437500001 0.6552145046875 0.93793670625 0.6569955421875 0.948991421875 0.6602545328125 0.9599180624999999 0.655687315625 0.9712457749999999 0.6566020796875 0.9678956546874999 0.6675175546875 0.977275309375 0.676234284375 0.9893310140625001 0.6708977812500001 0.9961424703125001 0.6748896875 1 0.6749347390625 1 0.2796875