0 0 0.5350950453125 0.00811198125 0.53917373125 0.0179568015625 0.536780690625 0.0229866609375 0.5312560828125 0.0243457640625 0.521990859375 0.0199838375 0.5157708875 0.005777090625 0.5119439578125 0 0.5124538000000001 0 0.5350950453125
0 0.0094362265625 0.508572603125 0.0161998234375 0.5128023734375 0.026735815625 0.5128886890625 0.031992193749999995 0.5058198796875 0.0277435265625 0.4988278046875 0.0113616234375 0.49544687187500003 0.0039184734375 0.4958497125 0.004156609375 0.5014174765625 0.0094362265625 0.508572603125
1 0 0 0 0.4849597890625 0.0064217843750000005 0.48597544062500003 0.0107604734375 0.4779714765625 0.02210089375 0.47976504531249997 0.027380509375 0.48692017187500003 0.037701606250000005 0.49566265937500004 0.0467419953125 0.4915623625 0.06690791093750001 0.49791180781250005 0.06054218593750001 0.526925575 0.0728002984375 0.5296543 0.08504678906249999 0.5252710546875 0.10395524062499999 0.533001653125 0.11987248749999999 0.5323590234375 0.122024403125 0.5176890875 0.1521716375 0.5350973265625 0.16200483906250002 0.525592315625 0.16565235312499998 0.51510899375 0.175633675 0.5261677859375 0.17495412187499998 0.5308003984375 0.1859663875 0.5420222421875 0.197873103125 0.539955303125 0.22237770625 0.538300784375 0.23967729843750002 0.5426168703124999 0.24692254062500002 0.55 0.29683304062500004 0.55 0.29775013437500003 0.549431471875 0.29990205 0.5347615359375 0.29770365625 0.5209835968750001 0.31064132031249997 0.5190797093749999 0.33860178125 0.529821978125 0.3791020328125 0.505416821875 0.399822621875 0.5007937890624999 0.4219255546875 0.501129471875 0.4188094734375 0.48641637812500005 0.430817828125 0.47646536875 0.4526942421875 0.47834525625 0.454619640625 0.465219525 0.478343053125 0.4760816859375 0.49325259218750006 0.48949994375 0.507447721875 0.48621490468750006 0.512114565625 0.46878266562500004 0.5027111578125 0.46097533124999995 0.5083073125 0.451590215625 0.5237599046875 0.44692402343750004 0.5490689390625 0.44697675937500003 0.5580977109374999 0.4357644953125 0.5790564359375 0.4367092265625 0.5924587546875 0.43882890156250004 0.6136439984375001 0.4382294296875 0.6074234546875 0.4159152125 0.5999686859375 0.40920608437499995 0.5890580578125 0.39010016875 0.6089626 0.37665791249999997 0.6106614796875001 0.3650763828125 0.608927740625 0.35532200625 0.601801128125 0.339184603125 0.6101387296875 0.3254929796875 0.623744325 0.3118445125 0.6233696890625 0.2928249140625 0.6373150609375 0.27686014062500003 0.6390625 0.2735466953125 0.6390625 0.1893700734375 0.6314313609375 0.1803378296875 0.6349656171875 0.17062660937500002 0.6212002859375 0.15659930312499998 0.61108246875 0.13208867500000002 0.613336025 0.10953466875 0.594064559375 0.08989644062499999 0.583720225 0.06693001562499999 0.566170878125 0.0499341953125 0.547930359375 0.03045901875 0.541959571875 0.020824534375000002 0.5426158875 0.0019679859375 0.5430279671875 0 0 0
0 0.6390625 0.076567675 0.6337603796875 0.063784028125 0.612801653125 0.0628392953125 0.603886140625 0.0732794609375 0.607580134375 0.0912440140625 0.622126659375 0.0927546375 0.6390625 0.08180037500000001 0.6390625 0.076567675
0 0.9698784609375 0.2998481421875 0.9757959421875 0.293348603125 0.9805005437500001 0.286657240625 0.9711699062499999 0.2656635265625 0.9573089187499999 0.2755538859375 0.9505782953124999 0.27913653125 0.95248474375 0.29152062500000003 0.955590396875 0.29572952343750003 0.9698784609375 0.2998481421875
0 0.8589289875 0.17634577812500002 0.8587957421875 0.17725413437499998 0.858409678125 0.18834622031249998 0.874590515625 0.1964819125 0.8775355859375 0.18486512187499998 0.8782018125000001 0.180323346875 0.8764422812499999 0.17539791875 0.870377884375 0.17443878906250002 0.8589289875 0.17634577812500002
0 0.6767989328125 0.1912237359375 0.6615644828125 0.18509657968749998 0.6527019296875001 0.203212909375 0.6667235015624999 0.2091482375 0.6762796203125 0.20322417656249997 0.6767989328125 0.1912237359375
0 0.66397656875 0.1771132078125 0.667215471875 0.1804137515625 0.668028615625 0.18333064375000002 0.678797615625 0.177598409375 0.67689116875 0.1652143140625 0.6673077078125 0.1544043296875 0.660296921875 0.151436665625 0.65896446875 0.1605202171875 0.658431484375 0.16415363593750001 0.66397656875 0.1771132078125
1 1 0 0.6390625 0 0.6390625 0.10910918437499999 0.6402895203125001 0.1101657640625 0.6549773203125 0.11155931875 0.662240925 0.10434325 0.6832732828125 0.11324624531250001 0.6940832921875 0.1326150765625 0.6875132515625 0.1520234125 0.6890199640625 0.167132571875 0.7030415343749999 0.17306790156250002 0.7297248796875 0.1772880671875 0.73752146875 0.1664385796875 0.73131015625 0.158020784375 0.7171553421875 0.1529938109375 0.7292567953125 0.13817802343750002 0.7447440671875001 0.134121446875 0.7482357890625 0.12723825625000001 0.7691349015625 0.1370496078125 0.7773859046875 0.156943140625 0.801377003125 0.16259636718749998 0.8095733296875001 0.1490218125 0.835457203125 0.1586921109375 0.8524375140625 0.16137767187500002 0.862526615625 0.1518201890625 0.8939145671875 0.14934899375 0.925582675 0.1534281078125 0.9555049265625 0.16094881875 0.9747504109375 0.148192340625 1 0.15311196093749999 1 0
0 0.5620878593749999 0.8405273328125 0.5632436843749999 0.8470302515625001 0.572748728125 0.8469535140625 0.586151046875 0.8490731890625 0.5894704078124999 0.8480181421874999 0.591056028125 0.837208715625 0.583714515625 0.829727484375 0.5739713359375 0.8242364578125001 0.561951359375 0.8270754984375 0.5633337046875 0.8320342140625 0.5620878593749999 0.8405273328125
0 0.5901905640625 0.7280498296875 0.5829739328125 0.726908465625 0.5733556281250001 0.727757303125 0.5678727359375 0.73637031875 0.5668534078125 0.7433192359375 0.574421434375 0.7492562609375 0.586113253125 0.7558454953125 0.5960713328125 0.7526803515625 0.6006365375 0.7431321828125 0.60120283125 0.7392716734375 0.5997072296875 0.735085059375 0.596036475 0.7313444453125 0.5901905640625 0.7280498296875
1 0 0.55 0 1 0.2464972921875 1 0.24672836406249998 0.9984247468749998 0.28588113125 0.9903967828125001 0.307281271875 0.9811411390625 0.33235216875 0.975626109375 0.33440244531249996 0.9688402453125 0.3491754875 0.9688066656250001 0.366803234375 0.9636944781250001 0.376636434375 0.9541894656250001 0.3864696359375 0.9446844546875 0.406737190625 0.9431498296875 0.4171599265625 0.944008246875 0.42755942031250005 0.930642728125 0.4398059109375 0.9262594843749999 0.44897118125 0.9284990531249999 0.45597291562500003 0.9382965875 0.46926197500000005 0.9411883640625 0.48173498437499995 0.935260915625 0.4869797421875 0.9210801359375 0.46910223906250004 0.9135125921875 0.46188560624999997 0.912371228125 0.4627800546875 0.8990824453125 0.46196400625 0.8902632203125 0.46275681718749995 0.8848585078125 0.482446459375 0.8800724234375 0.487917734375 0.8643474390625 0.4852779265625 0.8607698765624999 0.483419309375 0.84467563125 0.48042810625000004 0.8363024046875001 0.48980827343750005 0.8298858015625001 0.509509534375 0.8322116874999999 0.5004226671875001 0.8078641109374999 0.502121546875 0.7962825828125 0.5039336875 0.7839289515625 0.5136536281249999 0.7751960421874999 0.51467295625 0.768247125 0.5326520984374999 0.7679306015625 0.5358233421875 0.7463117484375 0.528130434375 0.73403485625 0.523870146875 0.7199308125 0.5216833750000001 0.7132648421875001 0.509402025 0.6963121796875 0.5113274234375 0.6831864484375 0.5023538140625 0.6580667703125 0.488713359375 0.65037933125 0.4839884171875 0.6322517265625 0.48029442343750006 0.6142871750000001 0.4762606515625 0.598638928125 0.46431907812500006 0.579369959375 0.451221678125 0.5535980734375 0.4486066359375 0.55 0 0.55
0 0.3600628734375 0.9736886437500001 0.3621363890625 0.9811267171875 0.367982296875 0.9844213328125001 0.38423932031249997 0.9814623984375 0.39384600625 0.973501590625 0.390628284375 0.96667256875 0.3746994171875 0.9602032296874998 0.3631440984375 0.9670658312499999 0.3600628734375 0.9736886437500001
1 0.6390625 0.55 0.6390625 1 0.7672170328125001 1 0.790133190625 0.9908345359374999 0.8061534453125001 0.9831445406250001 0.8417130140625 0.9776154 0.8546276125000001 0.9657165046875 0.8877614218750001 0.9598037125000001 0.8977172781250001 0.9511545874999999 0.91565765 0.9642157046875 0.9314250812499999 0.9667094406250001 0.9518971171875 0.962511809375 0.971569678125 0.9637643125 0.9865102984374999 0.9549741328125 0.99389348125 0.938482690625 1 0.9364067953124999 1 0.551694821875 0.9992366328125 0.55 0.6390625 0.55