1 0.079382325 0 0.0776262265625 0.0013478609375000001 0.07943001093749999 0.0139289890625 0.07026039843750001 0.014475909375000002 0.061540746874999996 0.0078585890625 0.052860739062499995 0.0059971749999999996 0.0451817203125 0.02231608125 0.029312295312499997 0.0343652375 0.0108362984375 0.039432459375 0.0000214625 0.046421865624999996 0.0901493484375 0.45 0.61875 0.45 0.61875 0.050914032812499996 0.6026925234375 0.0540930484375 0.5853721453125 0.055126120312500006 0.5536115109375 0.0562274375 0.5366618140625 0.040584465624999996 0.506193571875 0.03367825 0.494827709375 0.015323095312500002 0.46106902187500004 0.021301851562499998 0.4561690609375 0.0041471296875 0.4485797390625 0 0.079382325 0
0 0.9644746812499999 0.12676570625 0.9714698281249999 0.1303137046875 0.9867128765625001 0.124646265625 0.996508865625 0.11771762968749999 0.9954107390625 0.10826659062499999 0.9860647124999999 0.10803099062499999 0.971350909375 0.1160459953125 0.9644746812499999 0.12676570625
0 0.9425853859375 0.08921210625 0.9420165015624999 0.0821086359375 0.9401155843750001 0.07825679375 0.9341392828125 0.07464802499999999 0.9254592734375 0.072786609375 0.918014165625 0.0764028515625 0.9138416484375 0.08537521249999999 0.9131756296875 0.0870010265625 0.9173302921875 0.09626975625 0.924501853125 0.1006002765625 0.9357091593749999 0.09993181718750001 0.9425853859375 0.08921210625
0 0.715739525 0.1455667203125 0.721755465625 0.153931390625 0.730611890625 0.156575328125 0.741779553125 0.15115096562500002 0.7441304343749999 0.1478385703125 0.7423662906249999 0.140013346875 0.7394068859375 0.1314663671875 0.727670340625 0.129787259375 0.7171686937499999 0.133585809375 0.715739525 0.1455667203125
0 0.6268442421875 0.14055929375 0.620241565625 0.14333224218750001 0.6194387734375 0.14893143749999999 0.6207133140625001 0.15916499687500002 0.624338734375 0.1660861625 0.6393082328124999 0.1683654859375 0.6465769296875 0.163966721875 0.6470268921875 0.1568024828125 0.646634421875 0.1504815328125 0.635171425 0.14085566249999998 0.6268442421875 0.14055929375
1 0.61875 0.45 1 0.45 1 0.20869094531250001 0.9670098406250001 0.2067120046875 0.964226853125 0.1989475484375 0.9615192109375 0.159456815625 0.971685884375 0.13585213125 0.9560503671875 0.13519862031250002 0.9316991343750001 0.16916587656249998 0.9180220296874999 0.1588790234375 0.917294584375 0.1327519390625 0.9034232124999999 0.139923653125 0.8846340250000001 0.14818173437499998 0.8849293609375 0.1632319671875 0.870744796875 0.1735945390625 0.8506810687499999 0.17161906093749998 0.8605781265625 0.19719922343750002 0.8452557984375 0.1933548546875 0.824173225 0.1914401453125 0.8066764296875 0.1916906953125 0.799602003125 0.17863089062499998 0.7754628921875 0.17689848749999998 0.7608462234375 0.17618420937499998 0.741470296875 0.1955799109375 0.739922209375 0.1932931125 0.7191924640625 0.192943446875 0.7062428015625 0.20878367656250002 0.6817330078125 0.22372731875000001 0.64701296875 0.21628165781250003 0.6323745125 0.1925703859375 0.636453828125 0.2335653953125 0.62454086875 0.2311037640625 0.61875 0.2373180671875 0.61875 0.45
0 0.5348247953125 0.8084097671875 0.5357643624999999 0.7988371921875 0.5338634437499999 0.7949853499999999 0.5229296875 0.787707046875 0.5134865265624999 0.7962007296875 0.5159563281249999 0.8071560421875 0.52379390625 0.8098607484375 0.5348247953125 0.8084097671875
0 0.57907876875 1 0.5815131640625 0.98802530625 0.5731463437500001 0.98297303125 0.5686784921875 0.9768951593749999 0.5607041390624999 0.9781638328125 0.5515741671875001 0.9834666578124999 0.54687240625 0.9900914515625001 0.5523591031249999 0.9961085546875001 0.5653943171875 1 0.57907876875 1
0 0.2263109015625 0.62617076875 0.221295953125 0.6359864203125 0.22545061562500002 0.6452551515625 0.22885998125 0.6466378890625 0.23971445781249998 0.644404384375 0.2506660671875 0.633441596875 0.246864234375 0.6257379125 0.232697525 0.6178593921875 0.2263109015625 0.62617076875
0 0.12279894843750001 0.6204490625 0.11774435937500001 0.6255088109375 0.11782364062499999 0.6350206171874999 0.1219783046875 0.6442893484375001 0.129855521875 0.651749959375 0.137340271875 0.6528896203125 0.1520937171875 0.64963051875 0.15272009375 0.6432488015625 0.14515606406249998 0.6325973312500001 0.1429023171875 0.62718044375 0.14198060625 0.6185119296874999 0.12279894843750001 0.6204490625
0 0.16288275000000002 0.45 0.161657921875 0.4722111125 0.1630335296875 0.5149534734375 0.1742408328125 0.514285015625 0.1739019265625 0.4532407921875 0.17522952187500002 0.45 0.16288275000000002 0.45
1 0 1 0.4892108171875 1 0.4891906625 0.99987623125 0.47374941406250004 0.9817641531250001 0.470613596875 0.9724346531249999 0.47429651249999993 0.965870628125 0.47262950156250005 0.9493161203125 0.4650258328125 0.9339087484374999 0.4545816796875 0.924222109375 0.4530910859375 0.9084501234375001 0.46643321562500006 0.8989308421875 0.46163038749999996 0.8730468343750001 0.43628174218750004 0.888043303125 0.4203473125 0.8731300265625 0.3969138578125 0.8745277140625 0.3908582765625 0.8614071390625 0.37344076406250004 0.8711694968749999 0.3564117875 0.8460147171875001 0.3667945140625 0.8279484578125 0.3456326609375 0.8165219406249999 0.3399913328125 0.832719309375 0.31979083125 0.8347172109375001 0.321709603125 0.8203279625000001 0.3074457609375 0.8211787296875 0.2874791671875 0.8104739671875001 0.2734492328125 0.7986220671875 0.280638646875 0.7847114968750001 0.25428543124999997 0.7823181078125 0.2265208984375 0.7736645421875 0.1860009734375 0.7633926359375 0.17183426562499998 0.7555141171875001 0.17214745468749998 0.752323259375 0.1753586203125 0.7299264796875 0.1705775796875 0.727039465625 0.14279519375 0.7366269921875 0.12907845 0.721584234375 0.1254133890625 0.709907165625 0.1053893015625 0.7126875890625 0.0961225546875 0.721963796875 0.075904196875 0.7422027890624999 0.07210236249999999 0.734499103125 0.029094782812499997 0.7315129734375001 0.0293108375 0.7370514 0.0198676765625 0.7455450828125001 0.0099924078125 0.7429619140625 0.011461217187500001 0.73573690625 0.006464121875000001 0.7273114671875 0 0.7284130609374999 0 1
0 0.8778695078125001 0.7837985765625 0.8648009249999999 0.7853710953124999 0.8609415953124999 0.7911525984375001 0.863411396875 0.8021079109375 0.873952684375 0.803065265625 0.8938003578125 0.79950231875 0.8920758546875 0.7964329984375 0.8811024578125 0.7843987921875 0.8778695078125001 0.7837985765625
0 0.7589380921875 0.7829617859375 0.745556321875 0.7877251640624999 0.743950740625 0.798923553125 0.752533615625 0.8095142531249999 0.7646229921875001 0.8127584062500001 0.776006709375 0.8128724703125 0.7812377125000001 0.8085952453124999 0.782569746875 0.8053436156250001 0.7823536921875001 0.799805190625 0.78182445 0.7974576234375 0.7773169578125 0.786623846875 0.7589380921875 0.7829617859375
0 0.7646151265625 0.730282234375 0.7550926859375 0.7292641124999999 0.7510569421875 0.7342630906250001 0.75272395 0.7508175984375 0.7536060234375 0.7547302109375 0.75754463125 0.7584605156249999 0.76892835 0.758574578125 0.775804575 0.7478548671875 0.77386401875 0.7392471203125 0.7646151265625 0.730282234375
0 0.8134682906249999 0.5988951625000001 0.8042590374999999 0.59468618125 0.79382275 0.6674757140625001 0.7858344765625 0.7282235640625 0.7902626859375 0.7295455328125 0.8024888375 0.7288163062499999 0.809228290625 0.7220699749999999 0.810833871875 0.710871584375 0.8104017625000001 0.6997947328125 0.8064810078125 0.6778233359375 0.8134682906249999 0.5988951625000001
0 0.9683803609374999 0.6768903515625 0.960132459375 0.6861057875000001 0.9611909453124999 0.690800921875 0.9672068859374999 0.69916559375 0.9845272656249999 0.6981325203125 0.9915799062499999 0.6881953296875001 0.9884440890625001 0.67886583125 0.9834866343750001 0.6751962953125 0.9683803609374999 0.6768903515625
0 0.8356111578125001 0.8299365265624999 0.8235435671874999 0.8496893671875 0.8299123359374999 0.8596190828125 0.8431573328124999 0.8588290875 0.8500732 0.8528652781249999 0.8494646749999999 0.841005903125 0.8356111578125001 0.8299365265624999