0 0.3983005890625 0.2285858296875 0.40276291718749996 0.2354208796875 0.41521969375 0.23687686718749998 0.4207908671875 0.21622005781250003 0.41560054375 0.21561339687499997 0.40503790000000006 0.21595716875 0.399028584375 0.22235744375 0.3983005890625 0.2285858296875
0 0.31962675156250003 0.22649284062500002 0.329097403125 0.23549164843749998 0.337037925 0.2395765015625 0.3494037 0.24181103906249998 0.35289874375 0.2209115625 0.34911048437500003 0.2173120390625 0.33182738125 0.2121351953125 0.320317671875 0.2115790875 0.3128692203125 0.21228685937499997 0.31962675156250003 0.22649284062500002
0 0.3187032984375 0.054342634375 0.299381140625 0.057608490624999995 0.29404589375 0.06724429062500001 0.2951210296875 0.07605098906249999 0.30098542031250003 0.07989317500000001 0.3110559953125 0.0747567796875 0.3160272484375 0.06823517343749999 0.33056015156249996 0.069933825 0.3344023390625 0.0640694359375 0.33021300937500003 0.054898740625 0.3187032984375 0.054342634375
0 0.2190794109375 0.2044811421875 0.21845927031249998 0.1917817 0.2070944859375 0.18098313125 0.20248723124999998 0.18439054375 0.19873604218750002 0.1894763859375 0.2004852484375 0.20151860937500002 0.2064406390625 0.2045822484375 0.2190794109375 0.2044811421875
0 0.20100814374999998 0 0.2007987125 0.009783359375 0.20440497500000002 0.014939979687499999 0.219392875 0.012745889062499998 0.22369005937500003 0.0029887578125000003 0.2218229734375 0 0.20100814374999998 0
0 0.1325122515625 0.0988715375 0.135225375 0.0936643640625 0.1336952421875 0.08875040937499999 0.126974784375 0.083229790625 0.11754120312500001 0.08291635 0.10936475937500001 0.08985250624999999 0.11373608906249999 0.0974661046875 0.11459215468749999 0.09914453437500001 0.11950948125000001 0.102086840625 0.1301631234375 0.10096451875000001 0.1325122515625 0.0988715375
1 0.459375 0 0.459375 0.5 0.8678223812500001 0.5 0.8619011671875001 0.49496835624999996 0.8604249578125 0.4805904859375 0.8650322140625001 0.477183075 0.8899457640625 0.4800950515625 0.903531603125 0.4808938234375 0.9310841328125001 0.46122789375 0.9253646671875 0.44714324375 0.9387685078124999 0.44949911406250004 0.9443059734375 0.4651408609375 0.9618620734375 0.467982059375 0.9705845125 0.4563746109375 0.9636079109375 0.435040359375 0.9530081953125 0.42669876875 0.9560853156250001 0.41837739999999995 0.9661558906250001 0.4132410015625 0.9676118796875001 0.40078422812500003 0.9694318640624999 0.385213259375 0.966553596875 0.3738282515625 0.9659334546875 0.36112881093750004 0.995400334375 0.3700972890625 0.9826503437500002 0.3441423015625 0.979954071875 0.331200196875 0.9813190609374999 0.31952197187500003 0.9954677499999999 0.2975001734375 0.989202290625 0.28808681406250003 1 0.27756052656249997 1 0.25219806093749997 0.9978135109374999 0.2504232703125 0.9923670453125 0.23400297499999997 0.9881406406250001 0.216146915625 0.9869374328125 0.1994334015625 0.9679421984375001 0.19089969843750001 0.962532803125 0.18316476875 0.9630046546875001 0.161122746875 0.9586872515625 0.14404523593750002 0.95418785 0.128524821875 0.9393988015625 0.111012534375 0.9288530109375 0.0932070296875 0.9115328375 0.0793448203125 0.8918635359374999 0.0675755921875 0.888439271875 0.060861874999999996 0.886781065625 0.048041103125 0.8976335625 0.027212406249999998 0.8808964578125 0.017364271875 0.8670376203124999 0.01890114375 0.8416320031250001 0.01119654375 0.769270578125 0.0024962671875 0.7386900437499999 0 0.459375 0
0 0.459375 0.7033401765624999 0.44440736249999996 0.68680269375 0.4247751359375 0.68371883125 0.42025888125 0.6863476953125 0.4197499578125 0.6997043515625 0.430568746875 0.7151742109375 0.43747119999999995 0.71913773125 0.45652035937499996 0.7182075203125 0.459375 0.7137827765625 0.459375 0.7033401765624999
0 0.39861118125 0.7635251000000001 0.40376442968750004 0.7554463968749999 0.38739132187499997 0.74248406875 0.37194842499999997 0.7485709 0.3692353015625 0.7537780734374999 0.3805090859375 0.7653551921874999 0.38957866874999997 0.768782828125 0.39861118125 0.7635251000000001
0 0.10319415624999999 0.8963029656250001 0.10929447031249999 0.8891241421875 0.1054691375 0.8768392546874999 0.08989816875 0.87501926875 0.0839798515625 0.8806409937499999 0.0829788578125 0.889205028125 0.0939425734375 0.8944324250000001 0.10319415624999999 0.8963029656250001
0 0 0.9216736078124999 0.0064384421875 0.9228747109375 0.0119927625 0.920367178125 0.0136678203125 0.9150386734375001 0.0113726203125 0.9076677390625001 0 0.90360441875 0 0.9216736078124999
1 0 0.5 0 0.7663325859375 0.0037860031250000004 0.7655169234375 0.012036593750000001 0.7759514953125001 0.0234553046875 0.7772861531249999 0.033418028125 0.7910775828125 0.0490058484375 0.7747482890625 0.0490968484375 0.7739697421875 0.0798916421875 0.7625746265625001 0.06257146875 0.7487124171875 0.1003597171875 0.7405022750000001 0.114636478125 0.72638729375 0.1258361171875 0.72059368125 0.142445153125 0.7225349984375 0.1476894 0.7136777484375 0.159381109375 0.7126767578125 0.174278009375 0.7112612171875 0.18358351875 0.7036678421875 0.19960948437499998 0.7015950859375 0.2066400109375 0.7134654234375001 0.2226659765625 0.7113926656249999 0.254936978125 0.7143754203125 0.2642964125 0.6973181328125 0.2518935625 0.68639823125 0.24011085781250002 0.6881777687499999 0.2487422984375 0.67734886875 0.26919351874999997 0.6734257953125 0.2932510046875 0.6746593437499999 0.3028665828125 0.6734156875 0.31714334375000003 0.6593007078124999 0.301407228125 0.640888540625 0.2831231359375 0.6442757296874999 0.3047573484375 0.630231528125 0.30178808125 0.61962506875 0.3063582609375 0.6075322890625 0.3152997734375 0.603053109375 0.3417603109375 0.5927297625 0.3478606265625 0.585550940625 0.35040860625 0.5637515828125 0.3498794625 0.5502735953125 0.33439949375 0.5476750609375001 0.3303382359375 0.5464111828125 0.333870353125 0.5341970734375 0.333523209375 0.5191619890625 0.3319020765625 0.51502658125 0.3427916453125 0.5028832484375 0.3431286484375 0.5 0 0.5
0 1 0.595695740625 0.99657356875 0.5935396265625 0.9795095390625 0.59549105 0.9873961328124998 0.6090398171875 0.9963747156250001 0.613246003125 1 0.6100160156250001 1 0.595695740625
0 0.9023793250000001 0.5351788140625 0.9058945859375 0.5411139828125 0.9171313 0.5440057359375 0.9292780031250001 0.5391120046875 0.9311350624999999 0.5322264015625 0.922702475 0.523348925 0.9079875703125001 0.52320736875 0.9055474453125001 0.5260788984375 0.9023793250000001 0.5351788140625
0 0.8253670578125 0.5908905203125 0.8263680499999999 0.5823264859374999 0.8105780078125001 0.5733782328125 0.797211240625 0.579707728125 0.7953912546874999 0.5952786984375 0.8034227749999999 0.5985850015625 0.8201228078125 0.5997477703125 0.8253670578125 0.5908905203125
0 0.6718806859375 1 0.6635334125 0.9941887093750001 0.6570109171875 1 0.6718806859375 1
0 0.625451975 0.7348309609375001 0.6136692671875 0.7366104984375 0.6003025 0.7429399953125 0.6112662140625 0.74816739375 0.6195168046874999 0.758601965625 0.63563376875 0.7557506593750001 0.6378548234375 0.7457508625 0.625451975 0.7348309609375001
0 0.64894324375 0.7139011546875 0.6595058890625 0.7135573796875001 0.6702876046874999 0.720341875 0.6892457640625 0.7201902125 0.6686293984375 0.7075211031249999 0.6603788078124999 0.6970865296875 0.64814110625 0.7027588124999999 0.64894324375 0.7139011546875