1 0.3796875 0 0 0 0 0.3146718109375 0.0005514921875 0.3407938578125 0.001646065625 0.3595869484375 0.006356540625 0.367594940625 0.022058410937500002 0.3694871234375 0.0256431015625 0.38895908125 0.037154165625 0.390190178125 0.0390947875 0.38386929062499997 0.055233690625 0.40454198437500005 0.039732125 0.4112575359375 0.03198785 0.43732360937500003 0.0496849703125 0.43524246875 0.06599295937500001 0.4183237796875 0.06881284374999999 0.4049298421875 0.07911686875 0.39914860625 0.0960986171875 0.41118320781250006 0.10771893749999999 0.4171094328125 0.1181322234375 0.41602332343750004 0.117380428125 0.4285740234375 0.1115585640625 0.4475366875 0.1244769703125 0.46438785156250006 0.1298019765625 0.46893118593749994 0.1440600859375 0.453638259375 0.16387992499999998 0.4530614421875 0.17215228124999998 0.4496884875 0.1929970609375 0.448298790625 0.20333750625000002 0.44408259687499996 0.217923390625 0.44287505468750005 0.23448631406249998 0.436911665625 0.23840397656249998 0.4258349328125 0.24228522031250002 0.41319315625 0.2474281296875 0.4099112765625 0.251691775 0.41370245 0.25642887187499996 0.43783917499999997 0.2732831515625 0.4443961265625 0.28971860625 0.43295508906249996 0.287304534375 0.418930421875 0.30606301406249997 0.4176014453125 0.3063543703125 0.430121784375 0.3128499921875 0.4401124109375 0.3231358109375 0.433548653125 0.32291729375 0.42415839687499995 0.33850990625 0.421355453125 0.3614956125 0.422252603125 0.3742319234375 0.43127855468750004 0.3796875 0.43073521875000004 0.3796875 0
0 0.6230773046875 0.5037099140625 0.6263160125 0.508313965625 0.6347522578125 0.5119837031250001 0.64203609375 0.5109886703125001 0.645971965625 0.500694459375 0.6487736390625 0.48651799999999995 0.644400734375 0.4780317 0.6359827015625 0.4751444828125 0.625733303125 0.48327328437499995 0.6229498390625 0.498232265625 0.6230773046875 0.5037099140625
0 0.9186527640625 0.1967652609375 0.9250391296875 0.2020607578125 0.9448225484375001 0.1999189 0.949801571875 0.189594328125 0.9476788515625 0.18809000468749998 0.9340450718749999 0.1853545828125 0.922679684375 0.19038365468750001 0.9186527640625 0.1967652609375
0 0.76637115 0.20198015625000001 0.7640663359375 0.19265061875 0.758595653125 0.18184711250000002 0.7440279796875 0.183837178125 0.7349127796875 0.1958482265625 0.7434582828125 0.204213090625 0.7477037187500001 0.2072217421875 0.7550968140625001 0.21092183593749997 0.7665350375 0.2090228484375 0.76637115 0.20198015625000001
0 0.8415429390625 0.11287374375 0.8413608406249999 0.10504853125 0.8379946671875 0.09496683125 0.825385825 0.0914185296875 0.818284084375 0.100238775 0.8163070453125 0.1049946203125 0.82062531875 0.1111333546875 0.8238458156250001 0.11495488437500001 0.8364364484374999 0.11772066562500001 0.8415429390625 0.11287374375
0 0.894240671875 0 0.894407971875 0.007189396874999999 0.909084903125 0.009894459375000001 0.9205231296874998 0.007995471875 0.928722646875 0.00149243125 0.92801560625 0 0.894240671875 0
0 0.5899852609374999 0.3825169921875 0.5907370562500001 0.3699662921875 0.5832893312499999 0.36391863281250003 0.5728578359375 0.36422222031249996 0.56566505 0.369129859375 0.5659017765625001 0.3793026359375 0.57022005 0.385441371875 0.580687965625 0.3867028265625 0.5899852609374999 0.3825169921875
0 0.6489531203125 0.3596584703125 0.6574439921874999 0.36567576874999996 0.692286746875 0.382671921875 0.6984363859375 0.377794640625 0.6792408734375 0.3603431078125 0.6717931500000001 0.3542954484375 0.661215978125 0.348338865625 0.657977271875 0.3437348140625 0.6495592375 0.3408475984375 0.64311824375 0.3332045375 0.6294662515624999 0.32968659375 0.6190893859375001 0.3323377453125 0.61392826875 0.33483710312500004 0.6140739453125 0.3410972734375 0.619380740625 0.3448580875 0.6330145234375 0.347593509375 0.6489531203125 0.3596584703125
0 0.559557028125 0.3309381078125 0.54696639375 0.3281723265625 0.5386394078125 0.32919771875000003 0.5335875484375 0.336392203125 0.5339517421875 0.3520426296875 0.537208659375 0.35742920312500004 0.551885590625 0.360134265625 0.5570102875 0.356069865625 0.55977554375 0.3403283640625 0.559557028125 0.3309381078125
0 0.705662978125 0.2397673015625 0.6982698828125 0.23606720781249999 0.68884511875 0.23477539374999998 0.6826772703125 0.23887015156250002 0.686007025 0.24738680937500002 0.684157453125 0.25762030468749997 0.6914412890625 0.256625271875 0.6987251234375 0.255630240625 0.7048565531250001 0.24997043749999998 0.705662978125 0.2397673015625
1 0.3796875 0 0.3796875 0.30321180625 0.3919611453125 0.30605969375000003 0.3992085609375 0.30349961875 0.4052671515625 0.2947097328125 0.424480875 0.31294378749999996 0.42623940000000005 0.2987976859375 0.426002675 0.2886249078125 0.4333047203125 0.2884123984375 0.444779365625 0.28807845 0.45623579843749995 0.286961984375 0.47080347187499993 0.28497191875 0.47794163125000005 0.277716715625 0.483193796875 0.2791299640625 0.475267425 0.297370825 0.4909146671875 0.29691544375 0.5026260359375 0.30675427499999997 0.521511984375 0.31090294687500003 0.53401156875 0.3097561203125 0.5411679390625 0.30328343750000003 0.53361095625 0.29254065156250003 0.5271153328125 0.2825500265625 0.542544059375 0.272704390625 0.5490578921875 0.2834775359375 0.5450127625000001 0.28907662031250003 0.5545285765625 0.294281040625 0.5671009984375 0.2962643 0.574494090625 0.2999643953125 0.582620771875 0.29033126875000004 0.58024311875 0.27787164531249997 0.5830447921874999 0.2636951875 0.5861378203125 0.26203906718750003 0.6048234640625 0.2575800046875 0.6266931828125 0.255377428125 0.6422493765625 0.25100944062499997 0.657750940625 0.2442938890625 0.6742228171875 0.23441789375000002 0.6896515421875 0.2245722578125 0.7093439140625 0.21851779218749998 0.7223715796875 0.24006408437500001 0.7308988718749999 0.24764642656250002 0.731281275 0.264079375 0.748135553125 0.2706363265625 0.7543216125 0.2673240890625 0.75079155 0.250199696875 0.7451934 0.2339185421875 0.7386795671874999 0.22314539687499998 0.734288453125 0.213876575 0.726731471875 0.20313378906250001 0.724572334375 0.2000644203125 0.7294238875 0.1842622 0.7375505656250001 0.174629075 0.7457136671875 0.1665609921875 0.7370589046875 0.1535009984375 0.7410676171875 0.146336871875 0.7524330015625 0.14130779843750002 0.7680256140624999 0.138504853125 0.7804705703125 0.13501046249999998 0.7854860125 0.12625093437499998 0.801812209375 0.11011476875 0.8045956734375 0.0951557890625 0.8139475984375 0.0933175171875 0.8238510140624999 0.0703208109375 0.8267437359375001 0.060056959374999996 0.818289284375 0.055604701562500004 0.8334266546875 0.033238721875 0.8342330765625 0.0230355859375 0.835991603125 0.008889484375 0.8410434625000001 0.001695 0.8414003187500001 0 0.3796875 0
0 0.786838725 0.1395234390625 0.7993383078125 0.1383766125 0.8107036953125 0.13334753906250002 0.8083806703124999 0.1232354796875 0.7968513984375 0.1212218625 0.77928174375 0.128780653125 0.779391003125 0.1334757796875 0.786838725 0.1395234390625
1 0.3796875 0.65 0 0.65 0 1 0.29040513125 1 0.292017265625 0.989775675 0.316852546875 0.98043933125 0.3455690703125 0.9584612109374999 0.3622594625 0.957975471875 0.363193353125 0.9532499859375001 0.3744859 0.945090825 0.3796875 0.9456564125 0.3796875 0.65
0 0.8150274359375 0.9144171203125 0.803369915625 0.9160095640625 0.795161978125 0.9207414359375001 0.796983215625 0.928726415625 0.8096212062500001 0.93337093125 0.8212496046875 0.9305263531250001 0.8218658 0.9211101812500001 0.8150274359375 0.9144171203125
1 0.3796875 0.65 0.3796875 1 0.7476218250000001 1 0.7566001531250001 0.9881706734375 0.7647437890625 0.9791620218749999 0.7602202953124999 0.9642565265625 0.7631805125 0.9478800609375 0.7703728359375 0.9338866828124999 0.7767012375 0.9186652703125 0.7779045218749999 0.8985806999999999 0.7610198703125001 0.8909269343750001 0.756656646875 0.88290885625 0.76242711875 0.8796081734375001 0.776632615625 0.8798212421875 0.7948808515625 0.8742777531249999 0.7919248796875 0.8549408156249999 0.7735746812500001 0.8561013515625 0.771701153125 0.847384228125 0.7716137296875 0.8436274390625 0.782115975 0.828284653125 0.7710163515625 0.8179563671875 0.7625375984375 0.8125641265624999 0.757368784375 0.8058225703125 0.7739474578125 0.8003276703125 0.7811251953125 0.785708128125 0.763434921875 0.7793309828125 0.7509863625 0.7828260203124999 0.7468854031250001 0.786078115625 0.7403238578125 0.7912813921875 0.7366205265625 0.7757254421875001 0.7322427328125001 0.7670812 0.7245405 0.7591602 0.731805625 0.7482974484375 0.7306357765625 0.73392084375 0.7203563781250001 0.7229421031250001 0.707499834375 0.7089057125 0.6988462234374999 0.6959999890625 0.6843929984375 0.6851427171875 0.6732351296875001 0.67230996875 0.657024984375 0.657744496875 0.6503773484375 0.65 0.3796875 0.65