0 0.3264675390625 0.47347642187499994 0.319417278125 0.46019693124999994 0.301599196875 0.457036540625 0.2913829796875 0.46543090468750004 0.2929774953125 0.478107225 0.30578945156250004 0.4822022546875 0.3240363109375 0.4796064609375 0.3264675390625 0.47347642187499994
1 0 0 0 0.609375 0.014432995312499999 0.609375 0.020975571874999998 0.6059229015625001 0.016050590625 0.596301003125 0.039630365625000004 0.59027693125 0.057877226562499995 0.5876811390625 0.073773996875 0.5806588484375 0.0655179625 0.609375 0.0659796453125 0.609375 0.0837259484375 0.5966401015625 0.09931676874999999 0.5994054421875 0.1067505125 0.609375 0.1372253140625 0.609375 0.13403284843750002 0.5953566171875 0.145025478125 0.5860064203124999 0.1603103484375 0.5985593953125 0.1694025140625 0.5863205109375 0.15060181875 0.5509085359375 0.1602872734375 0.5515329 0.1720771625 0.548520865625 0.21801068437499999 0.5358907453125 0.2506617828125 0.5103338 0.2688252703125 0.47856203906249994 0.2790809421875 0.44502315625 0.287927453125 0.424721375 0.28122483125 0.4162422375 0.298470465625 0.413833371875 0.340992375 0.41481421249999995 0.34916445625 0.3922057203125 0.3235613859375 0.3913096546875 0.3289754453125 0.377324840625 0.336535621875 0.37429161093749996 0.332468196875 0.353157346875 0.35149146875000004 0.349605721875 0.33332575000000003 0.341644978125 0.3796875 0.35217876875 0.3796875 0.33695350468749996 0.3500800765625 0.323110321875 0.3542472609375 0.301249540625 0.3597841453125 0.291296175 0.349586540625 0.26725202656249997 0.3461727015625 0.2411304828125 0.34586452031250003 0.21118561093750002 0.3381189875 0.188305415625 0.32614374218750003 0.165404028125 0.34412410625 0.147451346875 0.33877034375 0.1435856328125 0.33451979062500004 0.1362704484375 0.3644337125 0.12663117031249999 0.367272875 0.10745095625000001 0.3032153234375 0.126708315625 0.2982694953125 0.109792425 0.2810030203125 0.10490729843749999 0.2671064671875 0.0718232296875 0.25384488906249997 0.06619039374999999 0.24499614687500001 0.0467596703125 0.22838325781250002 0.0368872640625 0.2045161421875 0.02026045625 0.187453634375 0.008850240625 0.1788780125 0 0 0
0 0.2563423375 0.5117058734375 0.2597144921875 0.523239434375 0.2745288984375 0.5269606078125 0.27806333437499997 0.5173810984375 0.26868383125 0.506969103125 0.2563423375 0.5117058734375
0 0.3003545484375 0.488893075 0.276406290625 0.4828228015625 0.2700929890625 0.49373199999999995 0.2685610046875 0.5029376546875 0.35011430468750004 0.5687993328125 0.32493778125 0.5224145796874999 0.32199440468749996 0.5051248359375 0.3003545484375 0.488893075
0 0.9605351203125 0.2666921328125 0.942839865625 0.267563190625 0.9360561015624999 0.2696405875 0.93329808125 0.278264265625 0.9466824859375 0.28792855 0.9609452859375001 0.293374459375 0.969302721875 0.2966793921875 0.9859759078125 0.2887012703125 0.9878555312499999 0.28429596562500004 0.9911651562500001 0.2739475515625 0.97790358125 0.268314715625 0.9652144515625001 0.268251134375 0.9605351203125 0.2666921328125
0 0.9445408265624999 0.356441971875 0.9476256421875 0.3453246546875 0.9446011234375 0.33859144375 0.9320139781249999 0.33526531875 0.9196724843750002 0.340002090625 0.9202657750000001 0.3528653390625 0.924168690625 0.355380171875 0.9310752812499998 0.3573342234375 0.9445408265624999 0.356441971875
0 0.9034102328125 0.024364003125 0.9102148374999999 0.029580596874999997 0.921677934375 0.0290622015625 0.9222086953125 0.020043474999999998 0.9229642671875 0.01179365 0.9165072984375 0.0113774078125 0.9003857140625 0.017630793750000002 0.9034102328125 0.024364003125
0 0.8333036453125 0.030154943750000003 0.823965828125 0.0343309328125 0.8178981796875 0.053303025000000004 0.8349606875 0.06471323906250001 0.8493046296875001 0.0596026140625 0.8471793546875 0.05594501875 0.8515110484375 0.05270367031249999 0.8484656890625001 0.03867646875 0.842764290625 0.030010403125 0.8333036453125 0.030154943750000003
0 0.8145074140624999 0.07420797500000001 0.8107064796875001 0.068430596875 0.792234809375 0.0702574859375 0.7901512203125 0.08118787656250001 0.7942997890625 0.09176560781250001 0.80598769375 0.09201611562499999 0.8124238218750002 0.0851383671875 0.8145074140624999 0.07420797500000001
0 0.740116740625 0.5673242968750001 0.7436511765625 0.5577447859375 0.73171761875 0.5494313828124999 0.7209289546875001 0.5522564890624999 0.7168429140624999 0.5635607359375 0.722442328125 0.5754893453125 0.7342322171875 0.5724773109375 0.740116740625 0.5673242968750001
0 0.602599059375 0.5484005234375 0.6013938671875 0.5551125406249999 0.6117745953125 0.56533760625 0.6322695578124999 0.5704308546875 0.636253615625 0.5623891515625 0.6355791828124999 0.560082440625 0.6303065625000001 0.545660190625 0.6150425359374999 0.5404012093749999 0.602599059375 0.5484005234375
0 0.4998183 0.532721915625 0.500063953125 0.5407848125 0.5097702515625 0.54870316875 0.519332878125 0.5452960828125 0.5239913671875 0.5395610937499999 0.525523353125 0.5303554390625 0.517594696875 0.5212943234375 0.5030259421875 0.5256360453125 0.4998183 0.532721915625
1 0.3796875 0 0.3796875 0.5341409765625 0.3798335921875 0.5340401578125 0.4013089359375 0.5316524859375 0.41726823749999997 0.546512171875 0.435943871875 0.5381601953125 0.4383542578125 0.5247361640625 0.431651634375 0.5162570265624999 0.44021303750000007 0.51303686875 0.451942628125 0.5278753609375 0.4823061703125 0.5197738921874999 0.49440201093749997 0.5069742265625 0.5113000078125001 0.499765009375 0.5273196046875 0.4967741671875 0.530077628125 0.4881504890625 0.548549296875 0.48632359843749995 0.5835110265625 0.49033766874999996 0.6077860796875 0.49391430312500006 0.61967795 0.4876397234375 0.629423703125 0.470413559375 0.634265315625 0.45085949062499997 0.6487715406250001 0.4246357921875 0.6492814593749999 0.40832307187500005 0.6768661359375 0.40155129062499995 0.6856106640625 0.3845120546875 0.7148501546875 0.3725660671875 0.73575305 0.36460913906250003 0.752201428125 0.3558621125 0.7812577921875 0.35773520468750003 0.7966029609375 0.3524376515625 0.787652234375 0.336269471875 0.7722862234375001 0.334273034375 0.7668096359375 0.326375871875 0.789019709375 0.308444384375 0.8020356328125 0.3060143265625 0.8124766593749999 0.2983888671875 0.835280021875 0.293320628125 0.83456390625 0.27642593125000003 0.82573600625 0.2642892 0.8073871640625001 0.2701475375 0.8112275515625 0.25078039375 0.7985175765625 0.243422821875 0.795697028125 0.230164525 0.807711728125 0.22792139374999998 0.810592575 0.2233291625 0.8241392609375 0.2118803765625 0.8170681578125001 0.19130689375 0.8144724171875 0.17881750000000002 0.8066248999999999 0.15919985 0.7953240890625 0.138605175 0.79105269375 0.123995996875 0.792584678125 0.11479034218749999 0.7790774484374999 0.101094609375 0.7741316218750001 0.08417871875 0.7646292906250001 0.0697352765625 0.7569857421874999 0.0435925375 0.745684928125 0.0229978609375 0.7256395890625 0.0194424203125 0.701220865625 0.004540348437499999 0.6995212890625 0 0.3796875 0
0 0.83416043125 0.36894111406249996 0.8230032890625001 0.359671878125 0.808434534375 0.36401359843750003 0.8025708546875 0.3764606046875 0.8068214093750001 0.383775790625 0.8154036546875 0.387849625 0.8283175937500001 0.3886821109375 0.8366333453125 0.3773990578125 0.83416043125 0.36894111406249996
0 0.286531025 0.9344998921875 0.29472394999999996 0.9191853921875 0.2850176515625 0.9112670375 0.27177691875 0.9129281921875 0.26889606875 0.9175204234375001 0.2750470875 0.927724296875 0.286531025 0.9344998921875
0 0.300666540625 0.8564493484375 0.3053667140625 0.8653023421875 0.3169526359375 0.8688153953125 0.335301478125 0.8629570578125 0.3338297890625 0.8543121859374999 0.3312548921875 0.849116784375 0.3201185921875 0.8471415406249999 0.30810389374999997 0.8493846703125 0.300666540625 0.8564493484375
0 0.2773927140625 0.8526857875000001 0.29185948281249996 0.851606609375 0.29204260937500004 0.837787528125 0.2862392265625 0.8323840062500001 0.27733018593750003 0.8308038109375 0.2703216125 0.8321123046875 0.269014434375 0.8420868640625001 0.2773927140625 0.8526857875000001
0 0.178420346875 0.6116835296875001 0.1683061125 0.61681535 0.1695529921875 0.62469131875 0.17425316562499998 0.6335443109375001 0.1978537859375 0.6348142328125 0.1976081328125 0.6267513359375 0.19603446093750002 0.6213690078125 0.19345956250000002 0.6161736078125 0.1886574046875 0.6105831578124999 0.178420346875 0.6116835296875001
0 0.144605740625 0.658540475 0.1514103484375 0.6637570703125 0.159746940625 0.659768009375 0.15882685624999998 0.6493984015625001 0.15435149374999999 0.6413143109374999 0.1472200921875 0.63859135625 0.141110759375 0.642975465625 0.144605740625 0.658540475
1 0 0.609375 0 0.9975441171874999 0.0400860265625 0.9691586453125 0.0337101984375 0.9581858656250001 0.0504853703125 0.9469452 0.0755159921875 0.9422720109375 0.08248288125 0.9263755328125001 0.105205103125 0.9318638312499999 0.12572090625000001 0.9442510703125 0.136243075 0.926069075 0.1219385875 0.90603518125 0.12389935156250001 0.8910733421874999 0.1429017828125 0.8802277265624999 0.16537835 0.877653128125 0.182623984375 0.8752442625000001 0.1768809015625 0.8519902125 0.1620456515625 0.8409750468749999 0.1668872640625 0.821420978125 0.1523996515625 0.8152061625 0.1488026875 0.8029036984375001 0.1665999265625 0.798770096875 0.1769389671875 0.79440718125 0.1660877765625 0.7753503140625 0.1606111890625 0.7674531515625 0.16612723125 0.75020579375 0.1609774375 0.7398149921874999 0.1559296265625 0.726161646875 0.14599851875 0.7174743859375 0.1386423078125 0.7139825281250001 0.134595721875 0.7001422546875 0.14493476562500002 0.6957793390625 0.1381093140625 0.6832687515625 0.12552216875 0.6799426265624999 0.1300578296875 0.6701761890625 0.128115678125 0.6526995171875 0.114608446875 0.639003784375 0.1065569640625 0.625911221875 0.10072429375 0.609375 0 0.609375
0 0.7574947484375001 0.7551720390625001 0.751494190625 0.76554083125 0.7630137640625 0.7740483671875 0.7752391109375 0.7738613187500001 0.778222534375 0.76073169375 0.7736015500000001 0.754260328125 0.7574947484375001 0.7551720390625001
0 0.8936686156250001 0.6394806625 0.8912581750000002 0.6526671562499999 0.9037740156249999 0.6534736578125 0.9252146421875 0.656804734375 0.9416118843749999 0.6568865828125 0.9176889375 0.64039854375 0.8936686156250001 0.6394806625
0 0.8707313796874999 0.609375 0.8710048671875 0.6113963765625 0.8858444609374999 0.6201508390625 0.8989146203124999 0.6135197515625 0.8949794234375 0.609375 0.8707313796874999 0.609375
0 0.7195174828124999 0.7086584109375 0.7398024234375 0.7039936203125 0.7406206125000001 0.68812504375 0.723351909375 0.6850627796875 0.7029412625 0.6899211296875001 0.7078526671875001 0.6973859796874999 0.7195174828124999 0.7086584109375
0 0.7280515546874999 0.6684695406250001 0.7069280171875001 0.6755564765625 0.7154570546875 0.690727640625 0.7334386187499999 0.6915614046874999 0.7384888187499999 0.6802373937499999 0.7280515546874999 0.6684695406250001
0 0.5248429328124999 0.7294582875 0.5331543562500001 0.7185731171875 0.5341103 0.7004872609375 0.5188483093749999 0.6949549359375 0.5083924484375 0.7105273624999999 0.5041152453125 0.7238986171875 0.5123271921875 0.7286517671875 0.5248429328124999 0.7294582875
0 0.45700998750000005 0.74945664375 0.4466593796875 0.7513890906249999 0.43358926875000003 0.758020165625 0.42743682656250004 0.7710461078125 0.42891624687499996 0.78403794375 0.44230349531249996 0.787824871875 0.454343603125 0.7730042906250001 0.46638383437500003 0.75818376875 0.45700998750000005 0.74945664375
0 0.44877137031250003 0.7352789625 0.43634429218750004 0.7431945796875 0.43284973749999994 0.7508241390625 0.43358926875000003 0.758020165625 0.44610508906249996 0.7588265937500001 0.45296991562500005 0.7449723125000001 0.44877137031250003 0.7352789625
0 0.440454075 0.7441658109375 0.43452914062500003 0.7369863375 0.420148778125 0.7353841625 0.424056853125 0.7440840390625001 0.4310015671875 0.7585032875 0.4386325765625 0.7612694890625 0.4410617046875 0.7555773640625001 0.440454075 0.7441658109375
0 0.3796875 0.8944836421875 0.3846382796875 0.8939335312499999 0.389945484375 0.8887517812500001 0.3979722109375 0.8788714750000001 0.39306080625 0.871406628125 0.3801225953125 0.8738221781250001 0.3796875 0.8742469890625 0.3796875 0.8944836421875