0 0.31875 0.0389634671875 0.3160268859375 0.037579125000000005 0.3025479984375 0.040005465625 0.30103850468750004 0.0565183515625 0.30640725625 0.0608650140625 0.31875 0.06290385781249999 0.31875 0.0389634671875
0 0.241245734375 0 0.237736309375 0.0066317109375 0.243214121875 0.01409829375 0.246500809375 0.0185782453125 0.2549108625 0.0203850296875 0.259074990625 0.020118453124999998 0.2681443625 0.0109388625 0.2711371046875 0 0.241245734375 0
0 0.061774617187500006 0.0171146640625 0.0620200046875 0.024134490624999998 0.0653066921875 0.0286144421875 0.068457053125 0.029194489062500002 0.078894640625 0.029308023437500004 0.0850590375 0.0265682140625 0.0858274171875 0.0187017609375 0.0802950734375 0.009675215625 0.06785721875 0.0120349125 0.061774617187500006 0.0171146640625
0 0.398926559375 0.0233290609375 0.38561476250000004 0.0287796421875 0.38219714531250004 0.0363558546875 0.3836143484375 0.0417831953125 0.38612799062500003 0.0434616328125 0.402049659375 0.042442362500000004 0.40782053281249997 0.0319564671875 0.4075959953125 0.025533096875 0.398926559375 0.0233290609375
0 0.7460451828125 0.19148061562500002 0.7564525890625 0.2082882359375 0.7673469765625 0.2039120890625 0.7731499281249999 0.19434381875 0.7728612375 0.1860852 0.759292825 0.184194784375 0.7460451828125 0.19148061562500002
0 0.7664692484375 0.249032496875 0.791906003125 0.20417922968750002 0.7791132609375 0.18936366875 0.7685396421874999 0.20291605937499999 0.7598643796875 0.23566015468749998 0.7664692484375 0.249032496875
0 0.7917572749999999 0.1296948421875 0.7840180625000001 0.1541019140625 0.7857239593750001 0.167787875 0.7942971640625001 0.1672390375 0.8023892187499999 0.152925834375 0.8044217078125001 0.14083990468750002 0.7917572749999999 0.1296948421875
0 0.649573296875 0.24088139375 0.6448347046875 0.2457831359375 0.6450592421875 0.2522065078125 0.6515678828125 0.26282597343749997 0.66136583125 0.26219873125 0.6694899624999999 0.2488031515625 0.6654949640625001 0.23986212343750002 0.6568576046875 0.2385757125 0.649573296875 0.24088139375
0 0.0992204546875 0.8808595484375001 0.090004315625 0.8725335187500001 0.07393162656249999 0.8755825421874999 0.0714876984375 0.8828094437499999 0.0786367515625 0.8944724374999999 0.09067366875 0.891681775 0.0992204546875 0.8808595484375001
0 0.09086293906250001 0.8199555203125 0.1122368734375 0.8194332750000001 0.120035953125 0.8059672687500001 0.1224446015625 0.79773258125 0.1008852125 0.798102725 0.0849534390625 0.8051829703125 0.09086293906250001 0.8199555203125
0 0.09309549687499999 0.8066818968749999 0.11044296718749999 0.8015311031250001 0.1139150796875 0.7851479218749999 0.09093993593750001 0.7835885390625 0.0845029125 0.7972240171875 0.09309549687499999 0.8066818968749999
0 0.31875 0.7692231765625 0.3044137734375 0.7578017546875 0.2912429890625 0.7667253328125 0.2980011640625 0.783556328125 0.3096473859375 0.791808678125 0.31875 0.7889276890625 0.31875 0.7692231765625
1 0.31875 0.35 0 0.35 0 0.7322819796875001 0.026056876562499998 0.7402695390625 0.051933925000000006 0.74770348125 0.0748738359375 0.7482550015625 0.08542454375 0.741519240625 0.092186078125 0.7420964234375 0.1007156046875 0.7546811578125 0.0985887890625 0.7709782171875 0.1188029375 0.77069419375 0.12336714687500001 0.7855528640625 0.14138407343749998 0.799550321875 0.14213031874999998 0.782331603125 0.15654070312499999 0.7702983890625 0.180720275 0.7677404234375 0.186488753125 0.7784817546875 0.213182609375 0.7707125453125 0.22989596093750003 0.747421359375 0.23552357656249998 0.7541314625 0.2358758671875 0.764209484375 0.248124259375 0.767465615625 0.2638797859375 0.7553463640625 0.2840587078125 0.754054553125 0.31875 0.7474734749999999 0.31875 0.35
0 0.31875 0.783706603125 0.3216749828125 0.7868344203125 0.338140640625 0.7803082421875 0.34099108437500003 0.7723085015625 0.33439044375 0.76256861875 0.324993890625 0.7623884390625 0.31875 0.7651635812500001 0.31875 0.783706603125
0 0.4176308875 0.8455748109375001 0.4281230046875 0.8472483078125 0.4433840390625 0.8361088875 0.43357850625000005 0.8242289984374999 0.42303185781249997 0.820995540625 0.413880690625 0.8278351875000001 0.412180340625 0.8388882078125001 0.4176308875 0.8455748109375001
0 0.6198775281250001 1 0.6210708921875 0.9943683531249998 0.612469984375 0.987101703125 0.598936565625 0.9879680828125 0.588798896875 0.9964343375 0.5885590359374999 1 0.6198775281250001 1
0 0.808352565625 0.94954649375 0.81665355625 0.9482333562499999 0.8300779140625 0.9442470531249999 0.8361877796874999 0.9399472828125 0.8368743625 0.9297408875000001 0.8252321531250001 0.9250141124999999 0.8086846999999999 0.92920035 0.8026838953125001 0.93662004375 0.8009290140624999 0.9461131015625 0.808352565625 0.94954649375
0 0.9270302265625 0.9419490109375002 0.9370588328124999 0.9303628343749999 0.9366771203125002 0.919443103125 0.9342133421875001 0.9086566625 0.9225983984374999 0.90470986875 0.9078058265625 0.8994030468750001 0.9039143515625 0.9074694328125 0.9033913578125 0.9223557109375001 0.8996907375 0.9358819624999999 0.908427975 0.9470485171874999 0.9270302265625 0.9419490109375002
1 1 0.35 0.4186001828125 0.35 0.42028793281250004 0.3544806546875 0.4102865890625 0.3668468109375 0.40220372031250007 0.3743997953125 0.3889702203125 0.3838459625 0.3810236765625 0.39529885 0.369981303125 0.4077316515625 0.3548565953125 0.4227709734375 0.345950815625 0.436630446875 0.34016813125 0.4502899875 0.3417272015625 0.46504297812499995 0.34008138125 0.477655959375 0.327066003125 0.49334197187499995 0.31875 0.4999216125 0.31875 0.6333994578125 0.32493190781250003 0.641224846875 0.32783192968749997 0.664490978125 0.32834996875 0.6793106124999999 0.3382645625 0.6943104265625 0.33130451875 0.7041367078125 0.3380414859375 0.71777649375 0.31875 0.733300428125 0.31875 0.742340425 0.3467241921875 0.7273830875 0.3460103421875 0.7368095 0.368885784375 0.7345633375 0.366171665625 0.746462984375 0.37263598125 0.7523029625000001 0.3791275609375 0.758922921875 0.3729358984375 0.7608827515625001 0.369289809375 0.7759689625 0.36871228437500003 0.7892952796875 0.37827243125 0.79415534375 0.4001886359375 0.79431576875 0.409557925 0.7937159687500001 0.4238324578125 0.78420315625 0.43226977499999997 0.786789921875 0.4380202390625 0.8020563140625001 0.4434435234375 0.8079629374999999 0.454699065625 0.8314758937499999 0.44582055 0.8461153484375 0.4380375984375 0.8622481203125 0.425817865625 0.8708476624999999 0.4232673390625 0.88742719375 0.4172615796875 0.9245527984375 0.4635949390625 0.877028246875 0.466827096875 0.879948234375 0.47838750937499996 0.8823350671875 0.484579171875 0.8803752390625 0.4884979140625 0.8730888328125002 0.484006603125 0.86399564375 0.46617273125 0.861228696875 0.4823930015625 0.8476826921875 0.5017314140625 0.8636426671875 0.5438634718750001 0.8750165375 0.5845455203125001 0.8747573390625 0.598351590625 0.8816907671875001 0.6158855453125 0.875877925 0.61114389375 0.8894708203124999 0.596073715625 0.9060701046874999 0.619249075 0.9124037312500001 0.6386742375 0.900997734375 0.6327824921875 0.9115373515625 0.6426698203125 0.925757184375 0.6653816703125 0.9188311390624999 0.6906440484375 0.8953255625000001 0.703686690625 0.8804195296875001 0.7267257234375 0.882853253125 0.7456278921874999 0.8863335359375 0.752310328125 0.898413359375 0.77943169375 0.8982405609375 0.805512028125 0.8981344078125 0.8184456109374999 0.880108453125 0.8249371906250001 0.8867284109375 0.8423348171875 0.877015665625 0.8710202078125 0.8618899453125 0.8864993640625001 0.856990371875 0.9169074171875 0.8612975265625 0.922930534375 0.884363725 0.9360871921874999 0.8428717015625 0.9508252328125 0.8466185625 0.9783059999999999 0.8268796015625 0.99134864375 0.81197356875 1 0.8135664625000001 1 0.35