0 0.4390625 0.0205164109375 0.43650839062499996 0.018072446875000002 0.42200838906250004 0.013251582812500001 0.41380315 0.0166023859375 0.41510034375 0.0247491 0.41833156093749996 0.0372017078125 0.40928506562500006 0.050949725 0.42069798281250004 0.0442231734375 0.4390625 0.0329788078125 0.4390625 0.0205164109375
0 0.048619128125 0.0595505296875 0.0429611984375 0.047538040625 0.041459571875000004 0.0459477203125 0.032821932812499996 0.04658295 0.0303952171875 0.047023071875 0.0199073921875 0.0517191828125 0.02062805625 0.0562451375 0.02178111875 0.0634866625 0.023426876562499997 0.0659821734375 0.029000970312500002 0.0696278859375 0.038707835937500004 0.0678674046875 0.048619128125 0.0595505296875
0 0.3725948421875 0.48694768125000004 0.37043285 0.4733698234375 0.3617952109375 0.47400505312499996 0.3562211125 0.47035934218750003 0.351079415625 0.4694292 0.3486527015625 0.4698693203125 0.3396664984375 0.47615575468750004 0.33689122031249996 0.482247078125 0.337611884375 0.48677303125 0.33997830625000003 0.4937944953125 0.3452641359375 0.4956298265625 0.366323621875 0.4946043765625 0.3725948421875 0.48694768125000004
1 0 0.6 0.240137428125 0.6 0.246379175 0.5880705390625 0.2527106890625 0.5729522609375 0.2502604328125 0.557564021875 0.26687534375 0.5443060234375 0.28834368593750004 0.5301677859375 0.28537719375 0.5036971984374999 0.29621357812500004 0.493349884375 0.29327062656249997 0.48270765625 0.28432118125 0.46570414531250004 0.28201505781249997 0.45122109843749997 0.2882024390625 0.4351976265625 0.2805501875 0.4263408328125 0.278880890625 0.4080169609375 0.275626134375 0.37973599375 0.2777645828125 0.3774854921875 0.289237796875 0.363297353125 0.2815855453125 0.3544405578125 0.2814414125 0.35353536874999997 0.27763366562499997 0.337461996875 0.2554814140625 0.32378433906250004 0.24048871875 0.3237094875 0.2361882765625 0.31238213125000003 0.24852628437500002 0.3036251359375 0.23486754062499998 0.28840705624999996 0.248791009375 0.2896071578125 0.262979203125 0.2767892796875 0.26145403906250003 0.2593706 0.24559654687500002 0.2538646046875 0.22190591875000001 0.26188656875 0.21075772499999998 0.2545951453125 0.2153831859375 0.24444293749999998 0.2062896078125 0.22653423749999999 0.17786613906249998 0.22051327187499997 0.1605908609375 0.2217837328125 0.143603846875 0.22486457343750002 0.123697425 0.2331315484375 0.1102666484375 0.227185434375 0.0912014796875 0.2250551921875 0.060063028124999994 0.21766396718749997 0.036492990625 0.2107627625 0.017199853125 0.1993605546875 0 0.19762415625000002 0 0.6
0 0.368806078125 0.24362607343749998 0.3908509546875 0.23310859687500002 0.3949837203125 0.22770240312499998 0.3929658609375 0.215029734375 0.39132010625 0.2125342234375 0.36618814843749997 0.2115042828125 0.3554120578125 0.2143900140625 0.3453566296875 0.22180169843750003 0.3466538265625 0.22994841250000003 0.363376115625 0.2408855515625 0.368806078125 0.24362607343749998
0 0.324347115625 0.1604189 0.32206453281249997 0.16176421093749999 0.31116785 0.1795731109375 0.31324600468749997 0.18478419375 0.3336686625 0.18759956718749998 0.34828925625 0.1774972625 0.34563456875 0.16866541562499998 0.339916340625 0.1641145125 0.324347115625 0.1604189
0 0.10714858281249999 0.0507980265625 0.0936575109375 0.052313496875 0.08724215937499999 0.0590650015625 0.0895482828125 0.0735480484375 0.09555477812499999 0.079909334375 0.1136948515625 0.0840700171875 0.1163259984375 0.07707350156250001 0.11159315624999999 0.0630305734375 0.1102959609375 0.054883859374999996 0.10714858281249999 0.0507980265625
1 0.4390625 0.6 0.974149734375 0.6 0.9812415218750001 0.584434575 0.967006246875 0.5655957328125 0.9816871359375 0.548031840625 0.9568801984374999 0.5255223375 0.9508501609375 0.5033326953125 0.9373958437500001 0.48155822031250006 0.9579390953125 0.4694504234375 0.9562697968750001 0.45112655156250003 0.9352103109375001 0.452152003125 0.9481851468750001 0.43955418437500005 0.9365207203124999 0.42118041406250006 0.9064147375000001 0.43595388125 0.8862568046875001 0.4191205296875 0.8886599796875 0.40285205 0.880779759375 0.3847232890625 0.8464336296875 0.380707815625 0.8357178375000001 0.3761319625 0.84439223125 0.35220678906249997 0.859301090625 0.3439148640625 0.8606953359375 0.32131005 0.8249549609375 0.33989939062499996 0.814323003125 0.3436903109375 0.8173027109375 0.3310425953125 0.8034395359375001 0.32238090937499997 0.7858995359375001 0.337669346875 0.7632913421875 0.30544775625 0.77591761875 0.29850114375 0.7668240374999999 0.2805924421875 0.7408508265625 0.289959715625 0.7258581296875001 0.28988486562500004 0.6915120015625 0.2858693921875 0.6671007062500001 0.2893654046875 0.6688670562500001 0.276937746875 0.697665515625 0.1990709 0.657695321875 0.2538179625 0.63125295625 0.283759609375 0.6279379015625001 0.2629402265625 0.6022294140625 0.258289521875 0.5983613703125 0.24967773750000002 0.5705144296875 0.2472775359375 0.5673302953125 0.266481646875 0.5504271203125001 0.2779292625 0.538930365625 0.2762890421875 0.49611427187499996 0.28964234843750003 0.48831788906250007 0.27988036250000004 0.45197744375 0.27902058125 0.4390625 0.284640946875 0.4390625 0.6
0 0.6243742250000001 0.1229555515625 0.6157601265625 0.139419140625 0.60743429375 0.1576931125 0.6091638859375 0.1685553984375 0.631064628125 0.1571327328125 0.63217060625 0.1327175359375 0.6243742250000001 0.1229555515625
0 0.6406509015624999 0.1702954203125 0.64198485 0.1551521921875 0.6317014546874999 0.15329190937499998 0.620576803125 0.1618288453125 0.6154586453124999 0.1767270640625 0.6308837390625 0.1795174859375 0.6406509015624999 0.1702954203125
0 0.615770453125 0.1943658046875 0.6106287546875 0.19343566406249998 0.60378100625 0.1974715953125 0.602651484375 0.20605843125 0.5998159109375 0.21961134062499998 0.602819159375 0.22279198125000002 0.6190252125 0.22264677187499998 0.6241433671875 0.20774855312499999 0.62299030625 0.2005070296875 0.615770453125 0.1943658046875
0 0.9344793203125 0.3926793859375 0.9233546703125001 0.4012163203125 0.9214441890625 0.4127387859375 0.930658359375 0.41572432031249995 0.9437170328125 0.41149327812500003 0.951057475 0.4027113328125 0.9482586578125 0.3929742984375 0.9441861859374999 0.3909189046875 0.9344793203125 0.3926793859375
0 0.8872789484375 0.386338559375 0.8905101656250001 0.3987911671875 0.9050704609375 0.396150446875 0.9186218281249999 0.387173390625 0.9199557781250001 0.3720301625 0.9093841171874999 0.36835950156249997 0.9013230078125 0.3726154921875 0.8872789484375 0.386338559375
0 0.41434980625 0.9316914984375 0.4019022921875 0.9268243515625001 0.39311015625 0.931585459375 0.3923950875 0.94042309375 0.3941102671875 0.9511948609375 0.4056489390625 0.9570184703125 0.4177801671875 0.953235034375 0.42262065 0.9436491953124999 0.419455328125 0.9370985890625001 0.41434980625 0.9316914984375
0 0.266677265625 0.7906481859375 0.29140098124999997 0.726000190625 0.25501608125 0.784055165625 0.24278235312500002 0.800523296875 0.24928676562500002 0.8080515734375 0.2612954796875 0.8034987234375001 0.266677265625 0.7906481859375
0 0.1960151 0.7733818015625 0.1891431484375 0.7635452890625001 0.18408887812500002 0.7517958499999999 0.1850802140625 0.7247005875 0.17490919375 0.7407946171875001 0.1703649859375 0.74557693125 0.1592138609375 0.755515665625 0.1611740671875 0.76782625625 0.16755596875 0.7745851203124999 0.1787271 0.77810049375 0.187958040625 0.7827593796875 0.197117715625 0.780306509375 0.1960151 0.7733818015625
0 0.1679635265625 0.8038015671875 0.1776132546875 0.80442634375 0.188223075 0.7977523109375 0.182627503125 0.7892675703125 0.1758268125 0.7865428171875 0.1632055359375 0.78724860625 0.1641856390625 0.7934039015625001 0.1679635265625 0.8038015671875
1 0.4390625 1 0.4390625 0.9925600859374999 0.4314215671875 0.9855927515625 0.41325596875 0.9714714546875 0.38820718906249996 0.9807642031249999 0.3852868875 0.975752421875 0.3934664625 0.967144253125 0.38493058125 0.9401936265625 0.362608325 0.9466169875 0.3575028046875 0.9412098953125 0.36659121875 0.931645265625 0.349231959375 0.9292521984375 0.343972684375 0.9428721484375 0.33262778593750003 0.944929709375 0.3142171625 0.9292695890625 0.3192826640625 0.90776846875 0.310348003125 0.8983060578125001 0.2899659421875 0.903585903125 0.27521069374999996 0.8975540359374999 0.23295640781250002 0.8854266781250001 0.2235004546875 0.8926830718750001 0.214320765625 0.8816818390625001 0.2234091828125 0.8721172078125001 0.21840616562499998 0.8540254234375 0.20207825937499999 0.8514453046874999 0.178428371875 0.8628592375 0.169442459375 0.859739175 0.1549834875 0.8489037843749999 0.1369604125 0.8490060046875 0.120601265625 0.8662223390625 0.103016990625 0.8757445546875001 0.0847488890625 0.8743079515625001 0.0725664125 0.8844337375 0.060506446874999995 0.8953289328124999 0.0464862765625 0.8939135359374999 0.0425146125 0.8756347 0.016240703125 0.8772333296875001 0 0.880178815625 0 1 0.40860763593750005 1 0.40698534999999997 0.998732559375 0.409589978125 1 0.4390625 1
0 0.96484206875 0.8029151562500001 0.94416373125 0.812998525 0.928693415625 0.8158042921875 0.916929728125 0.8218959640625 0.9056560906249999 0.8310652859375001 0.9082801140625001 0.8408805906250001 0.9249042953124998 0.8386571843749999 0.93315513125 0.8371607749999999 0.9469815265625 0.8306950015625001 0.9528021156250001 0.827264459375 0.9534659296874999 0.824769171875 0.9585514406249999 0.81672215625 0.96484206875 0.8029151562500001
0 0.8781738921875 1 0.8808986812499999 0.99546495625 0.87773335625 0.9889143515625 0.8719640203125 0.9860025453125001 0.8623855546874999 0.992489528125 0.8536514125 1 0.8781738921875 1
0 0.827498178125 0.8333658859374999 0.8156632265624999 0.8323458 0.8038995390625001 0.838437471875 0.806349796875 0.8538257125 0.8131504875000001 0.8565504656249999 0.828620803125 0.8537447 0.832919984375 0.847423559375 0.8316948546875 0.839729440625 0.827498178125 0.8333658859374999
0 0.701588 0.9622801390625 0.7093487828124999 0.9577060828124999 0.71600695 0.94620731875 0.716425740625 0.9421732078125 0.710166353125 0.9361837562499999 0.6957273921875 0.9388024703125 0.6888242 0.9487624109375 0.691693246875 0.9601165390624999 0.701588 0.9622801390625
0 0.7303321781250001 0.98952385625 0.74592500625 0.9874875031249999 0.749437859375 0.9828922375 0.7515518203125 0.9761757875000001 0.7507454796874999 0.9644475578125 0.7381242015625 0.965153346875 0.7263605140625 0.9712450203125 0.725522934375 0.9793132421875 0.7303321781250001 0.98952385625
0 0.6708948484375 0.889475275 0.665248025 0.8873328812500001 0.6539031265624999 0.8893904421875 0.642629490625 0.8985597640625 0.6434358296875 0.9102879953125 0.6526667671874999 0.91494688125 0.662857796875 0.912306959375 0.6800232828125 0.9068188546875 0.673815146875 0.8944870546875 0.6708948484375 0.889475275
0 0.5354272484375 0.6718050625 0.523734825 0.6850084937500001 0.5245411609375 0.696736725 0.5354672703125 0.6987132734375 0.5445044343750001 0.695490990625 0.544974475 0.6851145328125 0.543994371875 0.6789592375 0.5354272484375 0.6718050625