0 0.5826882359375001 0.3923189734375 0.5699253671875 0.386376878125 0.5535829062500001 0.38790553125 0.554620853125 0.40044496250000006 0.5666573625 0.4054143453125 0.5792644375 0.40557308125 0.5850231046875 0.40102046874999997 0.5826882359375001 0.3923189734375
0 0.5106233421875 0.305846909375 0.5281591359375 0.3070312671875 0.5349035453125001 0.30268378125 0.537549190625 0.29173243437499996 0.5233336046875 0.28384491562499997 0.5151364765625 0.286246978125 0.5075621156250001 0.29617270156250003 0.5106233421875 0.305846909375
0 0.48390346093750003 0.2600301453125 0.47855997187500005 0.26959853125 0.47622550781250006 0.276506815625 0.48654991562500005 0.2802983625 0.49319073593749996 0.28250182343749997 0.5038781203125 0.278974834375 0.5081840703125 0.2724767984375 0.5041888953125 0.259321990625 0.4921005890625 0.2576280828125 0.48390346093750003 0.2600301453125
1 0 0.459375 0.4729540515625 0.459375 0.4889406421875 0.4418222015625 0.4781488546875 0.420680575 0.4890952171875 0.4007762171875 0.4880572734375 0.388236784375 0.49708394531250005 0.36464670312499997 0.5119218921875001 0.3644481 0.5156568703125 0.34715093124999996 0.49672015625 0.340745675 0.5145671296875001 0.337886971875 0.512698828125 0.3153159921875 0.4979126765625 0.31223912343750004 0.476589703125 0.316017625 0.4673542234375 0.2902704765625 0.46828776562499996 0.27814129374999996 0.4818287875 0.281780625 0.5005579140624999 0.28567799531250004 0.511037303125 0.2640333375 0.47949351250000005 0.257469346875 0.471762953125 0.2460019296875 0.45448654531250005 0.2440499828125 0.44924624062499996 0.2314576390625 0.46849372968749997 0.2182100515625 0.48312408749999997 0.21550356406249999 0.4884153765625 0.1936008703125 0.46091855625000006 0.1969162125 0.4412036890625 0.1928137203125 0.4567157921875 0.18125351875 0.4479994890625 0.16958097656249999 0.429011384375 0.1820609765625 0.4224219546875 0.1609722609375 0.417648625 0.150120215625 0.4171294484375 0.13604560937500002 0.4236662703125 0.129190234375 0.4172326359375 0.11388487968750001 0.40057899218750004 0.11945659374999999 0.3945087390625 0.11244248593749999 0.3514986 0.0804886828125 0.3601622953125 0.0642171375 0.37308014375 0.044723028124999994 0.36929255625 0.0340761078125 0.33048639999999996 0.06461434218749999 0.32068076093750003 0.059287621874999995 0.325090303125 0.046238639062499996 0.3086438453125 0.038708459375 0.3044410796875 0.023045765625 0.28872098125 0.016488296875 0.266256878125 0.0298880953125 0.24560846718749998 0.0379147859375 0.2366327796875 0.027009829687499997 0.21681431875 0.029458282812499997 0.1950761671875 0.0282210140625 0.2076828375 0.012769965624999999 0.16275381718749998 0.008350003125 0.151962434375 0.0028181578125 0.10646285156249999 0.00320884375 0.060133315624999996 0.0091777640625 0.0223638859375 0.0054260859375 0.0030128046875 0.025224621875 0 0.0259275703125 0 0.459375
0 0.9300295609375 0.42329719218750006 0.9186680203125 0.4381857765625 0.9309121203125 0.445663046875 0.944556734375 0.44275143124999994 0.9480845296875 0.4385561578125 0.9489662750000001 0.4297024484375 0.9366703812499999 0.42550065468750004 0.9300295609375 0.42329719218750006
0 0.7504174812500001 0.414676175 0.7544644515625001 0.4245555078125 0.765255834375 0.4300873546875 0.77812229375 0.4294785015625 0.7822206546875 0.42047257812499994 0.7833617859374999 0.41085128125 0.775060659375 0.4041945109375 0.7594963546875 0.403420403125 0.7504174812500001 0.414676175
0 0.7025292000000001 0.33159193125 0.70533104375 0.34203372656250003 0.7121276546875001 0.3500205453125 0.7211029375 0.3453157203125 0.72769155625 0.3351848734375 0.7231258140625 0.326840715625 0.716536790625 0.32136178125 0.7025292000000001 0.33159193125
0 0.6546906828125 0.1671833046875 0.6447296578125 0.1716830046875 0.640112528125 0.1822241015625 0.6380374484375 0.1883648 0.6473761125 0.1919512203125 0.6616952921875 0.1932877921875 0.66854329375 0.1823893578125 0.6704107828125 0.173740771875 0.6665196046874999 0.1696448015625 0.6546906828125 0.1671833046875
0 0.7711368578125001 0 0.7677869171875 0.004222851562499999 0.7580856828125 0.023564746875 0.7629626046875 0.0278658453125 0.776347834375 0.025721817187500003 0.78055019375 0.025774728125 0.7882281437499999 0.0092980578125 0.791370165625 0 0.7711368578125001 0
0 0.7638492250000001 0.20632951406250002 0.7667024578125 0.1978860546875 0.7662872796875 0.19287028125 0.753472615625 0.19020366093750002 0.7479215375 0.197264159375 0.7381681 0.204271746875 0.7392578421875 0.2135357046875 0.748337121875 0.21788971250000003 0.75923209375 0.21687061093749999 0.7638492250000001 0.20632951406250002
0 0.6152099625 0.193473353125 0.6302550921875 0.18017285624999999 0.6457154015625 0.1718881296875 0.6525116078125001 0.1642651671875 0.6690608453125 0.1340248390625 0.6402157125000001 0.160063371875 0.6223687375 0.1629220765625 0.610280840625 0.1768379484375 0.6115781703125001 0.18860979375 0.6152099625 0.193473353125
0 0.5474612624999999 0.990401678125 0.5526493640625 0.9906597140625 0.555969571875 0.9839565531249999 0.55705890625 0.9776107312499999 0.5521819859375 0.9733096343749998 0.5433102937500001 0.9714635125000001 0.5381221921875 0.971205475 0.535891321875 0.9715628125 0.525152140625 0.978365275 0.5317411640625 0.9838442093750001 0.5383301890625 0.9893231437499999 0.5474612624999999 0.990401678125
0 0.6 0.9002638125000001 0.5882890796875 0.8945590921874998 0.5756820015625 0.8944003593750001 0.5656173859375 0.9054510062500001 0.5689897953124999 0.911082153125 0.5775503046875 0.9169713375 0.581441484375 0.9210673093749999 0.5974205625 0.911247409375 0.6 0.900570109375 0.6 0.9002638125000001
0 0.522504465625 0.9112677140625 0.5342297968749999 0.9202801578125002 0.5398330765625 0.9255539671874999 0.5511432265625 0.9295506375 0.5608448687500001 0.9258185250000001 0.5628681515625 0.9229533 0.5689379984375 0.9143576265625001 0.5624007718749999 0.9056032187499999 0.541388978125 0.9053386625 0.53417759375 0.9079458500000002 0.522504465625 0.9112677140625
0 0.3920160453125 0.610533721875 0.3859979953125 0.6158539203125 0.38807347812500004 0.625323003125 0.39398793906249996 0.6265537515624999 0.40612804062499996 0.6249721875 0.41707481093750004 0.6206776109375001 0.41645204218750004 0.6131539515625001 0.4133390171875 0.6067552171875 0.4012507125 0.605061309375 0.3920160453125 0.610533721875
0 0.4706671203125 0.5932162468750001 0.47544004375000004 0.588458509375 0.47699635156250003 0.5838529875 0.4783450703125 0.5767395750000001 0.47346815 0.572438478125 0.462106203125 0.57171728125 0.45416845937500006 0.5733517578125 0.4499143046875 0.5765743203125 0.44607532812499995 0.58481265625 0.454895225 0.5899342515624999 0.4629887609375 0.5940831359375001 0.4706671203125 0.5932162468750001
0 0.3789391546875 0.4993662171875 0.3675254109375 0.5019204937499999 0.36000284531250004 0.5085707421875 0.3583429453125 0.5197272140625 0.36026263593749996 0.5234129359375 0.3711058140625 0.5256693078125 0.38148201875 0.5261853796875 0.39071668593750003 0.5207129671875 0.3894193546875 0.508941121875 0.387032690625 0.5035151 0.3789391546875 0.4993662171875
0 0.355074940625 0.5387646828125 0.3414303265625 0.541676296875 0.3333889921875 0.5498617203125 0.337176578125 0.5605086406249999 0.34127534375 0.5671124984375 0.34936888125 0.5712613828124999 0.3575142140625 0.57213479375 0.36223534062499996 0.57065253125 0.3639992390625 0.5685548921875 0.36778641875 0.56359203125 0.3704320640625 0.552640684375 0.364880578125 0.544091403125 0.355074940625 0.5387646828125
0 0.43922598125 0.459375 0.41587822812499997 0.493086346875 0.42672140625 0.4953427203125 0.44197412343750003 0.48455010625000006 0.449704278125 0.48040774375 0.45691525781250003 0.462190775 0.45762884843749996 0.459375 0.43922598125 0.459375
1 0 1 0.4984829515625 1 0.49936783125 0.9984682359375 0.51379019375 0.9776440796875001 0.5255669125 0.9677712671875 0.5158648671875 0.9558935984375001 0.522816459375 0.9384442171875002 0.514359540625 0.9260040843749999 0.51508549375 0.911367015625 0.5104679562500001 0.90629833125 0.5096376 0.8962667843750001 0.522037084375 0.8939176328125 0.5175749359374999 0.8790225265625 0.5252015 0.8814311125 0.542840884375 0.8760645234375 0.546991040625 0.8637831265625 0.5351099171875 0.848987321875 0.515499046875 0.8539436625000001 0.5113484828125 0.850615278125 0.5082354609374999 0.8442165421875 0.471087984375 0.8167689625 0.4766390625 0.8097084640624999 0.49173639375 0.8087422734375 0.494433834375 0.7945154515625 0.48322727343749994 0.7839678343750001 0.46133373281249995 0.7925569859375 0.42942656250000005 0.77770175 0.40846615937499997 0.7585519359375 0.40068339843749995 0.734750209375 0.365922990625 0.7283384328125 0.36042330312500004 0.7165136750000001 0.3538338734375 0.6954249609375001 0.35004588281250004 0.6691682578125 0.3242089640625 0.66132713125 0.314195328125 0.637882740625 0.29230138437500003 0.6308621125 0.2341947234375 0.6310940625 0.21800765000000003 0.6227962953125 0.21048508593749998 0.62944654375 0.1974110359375 0.627547509375 0.2028581171875 0.6114281765625 0.1904064296875 0.6014430203125001 0.1633247890625 0.6097741359375 0.154245915625 0.621029909375 0.14599658437500002 0.611097665625 0.1494203828125 0.5978435578125 0.138162028125 0.5905714125 0.113155465625 0.5927618296875 0.1118581359375 0.580989984375 0.0880967015625 0.5826179390624999 0.08887485625 0.5803151765625 0.0932843984375 0.56726619375 0.08270060312500001 0.564242234375 0.0612218375 0.5622373796875 0.040832812499999996 0.5694964812500001 0.0297310625 0.5992272578125 0.017020396875 0.605619471875 0.010120596875 0.6197933796874999 0 0.6162978015625 0 1
0 0.22132745156250003 0.6004833515625 0.217540271875 0.6054462125 0.2157245765625 0.610819325 0.215932165625 0.6133272109375 0.21764426874999998 0.614505046875 0.22470026562499998 0.6217242796875 0.22641236875 0.6229021171875 0.23637339375000002 0.6184024171875 0.24171688281249998 0.60883403125 0.234453296875 0.5991069125 0.225322221875 0.598028378125 0.22132745156250003 0.6004833515625
0 0.4933436859375 0.7696417125 0.4877408109375 0.779977684375 0.49137260468750005 0.7848412437500001 0.50615875625 0.787918115625 0.5148228578125 0.78725635 0.5228641921875 0.7790709265625 0.512850965625 0.77123631875 0.50994553125 0.7673454718749999 0.5003992765625 0.7612511640624999 0.4933436859375 0.7696417125
0 0.7805197734375 0.459375 0.7792330140625 0.46167915156249995 0.7808415265625 0.4694079359375 0.78400634375 0.472531196875 0.79313741875 0.47360973125 0.7993630609375 0.47079741875 0.803617215625 0.46757485625 0.8083901390625 0.46281711875 0.8086550671874999 0.459375 0.7805197734375 0.459375
0 0.8706481734375 0.4971331171875 0.8759920687499999 0.5031745140625 0.8863682734375 0.5036905859375 0.8953953515624999 0.49571028593750005 0.9021397625 0.4913628 0.9084172 0.4852750125 0.9102328921874999 0.47990190312500003 0.9012054078125 0.4722724203125 0.8976776125000001 0.47646769375 0.8820097140625001 0.4822445328125 0.8732420218750001 0.4894572453125 0.8706481734375 0.4971331171875
0 0.7465098250000001 0.459375 0.7463405046875 0.462228571875 0.745199375 0.47184986875 0.74104921875 0.48413126562500003 0.736224496875 0.49216447656250006 0.735031571875 0.5050612453125 0.7410500296875 0.515350828125 0.7471716734375 0.50347968125 0.752099984375 0.48889552343750003 0.7607118843749999 0.47589945 0.7678192703125 0.464233428125 0.7709507421875 0.459375 0.7465098250000001 0.459375
0 0.858459525 0.6268684078125 0.867123628125 0.62620664375 0.8728822953125001 0.6216540312500001 0.8710144015625 0.6146928359375 0.8663968640625 0.6096241499999999 0.862972659375 0.6072684765625 0.8642177875 0.6067060140625 0.8500544046874999 0.611152803125 0.8452814796875 0.6159105406250001 0.8468899890625 0.6236393234375 0.858459525 0.6268684078125
0 0.89208001875 0.6897308265625 0.88974555625 0.6966391125 0.8978390921875 0.700787996875 0.9052580671874999 0.70068869375 0.9186950921874999 0.6952691921875 0.92455735 0.684165634375 0.9211849421875 0.6785344859375 0.9093560203125 0.676072990625 0.8969565359375 0.6784221421875 0.89208001875 0.6897308265625
0 0.917296203125 0.7680972031250001 0.912523278125 0.772854940625 0.9081655328125 0.78262845 0.9097740421875 0.7903572343749999 0.9221217328125 0.79128355625 0.9313046046875 0.7890866171875001 0.9348841968749999 0.78161586875 0.932289940625 0.773681959375 0.9266866625000001 0.7684081515625 0.922484303125 0.7683552390624999 0.917296203125 0.7680972031250001
0 0.94095485625 0.8042397593749999 0.9374270609375 0.8084350328125 0.9289187515625 0.8148801578124999 0.9396065421875001 0.8269629515625001 0.94977515625 0.8249711359375 0.9569865406249999 0.8223639484374999 0.9643015171875 0.8132058125 0.9550146500000001 0.80634391875 0.94095485625 0.8042397593749999
0 1 0.8921103406250002 0.9910222125000001 0.8902421390625002 0.974264575 0.8867550203124999 0.9706849828124999 0.8942257687499999 0.9693880578125 0.8980637046875 0.970581390625 0.9007767156250001 0.9784155437500001 0.9056931875 0.9949655921874999 0.9066724203125001 1 0.9036890578125 1 0.8921103406250002
0 0.9547083421875 0.9977043578125 0.9656551109375 0.9934097812499999 0.9739040343750001 0.98773224375 0.9679373734375 0.9741671890625 0.963786809375 0.9708388031249999 0.95143911875 0.96991248125 0.9435013765625 0.9715469578124999 0.9400253781250001 0.9724667578125 0.93867665625 0.9795801687499999 0.9387806546874999 0.9886390015625001 0.9448509078124999 0.9956531109375 0.9547083421875 0.9977043578125
0 1 1 1 0.9842782703124999 0.9914916234375 0.985641128125 0.9912322390625 0.9864087156250001 0.9918032109375 0.9972078484375 0.996747325 1 1 1
1 0.6 1 0.9007532578124999 1 0.9059921421875 0.99824725625 0.9136182984375001 0.985046059375 0.9100383015624999 0.9769070265625001 0.8957709203124999 0.9722949812499999 0.895148153125 0.9647713203125001 0.8953035390625 0.9549448999999999 0.9090517453124999 0.9454823390625 0.9120085687499999 0.9304879296875 0.9078058062500001 0.9148252375 0.9147056015625001 0.9006513281250002 0.9216571953124999 0.8832019453125 0.9261185328125 0.8668774890625001 0.9381546390625001 0.8562370906249999 0.9385694093750001 0.8456430812499999 0.937064490625 0.83136335 0.9332251078125001 0.8239919046875 0.9169862375000001 0.818969609375 0.9124204984375 0.8106254515625 0.9065578343749999 0.8061192281249999 0.9106561953125001 0.79711330625 0.9013693249999999 0.7902514109375 0.9047413265625 0.7802727765624999 0.905415484375 0.7689111796875 0.9053114859375 0.759852346875 0.9106031796874999 0.7535594343750001 0.9150127203124999 0.7405104515625001 0.9108621578125 0.7371820671875 0.893793340625 0.7377380078125 0.88030451875 0.7464329828125 0.8740266765625 0.7369109875 0.8744414484374999 0.7263169796875 0.8761013468750001 0.7151605078125 0.8850766312499999 0.7104556828125 0.8902125312500001 0.6983794125 0.8786947890625001 0.6918748546875 0.8797841234374999 0.68552903125 0.8821185874999999 0.6786207453124999 0.8708602328125 0.6713486 0.8741804375000001 0.664645440625 0.8818583906249999 0.6481687703125 0.89804505625 0.6408567546875 0.9096659828125 0.625200584375 0.9229468093750001 0.5983879421875 0.8941016765625001 0.6244264765625 0.8733496765625001 0.6390041125 0.8532718296875 0.642220153125 0.8462676296874999 0.631725446875 0.836306196875 0.620615365625 0.8224017921875 0.6086847859375 0.809950103125 0.5986996296875 0.7994699015625 0.5891247234375 0.773840571875 0.5837914828125 0.7565123687499999 0.5851150109375001 0.752880575 0.58025145 0.74208919375 0.5747196046875 0.745461196875 0.5647409703124999 0.7321277609375001 0.5636095250000001 0.7195206859375001 0.5634507890625 0.7186903296875 0.55341924375 0.7235150499999999 0.5453860328125 0.7286509484375 0.5333097609374999 0.7243963890625 0.5209225421875 0.710699571875 0.5114998484375001 0.6891694171875 0.5283802484375 0.6730863406250001 0.5291413140625 0.660635059375 0.5347659390625 0.649532496875 0.5332771546874999 0.6331900359375 0.5348058078125 0.6157060390625 0.5303459765625 0.6172623484375 0.5257404515624999 0.6250960937500001 0.5150471421875 0.6145640953125 0.5087477093749999 0.6 0.509280875 0.6 1