0 0.309375 0.4032440828125 0.304179346875 0.39959226875 0.298602521875 0.4065629140625 0.29798836875 0.4182816640625 0.296332546875 0.42998829375 0.294553896875 0.444038671875 0.309375 0.44486691875 0.309375 0.4032440828125
0 0.23049062031249998 0.1947042265625 0.23966090312500002 0.1987195640625 0.249117790625 0.197266153125 0.254899334375 0.18638925625 0.24801710312499997 0.1784919109375 0.2407254359375 0.1784070640625 0.23218738593750002 0.182216346875 0.229817446875 0.18766085625 0.23049062031249998 0.1947042265625
0 0.014893276562499998 0.1320025890625 0.016526231250000002 0.14062058125000002 0.020201573437500002 0.150044065625 0.0273294671875 0.15325391093750002 0.037746134375000004 0.1533751203125 0.0483675171875 0.1495900796875 0.0447740625 0.1386040953125 0.040853056250000006 0.1338681125 0.0368092203125 0.131475878125 0.024309220312499998 0.131330428125 0.014893276562499998 0.1320025890625
1 0.309375 0 0 0 0 0.08113715625 0.0068513375000000005 0.08656888125 0.025478507812500002 0.08913080625 0.0435734109375 0.10184898281250002 0.0685734109375 0.10213988437499999 0.09790385 0.09935426875 0.1006013375 0.0876597609375 0.10084699999999999 0.0829722609375 0.120638665625 0.0832025578125 0.1404712765625 0.0826516046875 0.1426955171875 0.0998754671875 0.1570331890625 0.10473265937500001 0.1777027484375 0.108100078125 0.1887287796875 0.136370528125 0.2080929328125 0.12486995468749999 0.21311941406249998 0.1085121875 0.2320741328125 0.1048241140625 0.259480225 0.13875724843749998 0.2847439640625 0.1539040203125 0.2996319796875 0.168148334375 0.309375 0.16826170468749999 0.309375 0.151301428125 0.30386245624999997 0.147090946875 0.2889334984375 0.133627884375 0.25978969687500003 0.112963878125 0.2504785078125 0.09174891874999999 0.24404665468750003 0.07525782343750001 0.26516659374999996 0.070031490625 0.30828436406250004 0.062715946875 0.309375 0.0622992109375 0.309375 0
0 0.9490303375 0.3739222953125 0.9485799593750001 0.3825160453125 0.9587100203125001 0.3881060046875 0.9691266875 0.3882272140625 0.9715785125 0.3812202046875 0.9697408421875 0.3765084640625 0.964737225 0.37254160937499997 0.9554441125 0.370870021875 0.9490303375 0.3739222953125
0 0.9515651312500001 0.18633745 0.9419854125 0.1901346109375 0.9303223609375 0.19390753125 0.9362448125 0.2002302578125 0.9443324859375 0.205014725 0.95642305 0.212972675 0.9683317609375 0.2045122546875 0.968700253125 0.19748100468750002 0.9678633046874999 0.19356263437500001 0.968068021875 0.18965638437500001 0.9640651312500002 0.1864829 0.9515651312500001 0.18633745
0 0.9483088000000001 0.0893654828125 0.9408124171875001 0.09318688593749999 0.938155871875 0.1041001453125 0.95629171875 0.11603707031249999 0.9690373796875 0.111495021875 0.9705703703124999 0.1021321421875 0.9709388624999999 0.0951008921875 0.96701785625 0.09036490781249999 0.9545588 0.0894382078125 0.9483088000000001 0.0893654828125
1 0.309375 0 0.309375 0.45 0.315932809375 0.45 0.324184534375 0.4432607453125 0.331657578125 0.45 0.5929829390625001 0.45 0.599389253125 0.44255441093750003 0.5915472421875 0.43308244374999993 0.6146276828125 0.43022410312500003 0.6073179390625001 0.41059588593749996 0.61393643125 0.40363736093749997 0.634951615625 0.42029815 0.6543157703125 0.4087975765625 0.686425584375 0.392754953125 0.70374735 0.3804488875 0.7108571640625 0.3641153625 0.7339376046874999 0.36125702187500003 0.7578959390625 0.3615358015625 0.7717832312499999 0.3749867453125 0.7909017234375 0.3681736703125 0.7930488671875 0.3470920421875 0.7842061328125001 0.33682670312499996 0.8047757265625 0.32221325 0.8213195640625 0.324750934375 0.8250996609375001 0.312287296875 0.82675548125 0.30058066875 0.8372130906249999 0.29992062656249996 0.8513460453124999 0.3086840703125 0.866766328125 0.3127721328125 0.8864761062500002 0.3145649296875 0.890501865625 0.2974137921875 0.858701521875 0.28766304531250003 0.854312059375 0.271977440625 0.8525972187499999 0.2649219484375 0.8612171562500001 0.259550165625 0.8807222187499999 0.2652492125 0.891589265625 0.25677667187500003 0.8894059671874999 0.238771559375 0.8858943984375 0.226223075 0.871229178125 0.22761588281249998 0.8688821062500001 0.2127357703125 0.8713748750000001 0.20494751249999998 0.8962929875000001 0.2068009140625 0.8800767 0.1980132296875 0.8830607921875 0.1808499703125 0.8856763921875 0.1707179625 0.8818782171875 0.1636382296875 0.8858630328124999 0.1472683421875 0.8916855203124999 0.135610196875 0.8901753953124999 0.12464845468750001 0.9138880687500001 0.12961473437499998 0.9168721609375 0.11245147656250001 0.9061917546875 0.09747439687500001 0.8990229187499998 0.0950458 0.8911399656250001 0.086355084375 0.8877512265625 0.07146285 0.88195160625 0.062796375 0.873986765625 0.055668157812499994 0.8716396921874999 0.0407880453125 0.8610002296874999 0.025029715624999997 0.8449477187500001 0.01311703125 0.847278171875 0 0.309375 0
0 0.2642754140625 0.7475658515625 0.2680145671875 0.7358834640625 0.2570066125 0.727156384375 0.2483047875 0.7340906671875 0.2479772390625 0.7403406671875 0.250529028125 0.7513145296875 0.2642754140625 0.7475658515625
0 0.245976871875 0.5597385875 0.24773265625000002 0.566012828125 0.25718954374999997 0.5645594171875 0.2707312109375 0.5647169890625 0.2739380984375 0.5631908515624999 0.2745113078125 0.5522533515625 0.266505521875 0.545906384375 0.256293575 0.541878925 0.24458957812499998 0.5464330953125 0.24642725156249998 0.5511448375000001 0.245976871875 0.5597385875
0 0.244905759375 0.45 0.24204736875 0.45572324843749995 0.24167887656249998 0.46275449843749994 0.24976654687500002 0.467538965625 0.2620208859375 0.47237191718750005 0.27164154687500003 0.4677935046875 0.2752988140625 0.4576736171875 0.27550353125 0.4537673671875 0.273702884375 0.45 0.244905759375 0.45
1 0 0.45 0 0.73916490625 0.00535079375 0.735954 0.029800448437499998 0.7268577796875 0.031210607812500003 0.7198386515624999 0.045916771875 0.71766459375 0.062992875 0.7100460281250001 0.07189941718750001 0.6992054953125 0.0808059609375 0.6883649625 0.1008432890625 0.683907759375 0.1113009 0.6832477171875 0.1204121609375 0.668500934375 0.1321980421875 0.6623842640625 0.1415320984375 0.663274603125 0.149415053125 0.6719653203125 0.162915775 0.6729041406249999 0.1747835453125 0.6652249703124999 0.1786864734375 0.650417584375 0.1601821359375 0.6455119078125 0.15289046875 0.6454270609374999 0.1525448421875 0.632133690625 0.1509118890625 0.6235156984375 0.15119849375 0.6180469484375 0.17035792968750002 0.610452625 0.17434274375 0.5940827375 0.17138151875000002 0.590921375 0.1680337234375 0.5752478906249999 0.16427649375 0.5673869078125 0.1730192609375 0.559671375 0.192851871875 0.559120421875 0.18153923593750002 0.5363187203125 0.1821533890625 0.5245999703125 0.1828084875 0.5120999703125 0.1916740859375 0.5020406875 0.192042578125 0.4950094375 0.20991468593749998 0.49209049374999997 0.21106110625 0.47021549374999994 0.20225931562500002 0.45916890468749993 0.198445940625 0.45 0 0.45
0 0.0572113296875 0.7209229234375 0.059967837499999996 0.7279905359375001 0.0660950078125 0.7304070109375 0.08200661249999999 0.7251200750000001 0.0908312703125 0.7158420421875 0.0869921515625 0.7095435578125 0.07053020156249999 0.7054433734375 0.05966315625 0.713915915625 0.0572113296875 0.7209229234375
0 0.9542453171874999 0.8256192203125 0.9567561625 0.8373743328125001 0.9617188343749999 0.8421224374999999 0.9817561625 0.837665234375 0.9927460390625 0.82684894375 0.9847811984374999 0.8197207265625 0.981738084375 0.8181218640625 0.9745692484374999 0.8156932671874999 0.9620283046874999 0.8163290671875 0.9542453171874999 0.8256192203125
0 0.80502324375 0.8090300625 0.8098221421874999 0.8169031671875 0.819238084375 0.8162310046875 0.8321475203125 0.8085639546875001 0.8355591265625 0.8031315687499999 0.8274305109375 0.7991283515625 0.8224268953125 0.795161496875 0.815176171875 0.7942954 0.8066790640625001 0.7973234328125001 0.80502324375 0.8090300625
0 0.8227002109375 0.730281384375 0.8273353359375001 0.7412794890625 0.8344222828125 0.7452705843749999 0.8396306171875001 0.7453311890625001 0.8483324421875 0.73839690625 0.852153484375 0.72515201875 0.85264480625 0.7157770187500001 0.8415549656250001 0.7086124390625 0.8277676375 0.7131423671875 0.823355309375 0.717781384375 0.8227002109375 0.730281384375
0 0.81223039375 0.49251472500000004 0.808450296875 0.5049783609375 0.81004230625 0.514377603125 0.81925353125 0.5176116921875 0.8265042546875 0.5184777875 0.8371665828125 0.513911496875 0.8374941312499999 0.5076614968750001 0.8410695109375 0.499104109375 0.853651396875 0.497687059375 0.847728946875 0.49136433437499993 0.8438079421874999 0.48662835156249995 0.839641275 0.4865798671875 0.8228927203125 0.4879484328125 0.81223039375 0.49251472500000004
0 0.5418080468750001 0.978728815625 0.5478123859374999 0.9834890406250001 0.5563094921875 0.9804610078125 0.5607627640625 0.9750407421875 0.5579653125 0.968754378125 0.5560457546875 0.9656051375000001 0.5447921375 0.9615655578125001 0.5391334265625 0.9700987031250001 0.5418080468750001 0.978728815625
0 0.4295127640625 0.9735135093749999 0.43655877031249996 0.97828585625 0.4483037078125 0.9729504359375 0.45369868281250003 0.9495614187499999 0.45186100937500007 0.9448496765625001 0.43435739531250006 0.940737371875 0.423817896875 0.9429599124999999 0.41936462656250006 0.9483801796875 0.4197921375 0.9601110500000001 0.4295127640625 0.9735135093749999
0 0.3482313984375 0.893613346875 0.3424908 0.9037089921875001 0.34228608125000004 0.9076152421875001 0.35321214843750004 0.9179048218750001 0.36091325156250004 0.9101771687500001 0.36044479375 0.899227546875 0.3482313984375 0.893613346875
1 0.309375 0.45 0.309375 0.8964502484375 0.3136107375 0.8979008578125001 0.3277665578125 0.8863396781249999 0.32701149531249996 0.8808588078125 0.3398390453125 0.8747542578124999 0.3596716546875 0.8742033046875001 0.36461625 0.8594080390624999 0.3841213109375 0.8651070859375001 0.398336153125 0.8723080281249999 0.423377096875 0.8718176796874999 0.44572055312500003 0.8830218390625 0.45938505 0.8808356609375 0.4692513734375 0.8715697484374999 0.48320247656250004 0.8639148203125 0.496807953125 0.8429665203125 0.50683805 0.8305756093750001 0.531164875 0.8238231390624999 0.534863084375 0.8129220015625 0.5685239671875 0.8070598703125 0.5862551671875 0.7869413046875 0.6282493828125 0.781176140625 0.6489598843750001 0.7837623078125 0.6730410484375 0.7816973390624999 0.6719403609375 0.762923096875 0.6615646374999999 0.7620206375 0.6703483515624999 0.7535238546875 0.6907132265625 0.7428166515625 0.7055422234375 0.73829884375 0.734340396875 0.7456694796875001 0.747618325 0.7309711796875 0.7455988015624999 0.7098410671875 0.7342632984375 0.7073639875 0.7382890578125 0.69021285 0.7334901609375 0.6823397453125001 0.7308564828125 0.6729283828125 0.7407637499999999 0.6628812203125 0.7541235656249999 0.646620421875 0.7549833796875001 0.630214171875 0.75972325625 0.6193251546875 0.767465303125 0.6108162515625 0.7609515625000001 0.5958876546875 0.7503121015625001 0.580129325 0.7563802500000001 0.5637836796875 0.7511538390625 0.5441797046875 0.753137209375 0.526223075 0.74991224375 0.5082058421875 0.747178603125 0.4808136078125 0.7297797421875 0.45481418281249997 0.7255319953125 0.45 0.309375 0.45
0 0.7660466453125 0.5185560265625 0.7666788765625 0.5263806468750001 0.7799748796875 0.53122571875 0.7895545984375001 0.5274285562500001 0.79112853125 0.517284428125 0.7861249171875 0.5133175734375 0.7758310796875 0.5108526140625 0.7684575265625 0.5123302671875 0.7660466453125 0.5185560265625