0 0 0.3773082 0.007065809375 0.3843287390625 0.018683031250000003 0.38543816875000003 0.034713850000000004 0.377133946875 0.021341428125 0.3655299984375 0.005594784375 0.360654165625 0 0.363111421875 0 0.3773082
0 0.0851612 0.197050909375 0.084532253125 0.18027110156249998 0.0675883125 0.184975571875 0.060129348437499994 0.1976998953125 0.0710987109375 0.205964609375 0.07877927343749999 0.2058550796875 0.0851612 0.197050909375
0 0.38145709375000003 0.09060530156249999 0.379823609375 0.08595324062500001 0.367414978125 0.087086515625 0.36811496875 0.100571309375 0.3728226640625 0.111980046875 0.382664315625 0.11502744218750001 0.38655030468749996 0.10710892812499999 0.38479510625 0.096614409375 0.38145709375000003 0.09060530156249999
0 0.4898777296875 0.10510413437499999 0.478859153125 0.0992045546875 0.46419801562499996 0.11290840625000001 0.46424868750000003 0.122045878125 0.4816998609375 0.12827875625000001 0.4881324546875 0.1286120578125 0.4936012578125 0.1162081328125 0.4898777296875 0.10510413437499999
0 0.4695754046875 0.11623197968750001 0.4572378171875 0.11407024218749999 0.44848167187500004 0.12960253125 0.4545083765625 0.1372734265625 0.4685504921875 0.1407922109375 0.47131023125000004 0.13915898437500002 0.476586275 0.1242076140625 0.4695754046875 0.11623197968750001
1 0.659375 0.5296875 0.659375 0.26837032031249997 0.6572662625000001 0.26805464687499997 0.6303793296875 0.251436778125 0.6174430937500001 0.254065190625 0.6109901234375 0.2661643765625 0.595862503125 0.244065909375 0.5831190265624999 0.24924176718750002 0.5823782890625 0.2606219453125 0.5655764375000001 0.2587363875 0.5427682515625001 0.236747446875 0.5200410343749999 0.24546593749999998 0.50890074375 0.23372390156249997 0.52617953125 0.22497685 0.515688559375 0.217582134375 0.507551434375 0.21589178437499998 0.49670524531250004 0.2249721375 0.4834242390625 0.197640690625 0.4704169578125 0.20356411562500001 0.46612507968749994 0.21882022656250003 0.458373471875 0.22222476875 0.43417523124999996 0.2072686859375 0.41927066562500004 0.20928762031249998 0.42647429531250003 0.21981069999999997 0.42134033750000005 0.22817204218749998 0.40321947500000005 0.2300243265625 0.39906968125 0.23869040937500002 0.3627062390625 0.2365525203125 0.3568519171875 0.24386155468749998 0.3181853 0.24515676718749999 0.31631831093749996 0.26282223125000004 0.29143000625000004 0.26838379843750004 0.2831711671875 0.26085099375 0.2653851484375 0.2586606953125 0.2670693046875 0.2724502296875 0.25401135468749997 0.2692361828125 0.23900544687499997 0.252980175 0.22863619062499999 0.251427915625 0.21843931875 0.2648555875 0.2221628484375 0.27595958593750003 0.22365424531250003 0.28720167343749997 0.23145652343749998 0.292934603125 0.2123514953125 0.2944821484375 0.20106911562500002 0.28933013750000003 0.1885387703125 0.28462095625 0.1741414359375 0.2975772375 0.157917859375 0.303334015625 0.153433221875 0.31604268125 0.14666577812499998 0.3197519625 0.14102458906249998 0.31717595625 0.1390766328125 0.30413399218750004 0.1351603453125 0.2904825484375 0.116846721875 0.2897873890625 0.11550733906249999 0.305957715625 0.131304653125 0.3199710203125 0.12965079531249998 0.32775144375 0.119261165625 0.33863167031249997 0.11458376875000001 0.348792890625 0.11523308750000001 0.3531402125 0.1056348640625 0.361777734375 0.1046303265625 0.3739054796875 0.10777558125 0.37736714375 0.103027140625 0.390823375 0.0996687546875 0.397246753125 0.08368860624999999 0.41468844687499995 0.0799953765625 0.42515440625 0.07630214375 0.4356203640625 0.0670894390625 0.4493527765625 0.055979446875000005 0.45918069531250005 0.052793446875000004 0.480584003125 0.0437735 0.496863859375 0.045051765625000004 0.5179909874999999 0.049039096875 0.5283474171875 0.0485662078125 0.5296875 0.659375 0.5296875
0 0.659375 0.3435506046875 0.6649489859375 0.34880265781249997 0.6755110015625 0.352902359375 0.67985355 0.346783721875 0.6783621546874999 0.335541634375 0.6729847671875 0.3322180609375 0.6630720703125 0.332465678125 0.659375 0.335376825 0.659375 0.3435506046875
0 0.817353553125 0.241752565625 0.8263327546875001 0.2503376796875 0.8410445609374999 0.2457713 0.8419070109375 0.24023358125 0.8394314484375001 0.228686753125 0.8279563140625001 0.2209872984375 0.8179015296875001 0.2278249421875 0.817353553125 0.241752565625
0 0.8232580203125 0.3240183734375 0.8350173328124999 0.31853777499999997 0.8387105640625 0.308071815625 0.8277630328125 0.298877221875 0.8111539375 0.299539109375 0.8089014328124999 0.31210968437500003 0.8232580203125 0.3240183734375
1 0.659375 0.5296875 1 0.5296875 1 0.40789256093750004 0.9805416234375001 0.4042316890625 0.9658501890625001 0.3963655828125 0.9434985640625 0.376176521875 0.935990384375 0.39126598125 0.9358482984375 0.3978560078125 0.9223337875000001 0.39284208593750003 0.9135677171874999 0.37437193125 0.9031477890625 0.363682203125 0.8923930140625 0.35703505468749996 0.8840427609375 0.365229746875 0.8637101359375 0.3547876359375 0.863801553125 0.3390601375 0.8362955984375 0.339664903125 0.829578828125 0.35251165625 0.8131118203125001 0.34658351718749997 0.8017583984375 0.34472651875000004 0.804619478125 0.3613682359375 0.80486290625 0.373053153125 0.7882538125 0.373715040625 0.783353359375 0.3597588578125 0.7598551109375 0.35828756875 0.75452839375 0.364101465625 0.7334043625 0.355902059375 0.713122409375 0.3545974203125 0.68081734375 0.35952094687499997 0.659375 0.3671295515625 0.659375 0.5296875
0 0.1291134203125 1 0.1272766484375 0.9897900312499999 0.10970375937500002 0.9777146906249999 0.1100182328125 0.9861045953125 0.105797396875 0.9980656906250001 0.10749772500000002 1 0.1291134203125 1
0 0.2936825828125 0.9111236937499999 0.2959350890625 0.89855311875 0.2904359875 0.8893870859374999 0.27862600625 0.8857302109375 0.2685712203125 0.8925678578125 0.26744496875 0.8988531453124999 0.2823291609375 0.9092666953125 0.2936825828125 0.9111236937499999
0 0.33375075 0.69548595625 0.33977745625 0.7031568515625001 0.35079603125 0.70905643125 0.3536268125 0.704128190625 0.35883181406250003 0.6924718343749999 0.355108284375 0.681367834375 0.3559911078125 0.66339763125 0.3509485671875 0.656031475 0.3389964984375 0.6589646296875 0.334846703125 0.6676307109375 0.33482633125 0.6800631953125 0.33375075 0.69548595625
0 0.35608095781250004 0.8889822437499999 0.35636513124999997 0.8758021906250001 0.3542040421875 0.872645265625 0.34200854375 0.8638935015625 0.3353628171875 0.8734452421875 0.33450036562499996 0.8789829609375 0.33776733281250004 0.888287084375 0.35207325312500004 0.8910582984375001 0.35608095781250004 0.8889822437499999
0 0.5382627890625 0.9976364359375001 0.548581375 0.9900512234375001 0.5495148703125 0.9812184921875 0.5409922296875 0.9744332546875001 0.5336465125000001 0.9705002015625 0.5177577796875 0.9722143953125 0.51485595625 0.9804376484375 0.514977671875 0.9862801078124999 0.5175953203125 0.9912369078125 0.526645565625 0.9965270078125 0.5382627890625 0.9976364359375001
0 0.77116903125 0.630620975 0.7564572234375 0.635187353125 0.751850871875 0.6420535578125 0.761215590625 0.6557335640625 0.771513803125 0.6605808343749999 0.774993903125 0.659999915625 0.7801278593750001 0.6516385734375 0.77640433125 0.640534575 0.77116903125 0.630620975
0 0.859824871875 0.68875495625 0.8672416328124999 0.689392996875 0.8757846453125 0.68374575 0.880918603125 0.67538440625 0.8821159 0.66580410625 0.8777937234375 0.6594902578124999 0.859358384375 0.6529526390625 0.8574407265625 0.66148063125 0.8546099453125 0.6664088703125 0.8459958875 0.6753511328125 0.8458538000000001 0.681941159375 0.859824871875 0.68875495625
1 0.659375 1 1 1 1 0.8044417921875 0.9784011078124999 0.7951284578125 0.9725467890624999 0.80243749375 0.9731250640625 0.8100798296875 0.9632123671875 0.8103274468749999 0.9550245734375 0.799499628125 0.9558870234375 0.793961909375 0.913689634375 0.7867005687499999 0.90908328125 0.7935667734375 0.89179456875 0.7683113828125 0.8838705749999999 0.7567359953125 0.8647148765624999 0.74914606875 0.8597736765625001 0.76005485625 0.8446559812500001 0.77195883125 0.8187532109375001 0.7556457015625 0.8137613421875001 0.7574170171875 0.8142482 0.7807868499999999 0.8141771578125001 0.7840818640625 0.7994653484375001 0.7886482421875 0.7588304 0.789333978125 0.7307968406249999 0.79143388125 0.7048737 0.7875532359375 0.7102307125 0.8033092937500002 0.695184059375 0.81191825625 0.6744962171875 0.8179512125 0.6607179015625 0.8136848593749999 0.6608902890625 0.8286647890625 0.659375 0.828130884375 0.659375 1