0 0.021332834375 0 0.022389334375 0.0145993546875 0.02627144375 0.026294434375 0.0342211328125 0.0246218125 0.036998959375 0.0184993109375 0.0453922375 0 0.021332834375 0
1 0 0.359375 0.3901497 0.359375 0.39040493125000003 0.352521865625 0.380517753125 0.325886353125 0.367250671875 0.32519084062500003 0.35202613125000004 0.3076777109375 0.35033974687499997 0.2981871140625 0.34050535625 0.28200124375 0.33678874531249997 0.2567339 0.3237399546875 0.2529157703125 0.31965953125 0.23285279218750002 0.3147259296875 0.2137897765625 0.31006340312499997 0.2020537859375 0.3054208515625 0.1788272765625 0.3037344671875 0.1693366796875 0.3170215203125 0.1585416734375 0.31194239218750003 0.141560403125 0.2998195421875 0.135701440625 0.293774525 0.1437420390625 0.279508740625 0.1461282359375 0.2686028828125 0.1340649453125 0.2604020890625 0.11692002500000001 0.26739302187499997 0.095348075 0.2678695453125 0.066121803125 0.25355097187500003 0.0580583546875 0.23467544999999998 0.059158203124999996 0.23448997968750002 0.084220984375 0.22650747343750002 0.0639534453125 0.21741355312500002 0.07078952031249999 0.199953340625 0.0740529421875 0.19599846875 0.06339873593749999 0.1843121953125 0.0512945328125 0.1667064578125 0.0566396984375 0.1600993125 0.061516765625000004 0.1528044859375 0.0538215296875 0.15091978749999999 0.0359630359375 0.14406153906250002 0.022022560937499998 0.1297030171875 0.0369401484375 0.12536435937499998 0.042980826562500005 0.11819508593750001 0.044694359375 0.1064888390625 0.044080675 0.096832790625 0.04775321875 0.084200603125 0.049180365625 0.073202009375 0.0496484671875 0.0629110703125 0.0511983515625 0.053546073437499994 0.0507074015625 0.0273029640625 0.0451528890625 0.0001667296875 0.06357937031250001 0 0.0637157765625 0 0.359375
0 0.056198346875000006 0.0351761296875 0.063804196875 0.02721735625 0.0585795421875 0.0123178328125 0.0536787546875 0.0151949765625 0.0471443734375 0.0190311703125 0.041807009374999995 0.0281535546875 0.0468333484375 0.03468518125 0.056198346875000006 0.0351761296875
0 0.8263727984375 0 0.82585336875 0.0074304640625 0.8298810031249999 0.017043796875 0.8360515718749999 0.01841196875 0.8415872499999999 0.0176574828125 0.8463624859374999 0.005371567187500001 0.8428486562499999 0 0.8263727984375 0
0 0.9355411171875 0.05183415625 0.9269565359375 0.0513841203125 0.9182991937499999 0.05197495625 0.9070823109374999 0.055565675 0.906281921875 0.0670152828125 0.9092580625 0.0692606765625 0.9192579500000001 0.071874284375 0.9290395515625001 0.07761051249999999 0.931036959375 0.071447096875 0.9376441046874999 0.0665700296875 0.938642809375 0.06348832343750001 0.9390793859375 0.057243084374999996 0.9355411171875 0.05183415625
0 0.8474325328125 0.12452205624999999 0.8503359109374999 0.127808325 0.85189674375 0.1278901515625 0.8564337156249999 0.1302173734375 0.8677961234375001 0.12454490781250001 0.8925911078125001 0.10599568749999999 0.8687420390625 0.1110135546875 0.8583255484375 0.10315466874999998 0.8512290359375001 0.1038273328125 0.8460371999999999 0.1108679703125 0.8456733859375 0.11607233593749999 0.8474325328125 0.12452205624999999
0 0.842531746875 0.1273992015625 0.8397211046875 0.11158154218750001 0.837254303125 0.102050034375 0.8324990421875 0.102845434375 0.830012265625 0.1048044421875 0.823405121875 0.1096815109375 0.8174856578125 0.1271308796875 0.8175384453125 0.1375805234375 0.8313676546875 0.14143956562499999 0.8372671453125001 0.1354807140625 0.842531746875 0.1273992015625
1 0.459375 0 0.459375 0.359375 0.7095001953125 0.359375 0.709659796875 0.35862233906249996 0.7104094671875 0.359375 0.744766809375 0.359375 0.7479201765625 0.34913652968750003 0.7409891656250001 0.336236928125 0.7299178093750001 0.3377459 0.7398320921874999 0.3079697015625 0.7299249390625 0.2928247046875 0.736843109375 0.2722936265625 0.73061975 0.2604758109375 0.719059028125 0.2577803796875 0.7185896375 0.24208545781250002 0.726684853125 0.23833108749999998 0.7391187265625 0.2285360421875 0.7342379140624999 0.21992267031249998 0.7284311578125 0.21335013281249998 0.7266192203124999 0.19445076562500002 0.7349327234375 0.18757377656250002 0.7332463390624999 0.17808318125 0.745190846875 0.1640837296875 0.7450852687499999 0.14318444375 0.73561469375 0.12179420468749999 0.72590585625 0.1150171046875 0.7134191921874999 0.11436250781249999 0.7012963421875 0.1085035421875 0.6980163078125 0.07699096093749999 0.6896172 0.051478143750000004 0.6771305359374999 0.050823546875 0.6657024984375 0.0126156890625 0.6588459828125 0 0.459375 0
0 0.17781867812500002 0.49302168437500005 0.1721574484375 0.4843674 0.1646243609375 0.49128530000000004 0.1619720875 0.5068165734375001 0.164802703125 0.511143715625 0.1743859890625 0.50851204375 0.17808975625 0.5003487078125 0.17781867812500002 0.49302168437500005
0 0.3410484296875 0.7575272859375 0.3291438671875 0.7485457015625 0.326094965625 0.747341178125 0.32229846093750003 0.7680359046875 0.3231316671875 0.7785264609375 0.3340574984375 0.7790992343750001 0.339884225 0.77418125625 0.3416105578125 0.7606908156250001 0.3410484296875 0.7575272859375
0 0.3113383953125 0.8687960406249999 0.3113184234375 0.88028655625 0.314420115625 0.8919407265625001 0.32490936875 0.8987587375 0.33612625 0.8951680171875 0.3410470109375 0.88080035625 0.33760147812499997 0.8628600375000002 0.3268211734375 0.8602055171874999 0.3244799234375 0.8600827796875 0.3189442453125 0.8608372671875 0.31567705468749996 0.8627553625000001 0.3113383953125 0.8687960406249999
0 0.3946974296875 0.8752554124999999 0.39379146249999997 0.8658057281249999 0.384935803125 0.85802866875 0.3763512234375 0.85757863125 0.36555094375 0.8664146296874999 0.3655309703125 0.877905146875 0.3692147640625 0.8812323281250001 0.3731168484375 0.881436890625 0.3896511171875 0.8802143046875 0.3946974296875 0.8752554124999999
0 0.459375 0.8109109078125 0.446741359375 0.8142578046875 0.4248169359375 0.81415313125 0.4137455796875 0.8156621046874999 0.40252869999999996 0.8192528234375 0.395703265625 0.827252509375 0.3948301125 0.8397429875 0.3960998953125 0.8439883046875 0.45693956093750004 0.8252393093750001 0.459375 0.8244596828125001 0.459375 0.8109109078125
0 0.45145238125000003 0.6348184953125 0.44784135 0.630450440625 0.438549115625 0.62891861875 0.42852925312499995 0.6377955296875 0.4272922859375 0.6554903734374999 0.4355858171875 0.6601039015625 0.440268315625 0.6603493765625 0.449580525 0.65039068125 0.45145238125000003 0.6348184953125
0 0.031635410937500004 0.5449054 0.029472501562499996 0.5646410765625001 0.03181375 0.564763815625 0.045351907812499995 0.5727863515625 0.050689271875 0.5636639671875 0.057680203124999996 0.542092015625 0.0464832953125 0.5341922171875 0.039022971875 0.5400692453125 0.031635410937500004 0.5449054
0 0.09745575625 0.477317190625 0.07391058125 0.51160224375 0.059790321874999997 0.5119066953125 0.05013427499999999 0.5155792375 0.0491883578125 0.5291105890625 0.0543602234375 0.5335604703125 0.06606646875 0.53417415625 0.0696974734375 0.5270516921875 0.0796445734375 0.51921565625 0.09745575625 0.477317190625
0 0.27508255625 0.8271972406250001 0.2949767546875 0.8115251671875001 0.284070896875 0.799461878125 0.27221912656249997 0.8009299375000001 0.2661741078125 0.8089705359374999 0.26522819375 0.8225018875 0.27508255625 0.8271972406250001
1 0 1 0.22339183437500001 1 0.2230043921875 0.9895277578125 0.2309540828125 0.9878551359374999 0.24285864531249998 0.99683671875 0.2507555453125 0.9847144515625 0.24865255625 0.969978578125 0.239287559375 0.9694876296875 0.2300680875 0.9669149328125 0.23192710156250002 0.9179120703125001 0.2455579953125 0.913403215625 0.2468677234375 0.8946674984375 0.23857419531250001 0.8900539703125 0.23327677812499997 0.87619531875 0.21668971718750002 0.8669682609375 0.221683240625 0.8515597249999999 0.2082706359375 0.8529459593750002 0.196458809375 0.8314329875 0.184990825 0.8162061656249999 0.17145266718750002 0.8081836296875 0.171730875 0.7705894578125 0.163801159375 0.7607715625 0.15864926875000002 0.7448311671875001 0.140468559375 0.7135821234374999 0.14299528125 0.6886420796875 0.1373340515625 0.67998779375 0.1482798546875 0.66907005 0.14697725625 0.642884571875 0.13485440625 0.63702560625 0.12673921875 0.65227049375 0.1197682609375 0.662351928125 0.11103815312500001 0.6639836359375 0.10293009687500002 0.6343073265625 0.0943126984375 0.611917128125 0.105715053125 0.5832636296875 0.0957351375 0.5691595046875 0.075933675 0.5723001875 0.07142951875 0.591913128125 0.0540420671875 0.5941356734375 0.040702224999999995 0.5944810374999999 0.0406494375 0.5840313937499999 0.030867835937499997 0.5782951671875 0.007402553125 0.56661815 0 0.5683874421875 0 1
0 1 0.3967146828125 0.9958680046874999 0.40481987343750003 0.98898953125 0.42412398749999997 0.9854646921875 0.43500060312500005 1 0.417964628125 1 0.3967146828125
0 0.90815486875 0.3940763984375 0.9133447765625 0.3857451640625 0.9131114640625 0.375900575 0.899681821875 0.370280365625 0.8891543000000001 0.375873696875 0.8853726484374999 0.39042397968750003 0.8894497171874999 0.3980119796875 0.90221803125 0.39991038749999996 0.90815486875 0.3940763984375
0 0.8220044187500001 0.4927997875 0.8314660968750001 0.47608918437500003 0.8314895953124999 0.462570928125 0.828159459375 0.457480171875 0.8171418156250001 0.456902584375 0.8045212078125001 0.4660733203125 0.7986699734375 0.47068275625 0.794055790625 0.4839603484375 0.79779044375 0.4964465765625 0.811990515625 0.491045775 0.8220044187500001 0.4927997875
0 0.8735208046875 0.5336008453125001 0.8833869984374999 0.5242857140625 0.879247828125 0.504404015625 0.8681445796875 0.505050984375 0.864386428125 0.5060830125 0.8580215750000001 0.518039784375 0.8616706265625 0.5317505687499999 0.8735208046875 0.5336008453125001
1 0.459375 1 0.9085796359374999 1 0.9084436078125 0.99632325 0.910669290625 0.9644847750000001 0.9056975859375 0.943330384375 0.9152448671875 0.9253952265625 0.904250721875 0.9112993843750001 0.9032939765624999 0.885439296875 0.88954541875 0.8711990578125001 0.8788550796875001 0.8263930343750001 0.8610529546875 0.7910465390625 0.847265790625 0.7509943453125001 0.8373609890625 0.7344975203125 0.84725068125 0.7116641359375 0.8473832828125 0.6834030671875 0.8392526468749999 0.6547088078125001 0.8297523640625 0.6456074578125 0.8104714859375001 0.64459668125 0.8011424078125 0.6330462156250001 0.7918603265625 0.594459240625 0.7749058453125001 0.5997156453125 0.7662767 0.6176989374999999 0.7611958953125 0.6112873609375 0.7469958234374999 0.6166881609375 0.7332237687500001 0.6159661765625 0.7240658953125 0.6019666 0.7180904515625001 0.5819886343749999 0.6997277125 0.5810259906249999 0.688966878125 0.576774734375 0.675194821875 0.57605275 0.667483815625 0.5940841750000001 0.645448528125 0.5929290015625 0.634602090625 0.5899023015625 0.6243313765625 0.5918219609375 0.612909215625 0.583848903125 0.6003742125 0.5917950796875 0.5760125296874999 0.5843727281250001 0.5526545859375 0.57577395 0.5336691250000001 0.59690145625 0.51579650625 0.6021097296875 0.5014252296875 0.6099596421875 0.49337180937499997 0.6328892921875 0.465742096875 0.63266988125 0.459375 0.6368084749999999 0.459375 1
0 0.5751497765625 0.5044396156250001 0.5640465296875 0.5050865874999999 0.551768334375 0.5093590953125 0.5436528109375 0.5199950484375 0.5514645296875 0.540069275 0.5598133671875 0.539277909375 0.5663259296875001 0.5383902796875 0.57828520625 0.5254977421875 0.578223103125 0.513204040625 0.5751497765625 0.5044396156250001