0 0.42358227656249997 0.1216271109375 0.4187925625 0.125803134375 0.4177783984375 0.1360607484375 0.42218399531250006 0.1381845140625 0.43274711874999994 0.13920032499999999 0.4346630046875 0.137529915625 0.4420244015625 0.137928721875 0.44112267968749996 0.12934151875 0.4404668796875 0.12309627812499999 0.43253165937500004 0.1172328890625 0.42358227656249997 0.1216271109375
0 0.370719853125 0.06631339375 0.36571467968750004 0.04852198125 0.350935665625 0.057146778125 0.34272405625 0.0685668953125 0.3422579609375 0.0740860296875 0.35074125 0.07521093906250001 0.36193441875 0.0722689265625 0.370719853125 0.06631339375
0 0.3002771421875 0.0825678109375 0.30104066875 0.09979676875 0.3079359734375 0.10571470937500001 0.32200296875 0.1002670828125 0.3261368859375 0.08984581875 0.319215825 0.073724815625 0.32129566249999997 0.073615715625 0.3134424140625 0.0685329796875 0.30720291093749996 0.0688602796875 0.3002771421875 0.0825678109375
0 0.29498615781250004 0.14171697656249999 0.3080389921875 0.1465269625 0.3217218703125 0.14737912343749998 0.32850944375 0.14231334375 0.3277716703125 0.1352874515625 0.32375019531250004 0.126863896875 0.3167729171875 0.12016530156250001 0.3083716015625 0.11982104687499999 0.2950986 0.122872159375 0.28751703281249996 0.1303344515625 0.29498615781250004 0.14171697656249999
0 0.5088482953125 0.33615683125 0.51612771875 0.33577498281249996 0.536132075 0.3370805 0.545793478125 0.3295091078125 0.5421561203125 0.3147857640625 0.5223157140625 0.31504155625 0.515200240625 0.31698471562499997 0.5072088 0.320543734375 0.5067427046875 0.3260628671875 0.5088482953125 0.33615683125
1 0 0.3390625 0.5271046234375001 0.3390625 0.5268547921875 0.33835210312499997 0.514841878125 0.3334875671875 0.5059487109374999 0.3284593828125 0.49002205156249995 0.3261550109375 0.4661039484375 0.32740965625 0.44943951249999997 0.318079390625 0.44451631562499994 0.30106863281249996 0.434501259375 0.29531434375 0.40494794062499995 0.2827354015625 0.3763525640625 0.2693212546875 0.35070827968749996 0.284010684375 0.359688128125 0.2599909890625 0.3324043484375 0.2590673203125 0.3349502765625 0.25343908593750003 0.324909465625 0.23748173281249998 0.308219278125 0.21794840468749999 0.2881329453125 0.2158622328125 0.2698243046875 0.22074740468749998 0.26768825 0.2302789125 0.2562491578125 0.23087896093750002 0.24625985468749997 0.235327734375 0.22543575 0.226215665625 0.21323313124999999 0.2095867578125 0.19998588125 0.22284093437500002 0.20474512968749997 0.23829038281249998 0.1838648046875 0.238600725 0.1825532078125 0.22611024531249999 0.167666465625 0.223751325 0.150315765625 0.22780129062499999 0.14828744062500002 0.2483165171875 0.1422118859375 0.250205128125 0.1372886875 0.23319436875 0.13206334375 0.2232640546875 0.106941375 0.22301194062500002 0.0970082921875 0.21803830624999998 0.0751700265625 0.21918385156250003 0.06890476718750001 0.2093080890625 0.042660903124999996 0.2083298703125 0.017620909375 0.2088584125 0.005331603125 0.221277384375 0.0146603953125 0.24041190625 0.0210896046875 0.2518489796875 0.006776684375 0.2549546421875 0 0.26456420937499997 0 0.3390625
1 0.66875 0 0.66875 0.33802305625 0.8253679984375 0.3283171265625 0.8334195187500001 0.3112722015625 0.850065365625 0.3057816453125 0.8435982828125 0.27934006562499997 0.8780169718749999 0.26737636249999996 0.9021356953125 0.2393303734375 0.9240968781250001 0.21416799531250003 0.9257777578124999 0.1715999078125 0.9432612734375001 0.16237150625000002 0.9484801671875001 0.1417812625 0.957562240625 0.12283532500000001 0.9510951578124999 0.09639374843750001 0.9584412890625 0.060916296875 0.9517151828125 0.043723068749999996 0.9404508109374999 0.0184566125 0.9385127234375 0 0.66875 0
0 0.6301367578125 0.44030254218750003 0.61029635 0.440558334375 0.6107319765625 0.454664671875 0.6207470328125 0.46041896250000003 0.63330801875 0.46054501875 0.6432973203125 0.4560962453125 0.6457612734375 0.4496873578125 0.6301367578125 0.44030254218750003
0 0.52622698125 0.44653818125000005 0.5130921734375 0.44094754218750004 0.49765735937500005 0.4433271 0.496643196875 0.4535847125 0.505864259375 0.46173551718750006 0.5183432703124999 0.46108091875 0.522969034375 0.4553435859375 0.52622698125 0.44653818125000005
0 0.4290648953125 0.5269905859375 0.44129797968749995 0.5239940234375 0.44638983750000005 0.5127375546875 0.43675889999999995 0.5006834765625 0.4264417 0.5020096296875 0.4198180765625 0.50863671875 0.417682021875 0.5181682265625 0.4204996296875 0.52508501875 0.4290648953125 0.5269905859375
0 0.48320373749999995 0.6442487890624999 0.48339344375 0.6560131609375001 0.49412051718749994 0.6585902812500001 0.5106772234375 0.6569368296875 0.5188068578125 0.6447360578125 0.49743468437500005 0.6403624703125 0.48320373749999995 0.6442487890624999
1 0 0.9999003671875 0.15874798125 0.994356765625 0.306775825 0.985539421875 0.3184350875 0.977078275 0.3343922140625 0.9597571734375 0.343833446875 0.96004688125 0.36159401875 0.9599001875 0.3725412625 0.9546162109375 0.365482009375 0.9471369609375 0.37391379062499996 0.92785574375 0.38811898125 0.9137663640625 0.406401865625 0.8986781296874999 0.4181993234375 0.8815752296875001 0.42608303437500006 0.8670324921875 0.43172296250000003 0.851037546875 0.440072765625 0.830975675 0.4398573078125 0.8090082390625 0.4483968171875 0.8007107421875 0.46651575312500004 0.784061196875 0.487396078125 0.7837508546875 0.50619656875 0.7835496125 0.5136141859375 0.7745260093749999 0.5090188859375 0.760637871875 0.4910123890625 0.7584426 0.4719097546875 0.7657242859375 0.47453765781249996 0.7608767078125 0.480039390625 0.7535235140625 0.481929521875 0.741650040625 0.46830286406250005 0.7313754703124999 0.45768822968749995 0.7099535328125001 0.4537229734375 0.692107571875 0.45339507343749996 0.6889849515625001 0.4509358296875 0.6655653046875 0.44792851875000006 0.6468841375000001 0.4467293609375 0.61554884375 0.4358125828125 0.6012073484375 0.43272329374999996 0.5817455265625 0.41887646875 0.57933205625 0.47668093125000005 0.5323423921874999 0.40940948125 0.5688392859375 0.41617129999999997 0.5535704453125 0.4111356609375 0.555404503125 0.395454925 0.555442096875 0.39430727656250003 0.544512928125 0.388779790625 0.5416630578125 0.38722226875 0.5268306140625001 0.3915763546875 0.5085482531250001 0.3759518375 0.49916343750000003 0.356029453125 0.4986385765625 0.3463680515625 0.50620996875 0.33076928906249997 0.5070282171875 0.3164306140625 0.49993081406249995 0.2980704625 0.4844098609375 0.29473525 0.4626060734375 0.3027009375 0.4488439921875 0.3110507421875 0.42878212031250007 0.3244619390625 0.41708925468749997 0.3238623609375 0.4014216078125 0.32775506249999997 0.3588298453125 0.30106615 0.40340235937499996 0.2862871359375 0.41202715625 0.266912821875 0.406763815625 0.25908533125 0.4118841421875 0.26863429375000003 0.42315756562499995 0.2836030140625 0.42629714375 0.28841848125 0.432324184375 0.2723536265625 0.4386615640625 0.24808186875 0.4265905296875 0.2186924984375 0.4155728953125 0.1932426296875 0.4121981640625 0.1679567109375 0.41038474062499997 0.152987990625 0.4072451640625 0.1390849421875 0.4142541015625 0.1384291453125 0.4080088625 0.1545806875 0.3726236 0.1267488390625 0.37643841093749997 0.1111500765625 0.377256659375 0.1098384796875 0.3647661796875 0.085264578125 0.3597755875 0.07538300625 0.375208078125 0.0607679421875 0.38539418593749997 0.045881196875 0.3830352640625 0.054334023437500004 0.403785646875 0.0380794609375 0.39835865468750004 0.0181570796875 0.39783379218750003 0 0.395793028125 0 0.9999003671875
0 0.32084562656250004 0.4423975109375 0.314713853125 0.45370852812500007 0.31104603124999997 0.45861065624999997 0.31602545000000004 0.46619900625 0.33386799843750004 0.46683296875 0.343611375 0.46004223125 0.342217803125 0.44677109687499994 0.33124480312500004 0.44185201249999995 0.32084562656250004 0.4423975109375
0 1 0.5693775921875 0.9941351234375 0.5661308671875 0.987180290625 0.5701895968749999 0.98247944375 0.5722831359375 0.9785501218749999 0.581724015625 0.9800628781249999 0.5844150921875 0.9869515671875 0.5914415515625 1 0.5880119015625 1 0.5693775921875
0 0.9869131328125 0.4270647671875 0.991873003125 0.41572287656249995 0.9871418562500001 0.40581281249999995 0.980735371875 0.40337844062499995 0.9870812578124999 0.3818056046875 0.9881118062500001 0.37990459374999996 0.9731412953125 0.37791945625 0.9695977390625 0.39103400625 0.9646378703125 0.4023758984375 0.965409396875 0.4097232375 0.9627035093749999 0.4190999421875 0.9697850796875 0.4279632359375 0.9869131328125 0.4270647671875
0 0.8584527359375 0.4338032796875 0.858675915625 0.4476437171875 0.86727024375 0.4591980859375 0.8821443140625 0.46026480625 0.887941853125 0.44518506875 0.87474311875 0.43664265625 0.8584527359375 0.4338032796875
0 0.8515998890625 0.4036880296875 0.8424213734375 0.42171554999999994 0.835400403125 0.4368594640625 0.8381668890625 0.4514899671875 0.8551985 0.44967308125 0.8647627796874999 0.4353192328125 0.8696262078125001 0.42305892343749996 0.8785153984375 0.40227614999999994 0.8751702671875 0.3821351421875 0.8719821734375 0.386919759375 0.8515998890625 0.4036880296875
0 0.8333034609375 0.46375027499999993 0.83014566875 0.4805384953124999 0.8313994000000001 0.49247792187500006 0.83947568125 0.5225289953125001 0.8505830124999999 0.5228698265625 0.8441159265625 0.49642824843749994 0.8484310125000001 0.49066103906249997 0.8536802046874999 0.48207439843749994 0.8511065999999999 0.4692807296875 0.844025028125 0.46041743593749995 0.8333034609375 0.46375027499999993
1 0.66875 1 1 1 1 0.604280771875 0.9978963203125 0.60194915 0.9829919484375 0.588878828125 0.9645137203124999 0.5769194499999999 0.9404969796875001 0.570791459375 0.9225974015624999 0.5643425875 0.8982251937499999 0.56654453125 0.8808078171875 0.564687746875 0.8850264609374999 0.5580021203125 0.9013829859375001 0.5497563125 0.9105973374999999 0.5086400015625 0.8834531046875 0.5313038375 0.8423330671875 0.5731703109375 0.830261325 0.56364530625 0.84239920625 0.562085125 0.8555676421875 0.558623934375 0.8641013687499999 0.5461710953125 0.8458160250000001 0.536048553125 0.8353534781249999 0.530133040625 0.8317493218750001 0.519240384375 0.821479659375 0.51516170625 0.80229050625 0.5198621984375 0.7923404640625 0.5305423765625 0.7806847859375 0.5366946453125 0.7780753375 0.546989765625 0.775724915625 0.5480365359375 0.7645211421875 0.5467772875 0.747585971875 0.5495125921875 0.7242443140625 0.5498135234375 0.725274865625 0.5479125109374999 0.7224119359375 0.5323635906249999 0.7032227843750001 0.5370640812499999 0.6972323625 0.5503069828125 0.6943997328125 0.546761665625 0.6817796453125 0.5437297593749999 0.6801704484375 0.5401202671875 0.672058328125 0.5331579843750001 0.66875 0.53276554375 0.66875 1