0 0.7147302140625 0.1920334671875 0.7028246125 0.19288160625 0.6965509890625 0.205958696875 0.6977359546875 0.21242831406249998 0.707730184375 0.21349138750000002 0.724248509375 0.21313389843750002 0.7384392828124999 0.2082997796875 0.7482042328125 0.2019376296875 0.7695009859375 0.19680210468749998 0.7702273921875 0.18842127343749998 0.7684393484375 0.176601196875 0.7443179171875001 0.19306615 0.737980721875 0.19344933125 0.7147302140625 0.1920334671875
0 0.52561625625 0.2501550484375 0.5246181890625 0.24264805156249997 0.52040045625 0.24431394062499998 0.5074967859374999 0.2376550828125 0.49989367968750004 0.25376254375 0.4989803734375 0.2631807578125 0.5036142859375 0.267902709375 0.5145430109375 0.26377887499999997 0.52561625625 0.2501550484375
0 0.5006027093750001 0.28026952031249996 0.5066296765625 0.294655009375 0.518140290625 0.29165032968750004 0.5269071750000001 0.27778118281249997 0.53874920625 0.2642391328125 0.5567203421875 0.24711997968750002 0.5394756125 0.255858303125 0.5210459140625 0.25812700624999996 0.504174984375 0.2647905640625 0.5006027093750001 0.28026952031249996
0 0.5177936140625 0.145711265625 0.5263138421875 0.1593046984375 0.537782075 0.1478374140625 0.5390691796875 0.1363444390625 0.5346221671875 0.130585103125 0.52942755625 0.128975296875 0.52329845 0.1325523984375 0.5177936140625 0.145711265625
0 0.3571904609375 0.0281881921875 0.3494602109375 0.0189078359375 0.340421665625 0.016889156250000002 0.3348744484375 0.021585415625 0.32995150156249997 0.0358634375 0.3374948515625 0.046181175000000005 0.34497463281249996 0.043805004687499996 0.3497742515625 0.0432582734375 0.3560902578125 0.0386437859375 0.3571904609375 0.0281881921875
0 0.40737733125000003 0.1149357 0.40236962187499997 0.1122885125 0.3894871421875 0.10986095468749998 0.3851037 0.11679553125 0.37962005468750004 0.1341856984375 0.38639461875 0.1444216625 0.4002115921875 0.1416623078125 0.407254003125 0.128666990625 0.40737733125000003 0.1149357
0 0.3627275109375 0.5584655421875 0.36372557968749997 0.565972540625 0.37448859687499997 0.5671173890625 0.3867891875 0.5684257890625 0.39601463125 0.5694070875 0.408459740625 0.5612154984375 0.407606190625 0.5442085125 0.3996890421875 0.5359655390625 0.38815723750000003 0.5347389140625001 0.38202813281250003 0.53831601875 0.3782053875 0.5421384453125 0.370351809375 0.5465893828125 0.3627275109375 0.5584655421875
1 0 0 0 0.6361815046875 0.21804795625 0.659375 0.2550259875 0.659375 0.2529469421875 0.6546290640625 0.2644363640625 0.64739308125 0.276694575 0.640238875 0.30401448124999997 0.6103697296874999 0.3201975734375 0.5814305015625 0.339124396875 0.5633557421875001 0.3412824234375 0.533981946875 0.3577159875 0.5166992453125 0.364902915625 0.494203940625 0.37497809375 0.4730731171875 0.3980205109375 0.47129506250000003 0.402319190625 0.44743527812500006 0.38922862187499996 0.4418137984375 0.3877931859375 0.42368765625 0.3972864765625 0.4014376765625 0.3900957328125 0.384813871875 0.3941863234375 0.357760165625 0.4092268296875 0.330813925 0.4145447671875 0.318692440625 0.4244754265625 0.30706160625 0.4237875875 0.284785934375 0.40053707968749996 0.28337006875 0.397895484375 0.25454300625 0.41164888906249997 0.2390897421875 0.44937920625 0.21667151406250001 0.4045005265625 0.23092854375 0.3843251671875 0.22983977812499998 0.39514794062499997 0.2045594265625 0.390760684375 0.17237489374999998 0.3854813125 0.15383987500000001 0.37596301875 0.1327394421875 0.3693541640625 0.1172347953125 0.3587568546875 0.1108212609375 0.3861191421875 0.0894147234375 0.38237734687499997 0.0710432546875 0.3774505828125 0.0462021703125 0.3381826921875 0.068456846875 0.33232143281250004 0.048802671874999995 0.303731796875 0.0552769875 0.28775298125000004 0.0482910296875 0.30129829375 0.0296438453125 0.289329121875 0.0177980765625 0.26429056875 0.0045621343750000005 0.26081100625000003 0 0 0
0 0.8 0.27387676562499996 0.8071043093749999 0.2695166109375 0.8166611703125 0.25996054062499996 0.815060025 0.24710308125 0.8140831484375 0.24382738593750003 0.80602148125 0.2450844 0.8008480625000001 0.24770589531249998 0.8 0.2493833859375 0.8 0.27387676562499996
0 0.46782949062499996 0.7171125328125 0.4818545546875 0.7175470984375 0.48463685156249997 0.697755065625 0.477259209375 0.6821686421875001 0.47054821406249997 0.6846265890625001 0.46483528906249993 0.6945915359375 0.4633612875 0.70712189375 0.46782949062499996 0.7171125328125
0 0.46474459531249995 0.8299114546874999 0.46908565625 0.814514275 0.46517815 0.8014114906250001 0.45597389843749997 0.8046614953125 0.44965789375 0.8092759796875001 0.4474151046875 0.8217245640625 0.45437656718749997 0.83092314375 0.46474459531249995 0.8299114546874999
0 0.389640384375 0.9075609531250001 0.397098975 0.9009534765625 0.3997367515625 0.8906614328125 0.3889313546875 0.8810539765625001 0.3770469421875 0.8861334203125001 0.3724977921875 0.8983366796875 0.37330895937499997 0.9068810609375 0.37985424375 0.9096918 0.389640384375 0.9075609531250001
0 0.26804109062500003 0.8301335859375 0.2663975640625 0.8088135234375 0.25318366875 0.8169233359374999 0.24942449375 0.8334396734375 0.2506306515625 0.8441405937500001 0.2623493546875 0.8443298359375 0.26804109062500003 0.8301335859375
0 0.4442864828125 1 0.4450218640625 0.9959182671875 0.44150934687500004 0.9849720218750001 0.42843996874999996 0.9835818484375001 0.4204206828125 0.99330146875 0.41980359062500006 1 0.4442864828125 1
0 0.8403915218750001 0.758204671875 0.8538558890625 0.7617513859375 0.8642027265625 0.7565083921875 0.8674012015624999 0.7431042 0.8610216265625 0.735024778125 0.85487133125 0.734370578125 0.8471834625 0.733552828125 0.8406805578125001 0.7392046953125 0.8388115671874999 0.749578515625 0.8403915218750001 0.758204671875