0 0.0348598625 0.10014291093750001 0.032427314062500004 0.0932482078125 0.0244928390625 0.08508112500000001 0.015163289062499998 0.0916118734375 0.013792496874999999 0.10837694843750001 0.0193187078125 0.11171657187499999 0.028708959375 0.11035394218750001 0.031814762499999996 0.10783248593750001 0.0348598625 0.10014291093750001
0 0.459375 0.2754359234375 0.45548200312500003 0.274138265625 0.4454184953125 0.2849170578125 0.43537926875000005 0.297763096875 0.41903131250000003 0.30738306406250004 0.4231260265625 0.322319646875 0.428591534375 0.32049115625 0.430156575 0.32026405156250004 0.4495739125 0.30502175781249996 0.4526675765625 0.301466678125 0.459375 0.2954572953125 0.459375 0.2754359234375
0 0.20393515624999997 0.3468790203125 0.2209806515625 0.3299101375 0.21928206249999999 0.3187673890625 0.20751996562500002 0.3184034328125 0.19280989531249998 0.33399803281249996 0.196904609375 0.348934615625 0.20393515624999997 0.3468790203125
0 0.2176452734375 0.4463572453125 0.23406607343750002 0.4429390171875 0.24175773750000001 0.4304336375 0.23928876875 0.42043806406249995 0.2345207984375 0.414917640625 0.21887037812500001 0.4171886921875 0.2094801265625 0.418551325 0.20491854687500002 0.430602496875 0.20820645781249997 0.44358538437500006 0.2176452734375 0.4463572453125
0 0.20572534999999997 0.4325561890625 0.21261021093750002 0.4180971140625 0.2109480421875 0.410055234375 0.20309855156249998 0.40912351406249997 0.196104425 0.41427998125 0.1962622515625 0.42771708124999996 0.200247703125 0.43335105625 0.20572534999999997 0.4325561890625
0 0.3367628625 0.24373804843750002 0.33528280312500003 0.2512005125 0.337090659375 0.2716458734375 0.34874348906249997 0.2627072203125 0.35879485624999996 0.250894803125 0.3578423671875 0.2365376328125 0.3492224953125 0.23675308906249998 0.3367628625 0.24373804843750002
0 0.5158855234375 0 0.5159597484375 0.006319359375 0.524640325 0.0112720203125 0.529299028125 0.007489834375 0.53561003125 0 0.5158855234375 0
0 0.5593869046875 0.033149904687499995 0.5587379296874999 0.0446333125 0.561170478125 0.0515280171875 0.570621434375 0.0553335015625 0.57755485625 0.04500891875 0.5790106328125 0.0354792046875 0.5742669453125 0.0320260296875 0.56249270625 0.03062845 0.5593869046875 0.033149904687499995
0 0.649050121875 0.12574802031250001 0.6389501921875 0.13342594375 0.628838121875 0.1400702421875 0.6353046796874999 0.156733415625 0.6477885953125 0.1518157046875 0.656960315625 0.1318478578125 0.6730897421875 0.103622671875 0.66601063125 0.1015437765625 0.649050121875 0.12574802031250001
0 0.647115340625 0.161231865625 0.6330542421875001 0.1653430578125 0.6277708453125 0.18267589687500002 0.6326359390625 0.1964653046875 0.643566953125 0.1928083234375 0.6528722203124999 0.1842103296875 0.6542430125 0.167445253125 0.647115340625 0.161231865625
0 0.7171780125 0.12000343437500001 0.706283421875 0.1267612875 0.70332330625 0.1416862203125 0.709717021875 0.15214765624999999 0.71444856875 0.154567209375 0.722947034375 0.1440155234375 0.7313969375 0.1293293421875 0.72264351875 0.11817494375 0.7171780125 0.12000343437500001
0 0.6495677421874999 0.370023740625 0.6330133953125 0.3620721140625 0.6212270171875 0.3596409125 0.61439071875 0.378234478125 0.619989771875 0.3877758421875 0.6333169109375 0.3879126921875 0.6495677421874999 0.370023740625
0 0.6692830734375 0.44688745937499996 0.661348596875 0.43872037812500003 0.651357934375 0.45570090937499996 0.6515400421875001 0.4712052578125 0.658643434375 0.4753514 0.671139490625 0.4714673109375 0.675688928125 0.45838251718749995 0.6692830734375 0.44688745937499996
0 0.6465049796875 0.4429451234375 0.63647789375 0.4568247875 0.6412701453125 0.46441245468750003 0.6490953546875 0.463276928125 0.6521647359375 0.45765460312500006 0.6528258499999999 0.44720481718749994 0.6465049796875 0.4429451234375
0 0.639656540625 0.46050506875 0.6333842328125 0.4603798671875 0.6264022453125 0.46656995468750007 0.6296658765625 0.47748559999999995 0.6367449875 0.47956449531249995 0.6468934796875 0.4760210640625 0.6467842140625 0.46671845625 0.639656540625 0.46050506875
0 0.8026522374999999 0.5390625 0.7988548625 0.5336943921875 0.7902107109375001 0.5318425999999999 0.7839748234374999 0.5348182671874999 0.7831330484375 0.5390625 0.8026522374999999 0.5390625
1 0.459375 0 0.459375 0.5390625 0.5570748359375 0.5390625 0.5574620296875 0.53662628125 0.565165834375 0.5251545234375 0.5775040609375 0.507833334375 0.5796452343749999 0.489921084375 0.5928145453125 0.47662083437499997 0.5918256328125 0.4591627921875 0.5876702171875 0.4390580921875 0.5836483453125 0.430323246875 0.594360828125 0.40806104843749996 0.5949491 0.3914095265625 0.6050975921875 0.3878660953125 0.6072509046875 0.37098746718750003 0.6062619921875 0.3535294265625 0.6210449078125 0.3441365640625 0.6208385171875 0.3265649703125 0.6134923140625 0.301746365625 0.6017423578125001 0.30241603125 0.5983573203125 0.28116415625 0.61232129375 0.268783978125 0.6270799265625 0.2573238703125 0.6292211 0.23941161718749998 0.6273889640625 0.216899015625 0.63199910625 0.20898233593749999 0.629517996875 0.1979531390625 0.609136028125 0.1978046375 0.5995758062500001 0.1846965453125 0.6128301015625001 0.178631659375 0.6181742015625 0.1664669359375 0.603979559375 0.159208275 0.5883777015625 0.16561381875 0.5751234046875 0.1716787078125 0.57418305625 0.1583551578125 0.58979705625 0.15298323593750002 0.5825236953124999 0.1343663703125 0.57454065625 0.122064796875 0.574382828125 0.10862769375 0.56706090625 0.0858763359375 0.555031715625 0.0627726703125 0.5391749046875 0.047472128125 0.5507913140625 0.0354326078125 0.5733508765625001 0.0207697265625 0.59356633125 0 0.557751465625 0 0.5458048125 0.0113069671875 0.525641375 0.029763684375 0.51473464375 0.0354879125 0.500430734375 0.018926642187500002 0.49016083593750004 0.0121338421875 0.480697740625 0.0072947359375000005 0.48773611250000004 0 0.459375 0
0 0.15069549375 0.6021080578125 0.1581318125 0.6071194625 0.16917916875 0.6055163671875 0.173753665625 0.60241635625 0.173596553125 0.5890400546875 0.1661888 0.5864607046875 0.1625063484375 0.5869950703125 0.1579032828125 0.5876630265625 0.1524367375 0.5933286843750001 0.15069549375 0.6021080578125
0 0.074820878125 0.7373645078125 0.08864435468750001 0.7365766625 0.085582571875 0.711440865625 0.0754129796875 0.7092622890625 0.0690401046875 0.7162775640625 0.06925434999999999 0.734517971875 0.074820878125 0.7373645078125
0 0.12309396875 0.9216012140625001 0.135968265625 0.918514909375 0.133927078125 0.9017577109375001 0.131136671875 0.8997264296875 0.121930540625 0.9010623437499999 0.113716440625 0.9083448000000001 0.12309396875 0.9216012140625001
0 0.09738821875 0.93142190625 0.10744354687499999 0.9238722671874999 0.11377357343750001 0.9132089109375 0.1089991109375 0.899284540625 0.098900934375 0.9031860999999999 0.0871043640625 0.9195151125000001 0.09738821875 0.93142190625
0 1 0.5390625 0.990897409375 0.5390625 0.9826880484375 0.5503543750000001 0.9789211296874999 0.5633256171875 0.987541003125 0.5631101609375 1 0.5505272875 1 0.5390625
0 0.8328501750000001 0.5400006109375 0.82663856875 0.5450435234375 0.8244366937500001 0.557787659375 0.8300843078125 0.5714635140625 0.8457104484375 0.5671252156250001 0.8518977734375 0.5600150562499999 0.8526195906249999 0.5547333875 0.8485855796875 0.5449649187500001 0.8430350890625 0.5395580468750001 0.8328501750000001 0.5400006109375
0 0.7168632500000001 0.5390625 0.7168306734375001 0.5392348046875 0.7216229249999999 0.546822475 0.730194234375 0.5424725265625 0.7336196562499999 0.5390625 0.7168632500000001 0.5390625
0 0.7809863531250001 0.6624543578125 0.7776377390625 0.6443033515625001 0.7626848546874999 0.6392254890625 0.7642984593750001 0.6431328781250001 0.7480840484375 0.6641226984374999 0.7475321984375001 0.6838750906250001 0.7507108468749999 0.687555371875 0.7640015625000001 0.6845913546875 0.7779412531250001 0.6701439296875 0.7809863531250001 0.6624543578125
0 0.8298911562499999 0.6884900359375 0.8212348609375001 0.6856046203125 0.8104859578125 0.704765953125 0.8184811375000001 0.7181011500000001 0.823983065625 0.719373528125 0.8340101499999999 0.705493865625 0.83624845 0.6958505984375 0.8298911562499999 0.6884900359375
0 0.499284309375 0.6370678671875 0.51329684375 0.62882218125 0.510718609375 0.6095240000000001 0.5060113421875 0.6091716921875 0.499751175 0.6100801140625001 0.49195024531250003 0.6132828859374999 0.490421625 0.6166108609375 0.499284309375 0.6370678671875
0 0.4961674625 0.7721201921875 0.504835896875 0.7760392296875 0.514972246875 0.771462175 0.521111009375 0.760217521875 0.516245915625 0.7464281140625 0.50997360625 0.7463029125 0.5028944953125001 0.7442240171875 0.49747755 0.7501870015625001 0.4944567328125 0.7599438203125001 0.4961674625 0.7721201921875
0 0.9990150124999999 0.9393606359375 0.9911291015625 0.935328046875 0.9794519890625001 0.9421994515625001 0.979634096875 0.9577037984375 0.9859549671875001 0.9619634937499999 0.9945627 0.9607144156250002 0.9983417578125 0.9487767968749999 0.9990150124999999 0.9393606359375
1 0.459375 1 0.8517309390625 1 0.8451011859375 0.9824029671875 0.8293050765625001 0.9722705406250001 0.8221409828125001 0.9629562828125 0.8219467328124999 0.9464183109375 0.8125079171875 0.9436464515625002 0.8100268078124999 0.932617253125 0.8067267546875 0.9186007406249999 0.7980219 0.911580834375 0.7939271859374999 0.8966442515624999 0.804785353125 0.886785528125 0.800690640625 0.8718489437500001 0.7995317609375 0.8399201796875 0.7814487921875 0.835296528125 0.77221636875 0.8500962609375 0.7754799984374999 0.8610119046874999 0.7636572 0.85547983125 0.7571663609374999 0.8367494140625 0.755322084375 0.8132031843749999 0.7528652546875 0.8042412359375 0.7370691484374999 0.7941088093750001 0.720842596875 0.814065009375 0.7265266328125 0.830841734375 0.7098630218749999 0.8135874984375 0.6997388109375 0.819198175 0.687182053125 0.8179141484375 0.68160728125 0.8104400312500001 0.6680130484375 0.7875634703125 0.6601271359374999 0.78353088125 0.6382165468750001 0.786710353125 0.624937971875 0.7907079953125 0.624337559375 0.8063258953125001 0.6236036 0.8105739390625001 0.6110589828124999 0.8103235359375001 0.596215365625 0.8145482828125001 0.592327040625 0.8171832921875 0.57891491875 0.8098110796875 0.56639458125 0.811627921875 0.5609776375 0.817590903125 0.55241846875 0.8229744765625 0.5465159015625 0.787592534375 0.52151165 0.7943270859375 0.5209598015625 0.8140794796874999 0.5116909546875 0.8257783421875 0.48608629062500003 0.848130796875 0.472134459375 0.8615445968750001 0.4620830921875 0.8733570140625 0.459375 0.8746492734375 0.459375 1