0 0.15359765625 0.15285415468750002 0.1449030359375 0.1431242546875 0.13030858437499998 0.1438893515625 0.1253966109375 0.152765528125 0.1308819390625 0.16031312656250002 0.14240361562499998 0.161276146875 0.15359765625 0.15285415468750002
0 0.07291121874999999 0.3545300125 0.0694289015625 0.3445268640625 0.055685792187500006 0.3397627203125 0.051570556249999996 0.3415454875 0.04056763125 0.35544207031249997 0.04610756875 0.3645538359375 0.0504412265625 0.36902774374999997 0.060893135937499995 0.3692633296875 0.07112662656249999 0.3632422421875 0.07291121874999999 0.3545300125
0 0.1327559015625 0.27382466875 0.1288044796875 0.28029994375 0.12488036093749999 0.28755730156250003 0.125098784375 0.29381397656249997 0.1335476796875 0.2965051171875 0.140899509375 0.29768673749999996 0.14693585468749998 0.2911021640625 0.150668853125 0.2783702140625 0.145238128125 0.2723867875 0.1327559015625 0.27382466875
0 0.23246974062499998 0.13853367656249999 0.2296426875 0.1473005546875 0.23510071406250002 0.154066065625 0.2457164421875 0.158994159375 0.25488016562500004 0.1522456359375 0.25770722031250004 0.1434787578125 0.2574887984375 0.13722208281249998 0.2509337046875 0.1289470515625 0.23954854218750002 0.131894453125 0.23246974062499998 0.13853367656249999
0 0.27921169687499997 0.16115579062500002 0.289308675 0.15122427968750002 0.28344110625 0.1327275015625 0.2631702078125 0.1204704109375 0.2447385046875 0.10106526093749998 0.2458628734375 0.1033568640625 0.2507425875 0.1234724609375 0.25562229687500004 0.1435880578125 0.26832294375 0.1484068515625 0.27921169687499997 0.16115579062500002
0 0.56875 0.1813342625 0.5648409875 0.17595561875000001 0.5543617750000001 0.174937946875 0.5389978890625 0.1835785375 0.538446878125 0.1977107078125 0.5479655375 0.20112928281250003 0.5502688796874999 0.2072766578125 0.5525722234375 0.21342403437500002 0.5641212 0.21516914062499998 0.56875 0.21244568749999998 0.56875 0.1813342625
0 0.45682964843749996 0.2231443171875 0.47776077031249997 0.2243975765625 0.48264544374999996 0.21473931249999997 0.4761722578125 0.2088105359375 0.46862930937499997 0.20215432500000002 0.46031692656249995 0.20337360625 0.45000152812499994 0.2070484421875 0.45682964843749996 0.2231443171875
1 0 0.659375 0.56875 0.659375 0.56875 0.227926734375 0.5614033578125001 0.22706435625000002 0.5651587 0.24488834843750001 0.5421699578125 0.24452647500000002 0.532323665625 0.2317228875 0.515616990625 0.2318151984375 0.487252128125 0.227034065625 0.476882128125 0.22914473124999998 0.458008621875 0.22700009062499998 0.44410169843749997 0.2175434390625 0.427722653125 0.2270207640625 0.407560965625 0.2178920109375 0.39724556875 0.2215668453125 0.398724871875 0.2340255484375 0.382018196875 0.23411785937500001 0.3673418390625 0.2325367015625 0.3579323890625 0.232246465625 0.33771609375 0.22155354374999997 0.31977584062500003 0.21622591406249997 0.2988174125 0.2141905703125 0.2906142421875 0.218538190625 0.29102378125 0.23026945781250002 0.296563715625 0.23938122343749998 0.2968913484375 0.24876623593749997 0.27609673749999997 0.2514234 0.2614203796875 0.2498422421875 0.22044173749999998 0.21281471093749998 0.21440539531249997 0.21939928437499998 0.230970596875 0.245170409375 0.2462749171875 0.2647395078125 0.23595951875 0.26841434375 0.22021339687500002 0.266105753125 0.20358862812499998 0.2685443171875 0.188060928125 0.2724924015625 0.172669740625 0.28035090625 0.1511329984375 0.29166565 0.1389511 0.30170646093750003 0.131981509375 0.31147402031250004 0.1313485859375 0.3232599375 0.1053739359375 0.2971985765625 0.1127754125 0.3297182234375 0.096423671875 0.33997763281250004 0.0892902625 0.3450526890625 0.0981213953125 0.3586930109375 0.08259369375 0.36264109375000003 0.0799304578125 0.3761004796875 0.0825614328125 0.3916328671875 0.0838496171875 0.398616978125 0.07578295625 0.406875021875 0.061106598437500007 0.4052938640625 0.05421891250000001 0.417407678125 0.026208985937500002 0.42279364375000006 0.01693605 0.4264138296875 0.015451784375 0.4437289875 0.0321857625 0.4444187609375 0.038631646874999995 0.44956545156249994 0.029522525 0.45787814375 0.0246105515625 0.466754321875 0.0176955625 0.4780860515625 0.014731996875 0.48294250937500005 0.0041435734375 0.47879649999999996 0 0.4814586078125 0 0.659375
0 0.8892620171875001 0.0854736296875 0.90410759375 0.08838250156250001 0.9135977796875 0.0786671578125 0.90714445 0.0697876328125 0.9033045734374999 0.0653800171875 0.8873931765625 0.06713593749999999 0.8803237171875 0.07580259375000001 0.8892620171875001 0.0854736296875
0 0.9329198156249999 0.1394137 0.920591328125 0.1382164390625 0.905970596875 0.1417482625 0.9063239265625 0.1518693578125 0.9126808937499999 0.1579885828125 0.9249451359374999 0.1573456453125 0.9308845375000001 0.15150357812499998 0.9329198156249999 0.1394137
0 0.91258453125 0.155228284375 0.899158103125 0.1577757140625 0.903254946875 0.169544125 0.9181968875 0.17521329531250002 0.9314948296875001 0.168985465625 0.9274943484375001 0.15997735468750002 0.9212016234375 0.155698328125 0.91258453125 0.155228284375
0 0.6119207640625 0.3415201171875 0.623344034375 0.35198266562499997 0.639126946875 0.3465463484375 0.642420771875 0.335312275 0.6311902265625 0.3303703234375 0.6250581046875 0.33069179375 0.6119207640625 0.3415201171875
0 0.6108169859375 0.3802928765625 0.6208853484375 0.387139321875 0.6356345625 0.38728789531249996 0.6340869328125 0.37815119531249997 0.6238900875 0.3676243546875 0.6014932374999999 0.35958065 0.5901342125 0.3509583 0.57293215 0.3509383140625 0.5844517796875001 0.3641611609375 0.5969729906250001 0.3708790171875 0.6108169859375 0.3802928765625
0 0.5960502671875 0.48522851093749997 0.6020860265625 0.4821467453125 0.6066062765625 0.470848375 0.592987121875 0.4678752109375 0.5857570625 0.471941371875 0.5775575390625 0.4834326203125 0.5838823859375 0.48863174843749996 0.5960502671875 0.48522851093749997
0 0.7263753562499999 0.276525846875 0.733926628125 0.28166067968749997 0.7510965703125 0.28076056562499996 0.7495810609375 0.2725439640625 0.7430634859375 0.26182424375 0.7306386375 0.25786668437500004 0.7260220281249999 0.2664047546875 0.7263753562499999 0.276525846875
0 0.7433642453125 0.200049 0.7360056984375001 0.20043476249999997 0.72748496875 0.2027250171875 0.726483390625 0.2092300078125 0.7368087171875001 0.22343724687500002 0.7455864125 0.22850778593749999 0.7542356265625 0.2298979265625 0.758627390625 0.21491916249999998 0.7521740609374999 0.20603963906249997 0.7433642453125 0.200049
0 0.7642397453124999 0.2349041734375 0.7469091984375 0.2312037890625 0.7395506515625 0.231589553125 0.7449381640625 0.24513386874999998 0.7552313703125 0.25842100625 0.76642979375 0.262442859375 0.78243755 0.2634472390625 0.7880236203125 0.24748407968750002 0.774179625 0.23807022031249997 0.7642397453124999 0.2349041734375
0 0.7739869 0.23254962343750002 0.7804081093749999 0.2405090484375 0.7903479875 0.24367509531249998 0.7986759921875001 0.2358642453125 0.7996133296875 0.22751905625000002 0.79829054375 0.2248230515625 0.78954496875 0.22067261249999998 0.77618278125 0.2250602421875 0.7739869 0.23254962343750002
1 1 0.659375 1 0.16744390781250001 0.9856181093749999 0.170757034375 0.9675108281250001 0.18000233906250002 0.9634461078125 0.1691540265625 0.955477265625 0.1520579 0.9424684093749999 0.1665666234375 0.9417237953125 0.1804324078125 0.93229785 0.19198795 0.9198408796875001 0.1871102921875 0.9227112999999999 0.198942996875 0.9291003874999999 0.205982321875 0.9270008640625 0.21623200156250003 0.9111537125 0.21982811875000002 0.9084438968749999 0.2125959140625 0.8997946828125001 0.2112057703125 0.88514183125 0.213817496875 0.8804609781250001 0.220515365625 0.86080606875 0.22062396875 0.8437967296875 0.226124578125 0.8257858125 0.23813017812499998 0.8185557484375 0.24219633749999997 0.7994147703125 0.25702652812500004 0.7874396125 0.2659503609375 0.7877287 0.27423125625 0.776883603125 0.2803304953125 0.7809804453125 0.29209890625 0.77400735 0.3035258609375 0.7580959515625001 0.3052817796875 0.7560927953125 0.318291759375 0.737792790625 0.3220164625 0.7191394578125 0.3156200765625 0.7066503671875 0.30982231875 0.6967426109375 0.30757637187500003 0.6884146078125 0.31538722343750003 0.68389435625 0.326685590625 0.682924896875 0.334110678125 0.695446109375 0.340828534375 0.7042559265625 0.3468191734375 0.6909258609375 0.352126903125 0.6848901 0.35520867031250003 0.6865019734375 0.36618556875 0.6806589375 0.3747879328125 0.6645226953125001 0.3701031546875 0.667425234375 0.38285595781250004 0.668003409375 0.3994177484375 0.6535111609375 0.4066299671875 0.65392873125 0.418591259375 0.644374303125 0.42646640468749997 0.6484069046875 0.436394615625 0.6389488390625 0.447030059375 0.637009921875 0.46188023593749994 0.6250668828125 0.47172416874999995 0.6242901515625 0.48466985156250003 0.629452815625 0.49177347187500003 0.62357765625 0.49945573750000005 0.63487244375 0.5062378859375001 0.63525789375 0.517279078125 0.6279635875 0.5195050390625 0.6133428578125 0.5230368624999999 0.607628303125 0.535319625 0.6201495140625 0.5420374812500001 0.6291841765624999 0.554468815625 0.619726109375 0.565104259375 0.6263400421875 0.5785842796875 0.638732771875 0.5816217375 0.6317917953125 0.5939687921875 0.62578815625 0.5979706593749999 0.6075202734375 0.6026154625 0.627528509375 0.61262795625 0.648506209375 0.6152153578124999 0.65802851875 0.6064201125 0.6608989375000001 0.618252815625 0.668771415625 0.63258864375 0.67538535 0.6460686640625 0.6694677703125 0.659375 1 0.659375
0 0 0.8328081796875001 0.0097998234375 0.8301741203124999 0.0149302203125 0.82755461875 0.021790603125 0.81465871875 0.016359879687500002 0.8086752921875 0.00791098125 0.805984153125 0.000449940625 0.80167419375 0 0.8017828828125 0 0.8328081796875001
0 0.0107479546875 0.7376695578125 0.005781375 0.7449815671875 0.0069876515625 0.7496194234375 0.007069559374999999 0.7519656765625 0.022870285937500002 0.7558384359375 0.0300309984375 0.7515454671875 0.030882340624999997 0.7460162265625 0.030500103125 0.73506704375 0.0158510484375 0.7342679703125 0.0107479546875 0.7376695578125
1 0.56875 1 0.56875 0.659375 0.3479648671875 0.659375 0.3455707125 0.6682964015625 0.33662540937499996 0.6813016000000001 0.316376853125 0.699600453125 0.29280979375 0.7125886625 0.29308281875 0.72040950625 0.2663610765625 0.7327795828125 0.24811553437499997 0.7486228828125 0.2199690921875 0.7500984265625 0.2064990109375 0.7531551249999999 0.1844162171875 0.7488281796875 0.1657611328125 0.7529402125 0.1685559234375 0.773165109375 0.17807458437499998 0.776583684375 0.1783203078125 0.7836224421875 0.16998062187500002 0.7840596421875 0.1475925375 0.8009036249999999 0.11094259375 0.798123859375 0.0954421953125 0.8028540265625 0.0973037375 0.8262619109375 0.129756534375 0.828478190625 0.10191042187499999 0.8385566624999999 0.1034170265625 0.8517974484374999 0.11611767656250001 0.8566162437500001 0.10621181875 0.87202234375 0.0902969203125 0.8947951046875 0.102173528125 0.9059252250000001 0.1095526625 0.9078889296874999 0.10258306718750002 0.9176564921875 0.08206148437500001 0.9281344984375 0.0910837375 0.9472494125 0.09558121093750001 0.9564158265625 0.1063880578125 0.9668185109374999 0.09741545 0.979041625 0.1052860296875 0.9950828515625 0.10670519375000001 1 0.56875 1