0 0.36476944843750003 0.433528178125 0.36864753281249996 0.4173023296875 0.3617255578125 0.4061168859375 0.35041596406250003 0.41642565156250005 0.35107266406250004 0.42873311718749996 0.35274843125 0.4305038578125 0.36476944843750003 0.433528178125
0 0.404303115625 0.34464988124999996 0.409111521875 0.3458596109375 0.418054625 0.3504705640625 0.42366320156250004 0.337041078125 0.42300650468749995 0.3247336125 0.41473711093750004 0.3179311609375 0.4016422984375 0.32441794687500003 0.399056909375 0.335235178125 0.404303115625 0.34464988124999996
0 0.33435493906249997 0.233961321875 0.33333586875 0.24449804843749998 0.3386915234375 0.255963996875 0.35289784375 0.25549069375 0.3577232625 0.242201459375 0.35550024375 0.2301745 0.3505823875 0.22691352656250002 0.34118447500000004 0.2285965578125 0.33435493906249997 0.233961321875
0 0.2958669828125 0.1942599515625 0.2992732453125 0.1988270515625 0.3080521734375 0.2003611375 0.3133153921875 0.19527688125 0.31338712812499997 0.18180354062499998 0.309926140625 0.1762108203125 0.2990166328125 0.179199978125 0.29559335937500003 0.1891318421875 0.2958669828125 0.1942599515625
0 0.13170375781250002 0.11079818593749999 0.14048268749999998 0.11233227187499999 0.1513204578125 0.122816453125 0.1634132109375 0.11236743281249999 0.163375496875 0.09684285000000001 0.15359450937500002 0.0913465265625 0.144196596875 0.093029559375 0.137421784375 0.09941994374999999 0.13170375781250002 0.11079818593749999
1 0.4390625 0 0.249304984375 0 0.2474227921875 0.01241786875 0.22442053281250002 0.0258560484375 0.2207613484375 0.0461843859375 0.23187274531250002 0.061796675 0.2501760484375 0.0492000125 0.2596834109375 0.049568225 0.247809559375 0.06411973125 0.212588084375 0.1004546484375 0.19466785312499998 0.120230665625 0.166002290625 0.146072709375 0.19381295781250002 0.1338442578125 0.1833072265625 0.17403631875 0.21260878593750002 0.13047819375 0.2284531609375 0.1162510453125 0.2300364921875 0.101471578125 0.2695021125 0.0705891296875 0.291321128125 0.0646108109375 0.2857125515625 0.078040296875 0.2776450453125 0.0898392984375 0.28378386093749997 0.1011649953125 0.2882846203125 0.1262445359375 0.316519765625 0.18124253125 0.3243890734375 0.19536458750000002 0.29164353906249996 0.21883102812500002 0.2715927296875 0.24313029375 0.251541921875 0.26742955625 0.28645575 0.254964453125 0.3022831140625 0.255236265625 0.3099128203125 0.2352322890625 0.3345361234375 0.222539228125 0.344570034375 0.2031401125 0.3752604171875 0.21524608750000002 0.38917610156250004 0.22414363437499998 0.39660761093749997 0.2300607140625 0.3857905421875 0.24960007968750003 0.38704921406250004 0.2731893890625 0.393516378125 0.2906688171875 0.42037971093750004 0.27550375312500003 0.43715441093749996 0.27871217812500004 0.4390625 0.278269275 0.4390625 0
0 0.7531392359375 0.3688266015625 0.7499518734375 0.368361990625 0.739825525 0.371210896875 0.7361286265625 0.3760146484375 0.73208636875 0.38916362968749996 0.737896834375 0.3943355953125 0.74337895 0.3933538265625 0.7535052984374999 0.39050491875 0.755526428125 0.383930428125 0.7531392359375 0.3688266015625
0 0.7590288187500001 0.4495702421875 0.7809025593750001 0.44461754375 0.7790626171875 0.4397699390625 0.7733616 0.43664922031250003 0.763180528125 0.43847250468750004 0.7590288187500001 0.4495702421875
0 0.9428997421875 0.32448898125 0.9390216562500001 0.340714828125 0.9282215984375 0.34575523124999996 0.931775025 0.3678981578125 0.928899 0.3880862421875 0.9309201281250001 0.3815117515625 0.9398802437499999 0.37162374374999996 0.9499688796874999 0.3532502515625 0.9520617453125 0.3332024203125 0.9428997421875 0.32448898125
0 0.9376084406250002 0.2105046765625 0.9457136609374999 0.214230259375 0.9549473984375 0.20947036093750002 0.9587160328125 0.1911932703125 0.95603820625 0.1854602953125 0.9471498281249999 0.1818749625 0.9423961453124999 0.1816908578125 0.937406553125 0.1919032265625 0.9376084406250002 0.2105046765625
0 0.74535129375 0.23768722812499998 0.7462986265625 0.2406238421875 0.74875755625 0.24225432812499997 0.757755384375 0.247890903125 0.7664966 0.23390040625 0.7627619875 0.223179575 0.75795358125 0.2219698453125 0.7501767125000001 0.22439799374999997 0.74866511875 0.225704121875 0.74535129375 0.23768722812499998
0 0.56262729375 0 0.557425596875 0.0052384484374999995 0.551707571875 0.016616690625 0.5495769921875 0.0211399375 0.5496317171875 0.022165559374999998 0.562945428125 0.0197812625 0.5713960078125 0.0151616171875 0.573871946875 0.0022931437499999997 0.5728008390625 0 0.56262729375 0
0 0.101892925 0.801699965625 0.10637298125000001 0.7967559609375 0.1059351828125 0.788550984375 0.10074370156250001 0.7801619015625001 0.09442370156249999 0.7802583015625 0.088996309375 0.7822656921875 0.085737209375 0.7952744203125001 0.0907645171875 0.8005866375 0.0940066046875 0.8020768703125001 0.0979771265625 0.8024012296875 0.0987602859375 0.802260975 0.101892925 0.801699965625
0 0 0.7691816078125 0.008310179687499999 0.766688171875 0.0190555125 0.7606221468750001 0.018453540625 0.7493403015625001 0.0152114515625 0.7478500703125001 0.004920929687500001 0.7476221109375001 0 0.7460665609375 0 0.7691816078125
0 0.0701006609375 0.680036534375 0.06680385 0.6775206796875001 0.06523753125000001 0.677801184375 0.060429123437499996 0.67659145625 0.0497932390625 0.6847087265624999 0.027338228125000003 0.7084031265625 0.0505046625 0.6980418140625 0.061851970312500004 0.70325763125 0.06884567968750001 0.700969734375 0.07316156406249999 0.6929488625 0.07288793906249999 0.687820753125 0.0701006609375 0.680036534375
0 0.07463544375 0.676118153125 0.0793721140625 0.690801221875 0.0829972765625 0.699470809375 0.08764150781249999 0.6976036703125 0.0898815359375 0.69513166875 0.0958731890625 0.688881534375 0.09964182187500001 0.6706044437500001 0.0983114140625 0.660488475 0.0840503703125 0.6599361578125 0.07889660312499999 0.667071659375 0.07463544375 0.676118153125
1 0.4390625 0.459375 0.1585773921875 0.459375 0.1549577578125 0.4774283625 0.1666881390625 0.489823534375 0.1623005203125 0.5113177453125 0.1699509296875 0.5213373140625001 0.1818077703125 0.5212847671875 0.1841949625 0.53638859375 0.1765822671875 0.541893609375 0.165382125 0.5542536203124999 0.1713020390625 0.561476828125 0.1778956640625 0.5665085390625 0.18201335000000002 0.5844087250000001 0.17456482812500002 0.5929906078125 0.17740683125 0.6018004484375 0.167208746875 0.61812269375 0.16986956250000002 0.6383546296875 0.18192829375 0.656903534375 0.192437715625 0.661233984375 0.2049682671875 0.6589899406249999 0.21777244375000002 0.6618740078125 0.22489630468750002 0.6916609015625 0.236390775 0.714452546875 0.248921328125 0.7122085031250001 0.26498829375 0.7466063500000001 0.27855861718749997 0.7638491281249999 0.28921520312500004 0.7857554015625 0.2963183625 0.7855187499999999 0.2994339890625 0.7994567015625 0.30814118281249997 0.8144641281249999 0.319543215625 0.8207055671875001 0.330945246875 0.82694700625 0.336683975 0.845592309375 0.338014384375 0.8557082781249999 0.3533322125 0.8612484531250001 0.3601994625 0.8714082734375002 0.3599088265625 0.8807791250000001 0.351731871875 0.890526884375 0.3516601359375 0.9040002218750001 0.360093703125 0.9138795390624999 0.3751379078125 0.9142916031249999 0.3788518171875 0.8949888906249999 0.37846874218750004 0.8878095359374999 0.3917277296875 0.8843996171875 0.40023303437499996 0.8808055937500001 0.40571514999999997 0.8798238265624999 0.41453179375 0.8968824968749999 0.4311423171875 0.8970140546875001 0.43411078124999997 0.893376178125 0.4390625 0.8911614953125 0.4390625 0.459375
0 0.29690332656249996 0.8112995546875 0.290019065625 0.8156386953125001 0.2879979359375 0.8222131859375 0.294300925 0.8366157484375 0.3041366375 0.8431376921875 0.31018301406250004 0.8379131828125 0.31322321249999996 0.8208019656250001 0.3040612109375 0.8120885250000001 0.29690332656249996 0.8112995546875
0 0.7498490062500001 1 0.7533190703124999 0.9957474078124999 0.7567423453125001 0.9858155453125 0.7553572109375001 0.9746739546875001 0.7473067171875 0.97197399375 0.7334287453125 0.97860103125 0.7316812421875 0.99030363125 0.7351531984375 1 0.7498490062500001 1
0 0.9301659515625001 0.9464744734374999 0.9244479234374999 0.9578527171874999 0.9266709406250001 0.9698796765625 0.9386372328124999 0.9718783734375 0.9448477828125 0.9697307312500001 0.949218390625 0.9627354828125 0.9467764750000001 0.9466060328125 0.936212328125 0.9412499624999999 0.9301659515625001 0.9464744734374999
0 0.5442857828125 0.782610034375 0.5529552625 0.7820928781250001 0.561805928125 0.7701536234375 0.5595281859375 0.7571010421875 0.5461050249999999 0.75743409375 0.540277546875 0.7667610921875 0.5354521296875 0.780050325 0.5442857828125 0.782610034375
0 0.5480263328125 0.64526438125 0.538173609375 0.6532414 0.5337482765625 0.6592110250000001 0.523950278125 0.668213665625 0.5225481328125 0.6715710375 0.53109115 0.683501596875 0.54937744375 0.685403896875 0.5626911546875 0.6830196 0.5636555 0.671457253125 0.5550577578125 0.6585010703125 0.5501399015625 0.6552400984375 0.5480263328125 0.64526438125
1 1 0.459375 0.6095020265625 0.459375 0.609316909375 0.46033713125000003 0.617586303125 0.46713957968750003 0.6336325671875 0.47151388125000004 0.6318303359375 0.48219086093749997 0.6152028015625 0.49655826249999996 0.621396340625 0.50890958125 0.6313037890625 0.5019581843750001 0.6401751578124999 0.5200424781249999 0.6329455359375 0.5327268484375 0.6258971 0.533989121875 0.6276653078125001 0.5523100671875 0.6379388203125 0.5670369875000001 0.6337871109375 0.578134725 0.62582905625 0.5919849687500001 0.6278331734375 0.5999094406250001 0.6171972890624999 0.6080267109374999 0.6137022812499999 0.6314319125 0.6296390953125 0.63375496875 0.6320432968749999 0.634359834375 0.646978053125 0.632720653125 0.64949170625 0.6353767625 0.635870346875 0.661630871875 0.638093365625 0.6736578328125 0.6574534515625 0.6660490265625001 0.671823946875 0.6686525875 0.6772343265625 0.6811441578125 0.6881645375 0.7081785453125 0.704231503125 0.7425763921874999 0.7063450703124999 0.75255210625 0.7200041421875 0.7418225828125 0.746888178125 0.7566810640625 0.7303153671875 0.7720740875000001 0.7450142109375 0.7808313828125 0.7524627328125 0.7722495 0.7546857499999999 0.784276459375 0.7434138703125 0.8101098109375 0.7610641656249999 0.8297281906249999 0.772609671875 0.8090229499999999 0.7865423671875 0.8034215343750001 0.7906770625 0.806822759375 0.7919904609375 0.8314376906250001 0.79348504375 0.8446305265625 0.8175100656250001 0.865178128125 0.830440703125 0.8556144765625 0.8303689671875001 0.8690878171875 0.815872009375 0.878931971875 0.816019171875 0.8965078 0.8289327984374999 0.9014431125 0.8488024218749999 0.8885659421875001 0.8552488828125 0.8760218265624999 0.8639730875 0.876530290625 0.8707308874999999 0.88463886875 0.8832614375000001 0.8823948250000001 0.8989246281250001 0.879589771875 0.9096699609375001 0.873523746875 0.9220910640625 0.8692284578125001 0.9181959671875 0.89995326875 0.9416530390624999 0.8802211046874999 0.9539646921875 0.8738745734375 0.9657120828124999 0.8717707812499998 0.9898088421875 0.8788450437499999 0.998040521875 0.8701229109374999 1 0.871284575 1 0.459375