1 0.46875 0 0 0 0 0.3349945796875 0.0068394890625 0.33630138593750003 0.0156330875 0.346798946875 0.0437270171875 0.34410265 0.04910943125 0.3527521125 0.07194503906250001 0.35795712343749997 0.075877578125 0.3636710546875 0.0800299578125 0.36875 0.23537609062499998 0.36875 0.24797642656250002 0.36589214062500003 0.24836184062500002 0.36875 0.2846558625 0.36875 0.2872225265625 0.3599210328125 0.294869153125 0.3619137578125 0.30200434062500003 0.367929453125 0.302948375 0.36875 0.34322350468749996 0.36875 0.34568450624999997 0.355760503125 0.3584007359375 0.36408319375 0.35529497656250003 0.36875 0.42452543593750003 0.36875 0.42698209687500005 0.3568049859375 0.41839703593750005 0.347853759375 0.43346192656250004 0.334515275 0.4406815578125 0.32552653125000003 0.448318271875 0.31963045625 0.4653543875 0.3130933375 0.46875 0.311495371875 0.46875 0
0 0.5087996484375 0.13439300625 0.5204827828124999 0.14746781874999998 0.5333576453125 0.141795884375 0.5345610328125 0.132330075 0.5242156203125 0.11998000625000001 0.5164346390625 0.1174507578125 0.5100030375 0.1249271984375 0.5087996484375 0.13439300625
0 0.6045665437500001 0.1365314171875 0.594478134375 0.1352815046875 0.585248421875 0.1403988484375 0.582952653125 0.150959128125 0.5868548062500001 0.1615046953125 0.6064066078125 0.1501755359375 0.6045665437500001 0.1365314171875
0 0.7004910921875 0.1674222625 0.7108131796875 0.16121045 0.7127525953125 0.1572022875 0.709095784375 0.14847593750000002 0.705806990625 0.1424784078125 0.6947488734375 0.143232578125 0.68527381875 0.1465307078125 0.6863778578125 0.1547171765625 0.68881961875 0.1636283921875 0.693078121875 0.16762184062500002 0.7004910921875 0.1674222625
0 0.7866313390624999 0.0522065421875 0.79757844375 0.059823709375 0.8111893312499999 0.05960941875 0.8127607328125 0.0528724359375 0.8050907640625 0.041971853125 0.7974324515625 0.0403522140625 0.7867423484375 0.043835206249999994 0.7866313390624999 0.0522065421875
0 1 0.054971115625 0.989100571875 0.054819585937500005 0.9865594625 0.06356065 0.9904616140625 0.074106215625 0.9965485234374999 0.0824628375 1 0.0807107203125 1 0.054971115625
0 1 0.047979178125 0.9896906046874999 0.040805740624999996 0.9787551593749999 0.0424695171875 0.9824119671875 0.0511958671875 0.984117703125 0.05464943437499999 0.984240375 0.0555590421875 0.9931137343749998 0.0569938171875 1 0.0527557890625 1 0.047979178125
0 1 0.0257656546875 0.9925880671874999 0.025512557812499996 0.9850640890625 0.03408346875 0.9888435687499999 0.043719426562500004 0.996747221875 0.0471582828125 1 0.0460260375 1 0.0257656546875
0 0.0655078609375 0.8570396515625 0.0566199015625 0.8536577265624998 0.045060559374999996 0.8617286749999999 0.0378409265625 0.8707174171875 0.036818046874999996 0.878763353125 0.063973540625 0.8691085562499999 0.0655078609375 0.8570396515625
0 0.1310852046875 0.8431172140625 0.120340203125 0.8415958921875 0.1152904234375 0.8510435328125 0.11467471250000001 0.8542933328124999 0.1197443140625 0.8606232953124999 0.13731169062499998 0.8658408125000001 0.14588684062499999 0.8669032359374998 0.15155232968750001 0.8542057953125 0.1446256828125 0.849736434375 0.1310852046875 0.8431172140625
0 0.21783974062499997 0.8299179203125 0.20173215 0.8355247390624999 0.20215914218750003 0.8465062078125001 0.205163159375 0.8531504390624999 0.2134254984375 0.8518933624999999 0.22447339843749997 0.847845384375 0.2237335953125 0.834544415625 0.21783974062499997 0.8299179203125
0 0.2939039875 0.7765264625 0.29037861875000004 0.7660163984375 0.27643096875 0.7641933125 0.26590441875000004 0.772107125 0.2671457515625 0.773496325 0.267677015625 0.785250959375 0.2796633515625 0.7881614796874999 0.2865800859375 0.7847420390625001 0.2939039875 0.7765264625
0 0.2011913671875 0.6517628015625 0.2184459359375 0.654660815625 0.229389565625 0.6498396703125 0.231132428125 0.6393171000000001 0.2231729890625 0.635004875 0.211499465625 0.634413853125 0.2048955421875 0.64015279375 0.2011913671875 0.6517628015625
0 0.2407903203125 0.515547896875 0.24624726875 0.5013041203124999 0.225278615625 0.502127309375 0.21929040312499998 0.50461645 0.20442414375 0.5116124671875 0.1987487421875 0.5164211078125 0.20164848906250002 0.522292171875 0.21993585000000002 0.525033053125 0.23078512187500003 0.5273275421875 0.2411130421875 0.5257561984375 0.2407903203125 0.515547896875
0 0.41119031875 0.8099689156250001 0.399412525 0.8086047265625 0.3880518109375 0.8103332046875 0.377013821875 0.8222699859375 0.387455925 0.8293606109375 0.3930369671875 0.8316676062500001 0.406567534375 0.8303980234375 0.4126501046875 0.8207932484375 0.41119031875 0.8099689156250001
1 0.46875 0.36875 0.33002810781249997 0.36875 0.3296504828125 0.369471040625 0.314272784375 0.380490025 0.301283390625 0.40140304374999997 0.2908611109375 0.410090021875 0.2746591609375 0.4228124765625 0.266843640625 0.4508286234375 0.2639934515625 0.484401565625 0.2512026890625 0.498972115625 0.2495640984375 0.510267853125 0.24256291718749998 0.52869173125 0.23596890625000003 0.5423194734375001 0.2475579828125 0.55791493125 0.24965330312499998 0.5812670671875 0.2582383625 0.59021829375 0.263005065625 0.602117559375 0.255159809375 0.6064673015625 0.24877434062499998 0.621641378125 0.25550235625 0.6324532062499999 0.2665700828125 0.64418283125 0.275467953125 0.6554535578125 0.27394354375 0.6754112624999999 0.28316413749999997 0.6968902921875 0.29216628125 0.7089341843750001 0.2754429765625 0.7177908046875 0.25976237812499997 0.734379090625 0.228619634375 0.7769907984375 0.2714458140625 0.7428589140625 0.3025041125 0.7152516421875 0.31676457187499996 0.719394228125 0.30759353749999996 0.7373592078125 0.32596534374999997 0.725095653125 0.32866646093749996 0.7373091859375001 0.343666725 0.754752740625 0.332211653125 0.763596853125 0.3334728125 0.78076365625 0.3528972328125 0.7841205703125 0.36952617499999996 0.7823795875 0.389139315625 0.7715052296875 0.395961690625 0.7752014234375 0.4073323140625 0.781361746875 0.41736724843750006 0.7932485046875 0.42647365937500004 0.8060655656249999 0.42401081874999996 0.8190647703125 0.419065309375 0.8292855781250001 0.41113560624999995 0.8486397578125 0.39989898749999997 0.8669190062500001 0.40270437656249997 0.8799057046875 0.40489405468750006 0.8961422062499999 0.41779900156250005 0.8902336250000001 0.43141401718749994 0.8739596078125 0.42850435625000005 0.8601997406249999 0.4399495171875 0.8434668265624999 0.44244209218749997 0.8541340250000001 0.45164286562499995 0.85983545 0.465997684375 0.8568624015624999 0.4608138984375 0.8418704703125 0.4460320859375 0.8338620500000001 0.45996982500000005 0.8277963343749999 0.46875 0.8316896437499999 0.46875 0.36875
0 0.979778003125 0.9258503953125 0.969433596875 0.9099432515625001 0.9530709828124999 0.9136953953125001 0.94928018125 0.9231107796875001 0.950281359375 0.9305345375 0.9578943375 0.9369522453125001 0.9749243859375 0.938149146875 0.979778003125 0.9258503953125
0 0.611176484375 0.7801009609375 0.5974523296875 0.7784009859375 0.578951846875 0.7913171250000001 0.6017467484375001 0.79557669375 0.611176484375 0.7801009609375
0 0.46875 0.8071304187500001 0.46896627031250004 0.8070827765625002 0.485904825 0.8019379093750001 0.48783279375 0.7917637937500001 0.483293328125 0.7825736046875 0.46875 0.790227071875 0.46875 0.8071304187500001
0 0.6359785859375 0.7157030640625 0.635792715625 0.7292181796875 0.6511985359375 0.7306788234375 0.664459865625 0.7311314015624999 0.6715597375 0.7185235671875001 0.6635689375 0.7082117078125 0.6467474624999999 0.7058306234374999 0.6359785859375 0.7157030640625
0 0.6371244375 0.6834160875 0.626573221875 0.6949021890625 0.6210859359375 0.7119033546875 0.6381139828125 0.6989101609375 0.6521165734375 0.6885457234375 0.6607295875 0.6790012875 0.6552210515625 0.6707819890625 0.6406743984375 0.6771121984375 0.6371244375 0.6834160875
0 0.614267196875 0.595496240625 0.6062763906249999 0.5851843203125 0.588921115625 0.5870015171875 0.5797639765625 0.5925117375 0.5828990843749999 0.5994453 0.5946574734375 0.605067 0.606732075 0.6048766828125001 0.614267196875 0.595496240625
0 0.7635153953125 0.8865044953125001 0.779564996875 0.8750052296875002 0.790344065625 0.87336524375 0.795067734375 0.8603753125000001 0.7847164765625 0.8561066 0.7690817015625 0.8543683546875 0.765640559375 0.8614791390625001 0.7564936734375 0.8752218062499999 0.7635153953125 0.8865044953125001
0 0.7826469609375 0.8396254609374999 0.7970766453125 0.825407034375 0.803533840625 0.8161905953125 0.8004973328125 0.801831409375 0.78767125 0.8046062265625 0.7816492687500001 0.8170500656249999 0.7810168640625 0.8286739046874999 0.7826469609375 0.8396254609374999
0 0.8179614484375 0.8008211046875001 0.8232524031249999 0.8074267296875 0.8340314734375 0.8057867453124998 0.8438312312499999 0.7968851390625 0.8426342968749999 0.7880098515625 0.8252910374999999 0.7888872109375 0.8179614484375 0.8008211046875001
0 0.799596171875 0.770679265625 0.794968328125 0.7771472125 0.788837528125 0.78878415625 0.786583128125 0.796537771875 0.7826081796875 0.8087591609375 0.79726361875 0.8023234046875001 0.8142822921875 0.7898532484375 0.8200866125000001 0.7757957484375 0.81306489375 0.764513059375 0.799596171875 0.770679265625
0 0.764667890625 0.7726998218750001 0.7692354640625 0.7809506296875 0.7832201796875 0.7797580265625 0.7944242671875 0.773112984375 0.7937611953125 0.7600394078124999 0.7773647359375 0.7526532671874999 0.767238540625 0.7591343125 0.764667890625 0.7726998218750001
1 1 0.36875 0.6677838281249999 0.36875 0.6667131703125 0.370962421875 0.6528194171875 0.3821337484375 0.6525134453125 0.3961780890625 0.6446518390625 0.4031379734375 0.6555601937500001 0.41876978437499995 0.6466308890625 0.43412612343749996 0.6491335765625 0.45268359374999995 0.6364163078125 0.4562652421875 0.6263784953125 0.4470882125 0.5992234140624999 0.45780695937499993 0.6082921375 0.46795475781249996 0.624154725 0.4795391265625 0.614681415625 0.49086135468750003 0.6096285171875 0.5023342390625001 0.6238691703125 0.5100484984375 0.61569138125 0.5228202718749999 0.600937340625 0.5357692625 0.6167999281250001 0.54735363125 0.6284290734375 0.5357035296875 0.6472975421875 0.5369497843750001 0.6421460734375 0.555848346875 0.62403926875 0.5602499890625 0.6278272765625 0.5720246703124999 0.635620890625 0.5971877078125 0.6508306171875 0.603931078125 0.6544112156249999 0.6223245484375 0.6557169593750001 0.63200666875 0.668998715625 0.6489241546875 0.6665266859375001 0.655064040625 0.6884215203125 0.6624370796875001 0.7016930140625 0.67112205625 0.6819846890625 0.688118434375 0.7096838328125 0.6814339140625 0.7031178312499999 0.68984351875 0.71056455 0.6961211546875 0.7321226875 0.6928411859375 0.7336460609375 0.704137034375 0.71683483125 0.7099883359375 0.7121083484375 0.723881909375 0.722146171875 0.733058875 0.7267944890625 0.743055890625 0.7506069859375 0.7320223125 0.7683771375 0.7169676562499999 0.7836956640625 0.7245178 0.8007450031250001 0.7367450578125 0.82438076875 0.7570276234375 0.8514679125000001 0.7784318515625 0.8767154796875001 0.7943521828125 0.9043160265625 0.79509328125 0.9260917859374999 0.7934269796875 0.940757446875 0.7961361218749999 0.9540085390625 0.7883561890624999 0.9666476562499999 0.8086650640624999 0.95621544375 0.8291904546875 0.95008465 0.8408274609374999 0.960350315625 0.8598506046875001 0.9876244218749999 0.8581711437500001 0.9903038390625 0.8454124734375 1 0.8396240468750001 1 0.36875